data/studyarea/bio18.asc
NCOLS 462 
NROWS 586 
XLLCORNER -113 
YLLCORNER -53.1666666666667 
CELLSIZE 0.166666666666667 
NODATA_value -9999 
[rows 108 to 143 of 586, columns 0 to 81 of 462]
49 39 35 52 101 113 112 109 79 74 -9999 -9999 -9999 -9999 -9999 -9999 -9999 -9999 -9999 -9999 -9999 -9999 246 267 283 314 386 476 522 551 590 573 645 621 647 577 539 485 465 431 392 391 369 315 299 292 272 246 227 208 182 156 144 139 134 130 133 122 134 109 121 91 92 110 126 111 102 142 151 120 117 118 125 138 152 162 187 244 255 247 221 190
-9999 28 25 34 57 81 115 135 112 94 -9999 -9999 -9999 -9999 -9999 -9999 -9999 -9999 -9999 -9999 -9999 -9999 237 239 298 280 405 497 522 583 586 326 615 611 618 605 558 511 472 428 394 375 350 312 183 302 286 248 223 213 184 154 140 135 130 124 125 114 126 106 138 87 97 125 140 140 120 112 124 119 123 107 112 119 129 155 181 235 258 273 253 205
-9999 -9999 -9999 -9999 35 55 107 146 168 113 79 86 -9999 -9999 -9999 -9999 -9999 -9999 -9999 -9999 -9999 230 241 256 282 271 401 467 507 563 582 592 352 590 361 596 580 522 469 429 411 382 329 317 178 198 201 277 237 220 194 170 152 141 130 121 112 104 101 95 97 101 100 113 114 138 149 131 159 133 106 98 100 103 117 143 203 222 239 243 225 200
-9999 -9999 -9999 -9999 27 32 67 130 182 144 93 96 -9999 -9999 -9999 -9999 -9999 -9999 -9999 -9999 -9999 224 237 231 232 212 290 337 401 476 553 595 609 358 349 561 579 530 476 447 420 396 326 334 318 183 205 191 284 244 213 185 167 155 140 125 109 100 96 90 86 87 94 98 98 114 123 149 180 151 121 94 82 81 107 148 208 238 243 234 211 191
-9999 -9999 -9999 -9999 -9999 24 46 95 159 182 114 67 -9999 97 -9999 -9999 -9999 -9999 -9999 -9999 -9999 212 213 208 212 247 218 268 306 393 523 584 598 561 351 533 548 529 482 446 418 395 339 329 362 322 171 264 290 286 247 124 108 106 161 147 108 95 96 86 79 80 87 96 102 104 114 130 152 151 137 105 93 94 110 159 208 241 250 235 211 199
-9999 -9999 -9999 -9999 -9999 27 41 71 116 157 160 115 -9999 98 -9999 -9999 -9999 -9999 -9999 -9999 -9999 197 198 195 201 218 274 245 268 289 433 538 605 548 534 551 603 334 315 484 450 388 406 367 391 284 253 242 238 279 230 123 109 117 120 139 117 103 96 82 72 91 95 116 128 129 137 144 151 143 154 128 104 158 195 192 268 287 247 230 224 217
-9999 -9999 -9999 -9999 -9999 32 44 66 93 133 174 167 119 -9999 -9999 -9999 -9999 -9999 -9999 -9999 -9999 -9999 -9999 189 208 231 279 338 380 437 415 522 586 596 594 563 569 358 343 334 496 448 377 327 429 312 237 244 239 233 214 123 106 107 111 99 137 122 102 77 65 77 106 132 150 153 200 187 182 176 191 166 157 191 189 194 292 352 287 253 242 236
-9999 -9999 -9999 -9999 -9999 32 45 71 90 123 160 173 127 131 -9999 -9999 -9999 -9999 -9999 -9999 -9999 -9999 -9999 -9999 -9999 -9999 301 343 394 448 402 453 533 578 608 600 372 381 395 381 360 504 456 382 364 351 338 321 272 247 211 137 120 172 106 104 144 100 132 106 103 109 112 122 142 189 215 227 224 228 222 175 164 182 182 212 223 321 314 276 260 248
-9999 -9999 -9999 -9999 25 30 40 63 87 110 131 163 168 149 151 -9999 -9999 -9999 -9999 -9999 -9999 -9999 -9999 -9999 -9999 -9999 -9999 -9999 400 446 359 369 445 516 579 613 642 411 443 423 422 562 503 496 498 365 388 315 287 257 154 145 139 134 125 120 115 102 151 134 123 144 139 163 161 189 198 222 226 215 201 181 177 172 178 193 208 255 287 297 272 249
-9999 -9999 -9999 -9999 23 27 36 47 70 98 114 149 176 178 151 -9999 -9999 -9999 -9999 -9999 -9999 -9999 -9999 -9999 -9999 -9999 -9999 -9999 420 447 377 362 336 412 503 569 632 421 465 431 402 374 547 534 532 441 426 290 259 269 180 172 160 144 137 134 125 108 155 155 136 149 162 179 195 193 207 226 232 224 210 189 183 171 158 145 208 210 256 308 279 247
-9999 -9999 -9999 -9999 21 24 28 30 47 77 101 134 155 163 121 -9999 -9999 -9999 -9999 -9999 -9999 -9999 -9999 -9999 -9999 -9999 -9999 -9999 -9999 450 488 345 282 346 414 480 567 622 420 410 426 368 588 560 534 486 423 380 300 203 203 194 172 156 144 134 129 122 103 160 145 153 167 175 204 209 194 217 205 215 200 186 169 172 144 135 146 177 244 296 305 263
-9999 -9999 -9999 -9999 20 20 21 22 29 53 83 110 138 125 -9999 144 144 -9999 -9999 -9999 -9999 -9999 -9999 -9999 -9999 -9999 -9999 -9999 -9999 432 328 283 251 269 314 389 472 535 408 417 400 376 551 549 532 484 410 419 348 214 207 192 181 165 157 141 138 132 125 118 119 159 177 168 176 191 182 205 184 186 187 174 162 148 135 119 133 192 248 281 346 286
-9999 -9999 -9999 -9999 -9999 -9999 24 21 18 32 56 82 113 121 82 128 129 -9999 169 -9999 -9999 -9999 -9999 -9999 -9999 -9999 -9999 -9999 -9999 -9999 -9999 249 231 234 258 324 427 571 410 435 435 659 637 582 540 491 424 402 381 211 210 203 184 173 170 158 151 147 146 142 130 178 182 168 153 173 183 183 175 169 164 155 151 145 122 118 139 190 239 284 334 289
-9999 -9999 -9999 -9999 -9999 -9999 -9999 16 -9999 28 39 53 82 123 95 96 140 178 241 166 -9999 -9999 -9999 -9999 -9999 -9999 -9999 -9999 -9999 -9999 -9999 -9999 221 223 240 288 454 513 374 430 408 622 584 532 521 494 447 396 385 199 210 213 197 194 184 170 163 158 155 152 140 191 182 174 168 170 190 178 152 149 141 136 139 138 128 124 135 177 233 262 348 328
-9999 -9999 -9999 -9999 -9999 -9999 -9999 -9999 -9999 -9999 -9999 36 46 85 118 131 197 278 138 160 -9999 -9999 -9999 -9999 -9999 -9999 -9999 -9999 -9999 -9999 -9999 -9999 -9999 -9999 234 253 301 418 556 372 395 372 352 593 533 479 462 423 381 196 236 224 196 201 192 184 169 163 160 154 146 149 189 183 179 180 187 176 145 130 125 124 130 128 134 137 148 179 231 267 322 323
-9999 -9999 -9999 -9999 -9999 -9999 -9999 -9999 -9999 -9999 -9999 -9999 26 49 102 173 247 274 169 163 -9999 -9999 -9999 -9999 -9999 -9999 -9999 -9999 -9999 -9999 -9999 -9999 -9999 -9999 -9999 242 263 344 435 514 358 403 388 369 537 497 453 443 397 217 217 219 190 189 198 188 184 175 163 149 201 144 142 172 175 178 176 175 136 111 125 122 126 147 160 164 167 188 237 282 321 336
-9999 -9999 -9999 -9999 -9999 -9999 -9999 -9999 -9999 -9999 -9999 -9999 -9999 49 75 132 218 309 304 207 -9999 -9999 -9999 -9999 -9999 -9999 -9999 -9999 -9999 -9999 -9999 -9999 -9999 -9999 -9999 -9999 289 338 413 490 370 393 397 643 666 607 480 464 446 397 390 212 190 199 202 217 215 201 174 236 218 142 180 157 166 171 165 158 118 115 118 123 129 152 177 176 178 189 220 283 287 291
-9999 -9999 -9999 -9999 -9999 -9999 -9999 -9999 -9999 -9999 -9999 -9999 -9999 -9999 69 93 160 302 354 247 151 141 -9999 -9999 -9999 -9999 -9999 -9999 -9999 -9999 -9999 -9999 -9999 -9999 -9999 -9999 -9999 346 391 425 476 540 433 646 618 631 532 506 523 491 438 196 206 213 208 221 221 208 183 258 161 148 135 119 161 170 178 172 126 120 127 139 141 166 181 189 188 184 182 254 265 229
-9999 -9999 -9999 -9999 -9999 -9999 -9999 -9999 -9999 -9999 -9999 -9999 -9999 -9999 -9999 -9999 100 240 325 286 255 189 -9999 -9999 -9999 -9999 -9999 -9999 -9999 -9999 -9999 -9999 -9999 -9999 -9999 -9999 -9999 -9999 393 417 425 535 443 451 424 642 575 525 536 513 263 212 209 219 224 224 210 200 188 175 161 157 150 130 122 167 188 211 141 128 139 150 157 175 159 186 184 189 210 223 250 226
-9999 -9999 -9999 -9999 -9999 -9999 -9999 -9999 -9999 -9999 -9999 -9999 -9999 -9999 -9999 -9999 67 189 296 279 266 191 -9999 -9999 -9999 -9999 -9999 -9999 -9999 -9999 -9999 -9999 -9999 -9999 -9999 -9999 -9999 -9999 -9999 595 405 478 602 454 442 659 596 560 561 483 250 228 222 219 226 210 206 195 183 171 161 166 173 154 138 131 135 148 129 134 154 160 168 178 134 172 170 187 219 219 272 310
-9999 -9999 -9999 -9999 -9999 -9999 -9999 -9999 -9999 -9999 -9999 -9999 -9999 -9999 -9999 -9999 -9999 184 265 216 165 147 -9999 -9999 -9999 -9999 -9999 -9999 -9999 -9999 -9999 -9999 -9999 -9999 -9999 -9999 -9999 -9999 -9999 586 398 437 507 620 727 677 625 541 292 283 269 252 260 214 220 217 206 191 181 172 165 171 178 167 154 143 129 101 99 128 160 176 178 185 149 161 173 176 222 199 289 359
-9999 -9999 -9999 -9999 -9999 -9999 -9999 -9999 -9999 -9999 -9999 -9999 -9999 -9999 -9999 -9999 -9999 143 169 150 -9999 -9999 -9999 -9999 -9999 -9999 -9999 -9999 -9999 -9999 -9999 -9999 -9999 -9999 -9999 -9999 -9999 -9999 -9999 -9999 543 384 393 572 709 755 712 578 531 320 298 270 261 217 233 218 205 189 174 173 169 171 171 170 167 158 148 107 111 134 162 185 187 193 176 181 182 171 192 227 318 560
-9999 -9999 -9999 -9999 -9999 -9999 -9999 -9999 -9999 -9999 -9999 -9999 -9999 -9999 -9999 -9999 -9999 -9999 -9999 -9999 -9999 -9999 -9999 -9999 -9999 -9999 -9999 -9999 -9999 -9999 -9999 -9999 -9999 -9999 -9999 -9999 -9999 -9999 -9999 -9999 -9999 367 377 444 656 804 773 618 595 326 307 278 271 206 242 231 221 167 167 165 172 165 168 159 170 166 148 129 140 150 170 182 191 200 213 229 225 200 229 285 355 618
-9999 -9999 -9999 -9999 -9999 -9999 -9999 -9999 -9999 -9999 -9999 -9999 -9999 -9999 -9999 -9999 -9999 -9999 -9999 -9999 -9999 -9999 -9999 -9999 -9999 -9999 -9999 -9999 -9999 -9999 -9999 -9999 -9999 -9999 -9999 -9999 -9999 -9999 -9999 -9999 -9999 -9999 -9999 475 596 776 847 659 633 345 335 308 281 206 251 265 236 160 170 168 176 178 184 172 179 171 148 136 145 154 109 179 182 137 157 176 178 221 241 278 346 633
-9999 -9999 -9999 -9999 -9999 -9999 -9999 -9999 -9999 -9999 -9999 -9999 -9999 -9999 -9999 -9999 -9999 -9999 -9999 -9999 -9999 -9999 -9999 -9999 -9999 -9999 -9999 -9999 -9999 -9999 -9999 -9999 -9999 -9999 -9999 -9999 -9999 -9999 -9999 -9999 -9999 -9999 -9999 503 556 696 812 780 660 360 350 331 290 249 266 246 219 198 194 216 235 212 221 202 180 182 177 166 113 109 103 107 115 122 146 175 183 161 216 246 302 596
-9999 -9999 -9999 -9999 -9999 -9999 -9999 -9999 -9999 -9999 -9999 -9999 -9999 -9999 -9999 -9999 -9999 -9999 -9999 -9999 -9999 -9999 -9999 -9999 -9999 -9999 -9999 -9999 -9999 -9999 -9999 -9999 -9999 -9999 -9999 -9999 -9999 -9999 -9999 -9999 -9999 -9999 -9999 -9999 576 679 823 798 701 372 360 333 313 286 243 270 246 263 244 241 246 244 254 215 186 191 195 194 200 116 109 111 116 126 158 175 165 143 186 200 287 496
-9999 -9999 -9999 -9999 -9999 -9999 -9999 -9999 -9999 -9999 -9999 -9999 -9999 -9999 -9999 -9999 -9999 -9999 -9999 -9999 -9999 -9999 -9999 -9999 -9999 -9999 -9999 -9999 -9999 -9999 -9999 -9999 -9999 -9999 -9999 -9999 -9999 -9999 -9999 -9999 -9999 -9999 -9999 -9999 625 708 875 1017 833 392 364 341 324 320 246 286 313 312 285 249 247 264 275 232 197 197 201 203 193 117 120 128 125 128 153 164 169 146 171 197 318 426
-9999 -9999 -9999 -9999 -9999 -9999 -9999 -9999 -9999 -9999 -9999 -9999 -9999 -9999 -9999 -9999 -9999 -9999 -9999 -9999 -9999 -9999 -9999 -9999 -9999 -9999 -9999 -9999 -9999 -9999 -9999 -9999 -9999 -9999 -9999 -9999 -9999 -9999 -9999 -9999 -9999 -9999 742 -9999 703 778 871 1059 895 688 390 354 339 333 285 317 318 300 292 261 264 275 295 244 213 208 216 212 211 129 125 130 125 132 154 173 195 170 201 224 255 419
-9999 -9999 -9999 -9999 -9999 -9999 -9999 -9999 -9999 -9999 -9999 -9999 -9999 -9999 -9999 -9999 -9999 -9999 -9999 -9999 -9999 -9999 -9999 -9999 -9999 -9999 -9999 -9999 -9999 -9999 -9999 -9999 -9999 -9999 -9999 -9999 -9999 385 403 -9999 -9999 -9999 -9999 -9999 835 1013 992 943 914 708 418 378 354 357 302 319 264 278 308 286 292 302 300 240 228 235 227 232 220 201 138 127 194 181 194 172 196 292 245 229 265 386
-9999 -9999 -9999 -9999 -9999 -9999 -9999 -9999 -9999 -9999 -9999 -9999 -9999 -9999 -9999 -9999 -9999 -9999 -9999 -9999 -9999 -9999 -9999 -9999 -9999 -9999 -9999 -9999 -9999 -9999 -9999 -9999 -9999 -9999 -9999 -9999 -9999 -9999 465 -9999 -9999 -9999 -9999 -9999 -9999 1495 1321 877 827 734 471 420 366 367 342 332 252 337 300 331 311 311 277 257 253 256 256 254 241 216 206 210 143 189 197 225 244 190 273 175 285 403
-9999 -9999 -9999 -9999 -9999 -9999 -9999 -9999 -9999 -9999 -9999 -9999 -9999 -9999 -9999 -9999 -9999 -9999 -9999 -9999 -9999 -9999 -9999 -9999 -9999 -9999 -9999 -9999 -9999 -9999 -9999 -9999 -9999 -9999 -9999 -9999 -9999 -9999 -9999 523 -9999 -9999 -9999 -9999 -9999 -9999 1196 884 804 747 503 479 383 358 159 319 337 343 303 347 320 297 285 293 308 288 267 164 173 172 152 148 203 193 208 234 233 186 268 198 308 403
-9999 -9999 -9999 -9999 -9999 -9999 -9999 -9999 -9999 -9999 -9999 -9999 -9999 -9999 -9999 -9999 -9999 -9999 -9999 -9999 -9999 -9999 -9999 -9999 -9999 -9999 -9999 -9999 -9999 -9999 -9999 -9999 -9999 -9999 -9999 -9999 -9999 -9999 -9999 -9999 615 -9999 -9999 -9999 -9999 -9999 1123 893 740 703 437 438 423 395 377 394 418 401 383 355 338 314 307 320 323 303 287 177 197 192 184 156 217 199 194 160 162 184 189 213 217 387
-9999 -9999 -9999 -9999 -9999 -9999 -9999 -9999 -9999 -9999 -9999 -9999 -9999 -9999 -9999 -9999 -9999 -9999 -9999 -9999 -9999 -9999 -9999 -9999 -9999 -9999 -9999 -9999 -9999 -9999 -9999 -9999 -9999 -9999 -9999 -9999 -9999 -9999 -9999 -9999 -9999 -9999 -9999 -9999 -9999 -9999 1019 767 654 620 429 404 412 177 182 435 422 189 408 378 370 353 344 340 333 321 156 161 169 188 209 185 253 216 202 147 162 168 160 183 213 213
-9999 -9999 -9999 -9999 -9999 -9999 -9999 -9999 -9999 -9999 -9999 -9999 -9999 -9999 -9999 -9999 -9999 -9999 -9999 -9999 -9999 -9999 -9999 -9999 -9999 -9999 -9999 -9999 -9999 -9999 -9999 -9999 -9999 -9999 -9999 -9999 -9999 -9999 -9999 -9999 -9999 -9999 -9999 -9999 -9999 922 924 775 658 625 418 395 379 407 203 206 459 449 411 399 397 395 388 180 182 178 170 169 168 161 177 186 176 158 155 169 193 182 151 164 230 177
-9999 -9999 -9999 -9999 -9999 -9999 -9999 -9999 -9999 -9999 -9999 -9999 -9999 -9999 -9999 -9999 -9999 -9999 -9999 -9999 -9999 -9999 -9999 -9999 -9999 -9999 -9999 -9999 -9999 -9999 -9999 -9999 -9999 -9999 -9999 -9999 -9999 -9999 -9999 -9999 -9999 -9999 -9999 -9999 853 904 869 750 731 502 437 402 370 444 470 488 477 460 436 413 413 433 418 211 222 207 185 176 171 164 171 181 183 180 176 159 161 167 165 191 190 178
-9999 -9999 -9999 -9999 -9999 -9999 -9999 -9999 -9999 -9999 -9999 -9999 -9999 -9999 -9999 -9999 -9999 -9999 -9999 -9999 -9999 -9999 -9999 -9999 -9999 -9999 -9999 -9999 -9999 -9999 -9999 -9999 -9999 -9999 -9999 -9999 -9999 -9999 -9999 -9999 -9999 -9999 -9999 -9999 -9999 904 831 791 755 509 489 436 426 441 459 462 443 440 210 423 390 429 431 220 226 214 197 191 168 156 161 177 172 173 176 173 181 174 165 167 157 157
