data/studyarea/bio15.asc
NCOLS 462 
NROWS 586 
XLLCORNER -113 
YLLCORNER -53.1666666666667 
CELLSIZE 0.166666666666667 
NODATA_value -9999 
[rows 190 to 227 of 586, columns 252 to 335 of 462]
-9999 -9999 -9999 -9999 -9999 -9999 -9999 -9999 -9999 -9999 -9999 -9999 -9999 -9999 -9999 -9999 -9999 -9999 -9999 -9999 -9999 -9999 -9999 -9999 -9999 -9999 -9999 -9999 -9999 -9999 -9999 -9999 -9999 -9999 -9999 -9999 -9999 -9999 -9999 -9999 -9999 -9999 -9999 -9999 -9999 -9999 -9999 -9999 -9999 -9999 -9999 -9999 -9999 -9999 -9999 -9999 -9999 41 41 -9999 -9999 -9999 -9999 -9999 -9999 -9999 -9999 -9999 -9999 -9999 -9999 -9999 -9999 -9999 -9999 -9999 -9999 -9999 -9999 -9999 -9999 -9999 -9999 -9999
-9999 -9999 -9999 -9999 -9999 67 64 -9999 -9999 -9999 -9999 -9999 -9999 -9999 -9999 -9999 -9999 -9999 -9999 -9999 -9999 -9999 -9999 -9999 -9999 -9999 -9999 -9999 -9999 -9999 -9999 -9999 -9999 -9999 -9999 -9999 -9999 -9999 -9999 -9999 -9999 -9999 -9999 -9999 -9999 -9999 -9999 -9999 -9999 -9999 -9999 -9999 -9999 -9999 -9999 -9999 -9999 41 -9999 -9999 -9999 -9999 -9999 -9999 -9999 -9999 -9999 -9999 -9999 -9999 -9999 -9999 -9999 -9999 -9999 -9999 -9999 -9999 -9999 -9999 -9999 -9999 -9999 -9999
-9999 -9999 -9999 -9999 -9999 63 62 -9999 -9999 -9999 -9999 60 -9999 -9999 -9999 -9999 -9999 -9999 -9999 -9999 -9999 -9999 -9999 -9999 -9999 -9999 -9999 -9999 -9999 -9999 -9999 -9999 -9999 -9999 -9999 -9999 -9999 -9999 -9999 -9999 -9999 -9999 -9999 -9999 -9999 -9999 -9999 -9999 -9999 -9999 -9999 -9999 -9999 -9999 -9999 -9999 41 41 -9999 -9999 -9999 -9999 -9999 -9999 -9999 -9999 -9999 -9999 -9999 -9999 -9999 -9999 -9999 -9999 -9999 -9999 -9999 -9999 -9999 -9999 -9999 -9999 -9999 -9999
-9999 -9999 -9999 -9999 -9999 71 71 -9999 -9999 -9999 -9999 66 64 -9999 -9999 68 68 -9999 -9999 -9999 -9999 -9999 -9999 -9999 -9999 -9999 -9999 -9999 -9999 -9999 -9999 -9999 -9999 -9999 -9999 -9999 -9999 -9999 -9999 -9999 -9999 -9999 -9999 -9999 -9999 -9999 -9999 -9999 -9999 -9999 -9999 -9999 -9999 -9999 -9999 41 41 -9999 -9999 -9999 -9999 -9999 -9999 -9999 -9999 -9999 -9999 -9999 -9999 -9999 -9999 -9999 -9999 -9999 -9999 -9999 -9999 -9999 -9999 -9999 -9999 -9999 -9999 -9999
-9999 -9999 -9999 -9999 79 75 74 72 -9999 -9999 -9999 67 62 62 -9999 -9999 70 -9999 -9999 -9999 -9999 -9999 -9999 -9999 -9999 -9999 -9999 -9999 -9999 -9999 -9999 -9999 -9999 -9999 -9999 -9999 -9999 -9999 -9999 -9999 -9999 -9999 -9999 -9999 -9999 -9999 -9999 -9999 -9999 -9999 -9999 -9999 -9999 -9999 -9999 41 41 -9999 -9999 -9999 -9999 -9999 -9999 -9999 -9999 -9999 -9999 -9999 -9999 -9999 -9999 -9999 -9999 -9999 -9999 -9999 -9999 -9999 -9999 -9999 -9999 -9999 -9999 -9999
-9999 -9999 -9999 -9999 79 79 75 73 -9999 -9999 -9999 -9999 -9999 -9999 63 -9999 -9999 -9999 -9999 73 73 -9999 -9999 -9999 71 68 67 -9999 -9999 62 -9999 -9999 -9999 -9999 -9999 -9999 -9999 -9999 55 -9999 -9999 -9999 -9999 -9999 -9999 -9999 -9999 -9999 -9999 -9999 -9999 -9999 -9999 -9999 -9999 44 -9999 -9999 -9999 -9999 -9999 -9999 -9999 -9999 -9999 -9999 -9999 -9999 -9999 -9999 -9999 -9999 -9999 -9999 -9999 -9999 -9999 -9999 -9999 -9999 -9999 -9999 -9999 -9999
-9999 -9999 -9999 -9999 82 80 75 70 -9999 -9999 -9999 -9999 -9999 -9999 -9999 -9999 -9999 -9999 -9999 -9999 -9999 -9999 -9999 -9999 67 68 67 -9999 60 62 -9999 -9999 -9999 -9999 -9999 -9999 -9999 -9999 55 55 -9999 -9999 -9999 -9999 -9999 -9999 -9999 -9999 -9999 -9999 -9999 -9999 -9999 -9999 -9999 -9999 -9999 -9999 -9999 -9999 -9999 -9999 -9999 -9999 -9999 -9999 -9999 -9999 -9999 -9999 -9999 -9999 -9999 -9999 -9999 -9999 -9999 -9999 -9999 -9999 -9999 -9999 -9999 -9999
-9999 -9999 -9999 -9999 86 81 74 66 54 49 51 -9999 -9999 -9999 -9999 -9999 -9999 -9999 -9999 -9999 -9999 -9999 -9999 -9999 -9999 -9999 -9999 -9999 -9999 -9999 -9999 -9999 -9999 -9999 -9999 -9999 -9999 -9999 -9999 -9999 -9999 -9999 -9999 -9999 -9999 -9999 -9999 -9999 -9999 -9999 -9999 -9999 -9999 -9999 -9999 -9999 -9999 -9999 -9999 -9999 -9999 -9999 -9999 -9999 -9999 -9999 -9999 -9999 -9999 -9999 -9999 -9999 -9999 -9999 -9999 -9999 -9999 -9999 -9999 -9999 -9999 -9999 -9999 -9999
-9999 -9999 -9999 -9999 92 83 75 63 51 44 41 40 47 52 56 -9999 -9999 -9999 -9999 -9999 -9999 -9999 -9999 -9999 -9999 -9999 -9999 -9999 -9999 -9999 -9999 -9999 -9999 -9999 -9999 -9999 -9999 -9999 -9999 -9999 -9999 -9999 -9999 -9999 -9999 -9999 -9999 43 -9999 -9999 -9999 -9999 -9999 -9999 -9999 -9999 -9999 -9999 -9999 -9999 -9999 -9999 40 -9999 -9999 -9999 -9999 -9999 -9999 -9999 -9999 -9999 -9999 -9999 -9999 -9999 -9999 -9999 -9999 -9999 -9999 -9999 -9999 -9999
79 81 87 94 91 79 61 48 41 35 37 39 47 54 55 61 -9999 -9999 -9999 -9999 -9999 -9999 -9999 -9999 -9999 -9999 -9999 -9999 -9999 -9999 -9999 -9999 -9999 -9999 -9999 -9999 -9999 -9999 -9999 -9999 -9999 -9999 60 61 -9999 -9999 -9999 -9999 -9999 -9999 -9999 -9999 -9999 -9999 -9999 -9999 -9999 -9999 -9999 -9999 50 43 39 39 -9999 -9999 -9999 -9999 -9999 -9999 -9999 -9999 -9999 -9999 -9999 -9999 -9999 -9999 -9999 -9999 -9999 -9999 -9999 -9999
73 75 80 86 81 69 56 45 38 36 39 42 47 50 50 62 68 -9999 -9999 -9999 -9999 -9999 -9999 -9999 -9999 -9999 -9999 -9999 -9999 -9999 -9999 -9999 -9999 -9999 -9999 -9999 -9999 -9999 -9999 68 58 54 56 60 -9999 -9999 -9999 -9999 -9999 -9999 -9999 -9999 -9999 -9999 -9999 -9999 -9999 -9999 -9999 -9999 51 48 -9999 -9999 -9999 -9999 -9999 -9999 -9999 -9999 -9999 -9999 -9999 -9999 -9999 -9999 -9999 -9999 -9999 -9999 -9999 -9999 -9999 -9999
65 68 73 73 72 69 59 50 44 42 44 47 44 43 42 54 62 -9999 -9999 -9999 -9999 -9999 -9999 -9999 -9999 -9999 -9999 -9999 -9999 -9999 -9999 -9999 -9999 59 58 -9999 -9999 -9999 -9999 70 56 54 55 61 -9999 -9999 -9999 -9999 -9999 -9999 -9999 -9999 -9999 -9999 -9999 -9999 -9999 -9999 -9999 40 42 -9999 -9999 -9999 -9999 -9999 -9999 -9999 -9999 -9999 -9999 -9999 -9999 -9999 -9999 -9999 -9999 -9999 -9999 -9999 -9999 -9999 -9999 -9999
58 64 68 71 72 69 60 51 48 48 49 46 43 40 39 44 53 -9999 -9999 -9999 -9999 -9999 -9999 -9999 -9999 -9999 -9999 -9999 -9999 -9999 -9999 -9999 -9999 -9999 -9999 -9999 -9999 -9999 -9999 -9999 58 56 54 52 -9999 51 50 50 49 44 43 43 47 46 47 51 49 46 41 40 40 -9999 -9999 -9999 -9999 -9999 -9999 -9999 -9999 -9999 -9999 -9999 -9999 -9999 -9999 -9999 -9999 -9999 -9999 -9999 -9999 -9999 -9999 -9999
55 61 67 70 69 66 65 56 50 52 54 49 44 41 38 36 37 -9999 -9999 50 46 42 38 37 40 41 37 36 45 53 -9999 -9999 -9999 -9999 -9999 -9999 -9999 -9999 -9999 -9999 66 59 52 52 55 51 51 54 54 50 51 50 49 49 49 -9999 53 56 48 41 -9999 -9999 -9999 -9999 -9999 -9999 -9999 -9999 -9999 -9999 -9999 -9999 -9999 -9999 -9999 -9999 -9999 -9999 -9999 -9999 -9999 -9999 -9999 -9999
53 59 62 63 65 64 61 56 50 52 54 52 48 46 44 41 42 41 47 53 45 42 43 51 59 56 54 47 44 48 48 -9999 -9999 -9999 -9999 -9999 -9999 -9999 77 76 70 63 54 53 51 53 54 56 55 54 54 -9999 -9999 -9999 -9999 -9999 57 53 44 42 43 -9999 -9999 -9999 -9999 -9999 -9999 -9999 -9999 -9999 -9999 -9999 -9999 -9999 -9999 -9999 -9999 -9999 -9999 -9999 -9999 -9999 -9999 -9999
51 54 57 60 66 68 62 57 52 50 57 56 59 56 54 58 60 64 71 74 71 59 63 68 66 71 60 48 44 44 46 53 59 -9999 -9999 -9999 -9999 80 77 73 67 61 55 48 44 43 49 52 52 53 52 51 -9999 -9999 -9999 43 46 47 40 41 42 -9999 -9999 -9999 -9999 -9999 -9999 -9999 -9999 -9999 -9999 -9999 -9999 -9999 -9999 -9999 -9999 -9999 -9999 -9999 -9999 -9999 -9999 -9999
50 50 52 52 59 55 56 58 53 51 62 71 70 65 64 66 68 71 72 70 71 68 72 74 71 69 58 52 47 50 51 53 56 61 69 75 78 81 78 71 63 52 48 51 49 45 50 50 51 52 51 50 46 44 39 40 43 44 42 41 -9999 -9999 -9999 -9999 -9999 -9999 -9999 -9999 -9999 -9999 -9999 -9999 -9999 -9999 -9999 -9999 -9999 -9999 -9999 -9999 -9999 -9999 -9999 -9999
48 46 49 48 49 49 46 50 49 57 64 72 73 69 68 68 69 69 67 66 67 72 76 78 76 73 69 68 68 69 68 67 68 72 76 79 80 78 73 70 67 63 59 62 61 58 54 52 52 52 50 49 46 42 40 -9999 40 -9999 -9999 -9999 -9999 -9999 -9999 -9999 -9999 -9999 -9999 -9999 -9999 -9999 -9999 -9999 -9999 -9999 -9999 -9999 -9999 -9999 -9999 -9999 -9999 -9999 -9999 -9999
46 43 43 43 43 40 39 43 50 59 66 72 73 72 71 71 72 72 72 73 77 80 80 81 81 81 82 85 81 77 76 76 76 78 79 79 77 76 73 71 70 68 66 67 65 61 56 55 54 52 50 48 45 42 40 40 41 41 42 -9999 -9999 -9999 -9999 -9999 -9999 -9999 -9999 -9999 -9999 -9999 -9999 -9999 -9999 -9999 -9999 -9999 -9999 -9999 -9999 -9999 -9999 -9999 -9999 -9999
41 41 40 39 39 41 44 50 57 65 69 71 73 73 74 75 76 75 76 79 82 82 81 82 86 86 86 87 85 80 80 81 80 79 78 78 76 74 74 75 73 70 69 69 68 63 59 56 54 51 49 47 44 42 41 41 41 42 42 42 42 -9999 -9999 -9999 -9999 -9999 -9999 -9999 -9999 -9999 -9999 -9999 -9999 -9999 -9999 -9999 -9999 -9999 -9999 -9999 -9999 -9999 -9999 -9999
34 33 35 37 42 51 56 60 66 71 72 74 74 74 74 75 76 77 77 79 81 80 80 81 85 86 87 87 85 81 84 84 82 79 76 77 76 74 76 78 74 72 70 69 66 64 61 58 54 51 49 45 43 43 43 42 42 42 42 42 42 41 -9999 -9999 -9999 -9999 -9999 -9999 -9999 -9999 -9999 -9999 -9999 -9999 -9999 -9999 -9999 -9999 -9999 -9999 -9999 -9999 -9999 -9999
28 38 39 46 55 59 63 66 71 73 74 74 73 74 75 76 77 78 78 80 80 79 79 80 82 84 86 88 89 86 87 87 85 80 77 77 77 76 78 77 75 74 72 69 67 64 62 59 56 52 50 47 46 45 45 43 42 42 42 42 41 40 -9999 -9999 -9999 -9999 -9999 -9999 -9999 -9999 -9999 -9999 -9999 -9999 -9999 -9999 -9999 -9999 -9999 -9999 -9999 -9999 -9999 -9999
43 50 52 56 60 62 65 68 73 75 75 73 73 75 76 77 78 78 80 81 82 83 80 81 81 82 84 87 87 88 88 88 86 82 79 77 76 76 77 77 77 76 73 71 68 66 64 60 56 52 52 52 50 47 46 43 42 41 41 41 40 40 -9999 -9999 -9999 -9999 -9999 -9999 -9999 -9999 -9999 -9999 -9999 -9999 -9999 -9999 -9999 -9999 -9999 -9999 -9999 -9999 -9999 -9999
53 57 58 60 60 65 70 73 76 77 76 75 75 76 78 79 79 80 80 81 82 83 81 82 81 82 84 85 85 87 87 87 86 81 76 74 74 75 76 77 76 76 74 72 70 68 66 63 58 52 54 56 53 47 44 42 41 40 39 39 39 38 38 -9999 -9999 -9999 -9999 -9999 -9999 -9999 -9999 -9999 -9999 -9999 -9999 -9999 -9999 -9999 -9999 -9999 -9999 -9999 -9999 -9999
58 61 57 58 64 70 74 77 79 79 78 77 77 77 78 79 80 80 81 81 83 83 82 82 82 83 84 84 84 85 86 85 83 79 75 74 73 74 76 77 76 75 74 72 71 69 68 66 63 59 61 59 54 47 43 41 40 39 38 37 37 37 37 -9999 -9999 -9999 -9999 -9999 -9999 -9999 -9999 -9999 -9999 -9999 -9999 -9999 -9999 -9999 -9999 -9999 -9999 -9999 -9999 -9999
58 56 57 62 69 73 77 79 80 79 78 78 78 79 79 79 80 81 81 82 83 83 83 83 83 83 83 83 82 82 83 83 81 79 76 75 74 75 77 77 76 75 74 72 71 71 69 68 67 64 65 62 54 47 43 40 38 37 36 35 35 36 36 36 37 37 37 -9999 -9999 -9999 -9999 -9999 -9999 -9999 -9999 -9999 -9999 -9999 -9999 -9999 -9999 -9999 -9999 -9999
56 58 61 65 70 73 79 81 80 80 78 78 78 79 80 80 81 81 82 82 83 83 83 83 83 84 84 83 82 82 82 82 81 79 78 77 76 76 78 79 77 75 75 73 72 71 69 69 67 65 65 60 54 50 45 40 38 36 35 35 34 35 36 36 36 37 37 37 37 -9999 -9999 -9999 -9999 -9999 -9999 -9999 -9999 -9999 -9999 -9999 -9999 -9999 -9999 -9999
60 60 64 67 70 74 78 81 80 78 77 77 78 79 81 81 82 83 83 83 84 83 84 84 84 85 86 87 87 85 84 83 81 80 79 77 76 75 76 79 78 76 75 73 72 70 68 68 68 66 62 57 55 52 50 43 40 36 35 34 35 35 35 35 36 36 37 37 37 37 -9999 -9999 -9999 -9999 -9999 -9999 -9999 -9999 -9999 -9999 -9999 -9999 -9999 -9999
60 61 65 68 70 73 76 78 77 76 76 77 78 79 81 82 83 84 84 85 85 86 85 85 86 87 88 89 89 87 85 83 81 80 79 77 76 74 76 80 80 77 75 72 70 68 66 64 64 63 60 55 55 54 51 43 38 35 35 35 35 35 35 35 36 36 36 36 36 37 37 38 -9999 -9999 -9999 -9999 -9999 -9999 -9999 -9999 -9999 -9999 -9999 -9999
61 63 66 68 70 72 73 74 74 74 75 76 78 80 81 83 85 85 85 87 88 88 86 87 87 88 88 90 89 88 85 83 81 79 78 77 76 76 77 80 79 77 73 72 69 66 64 61 60 59 58 55 55 55 51 44 40 37 36 35 35 35 35 35 35 35 35 36 36 36 37 38 39 -9999 -9999 -9999 -9999 -9999 -9999 -9999 -9999 -9999 -9999 -9999
63 65 68 69 70 71 72 72 72 73 73 75 78 80 82 84 86 87 88 91 91 89 88 88 88 89 90 90 90 88 86 82 80 78 76 76 76 77 77 77 77 76 72 70 68 65 62 60 58 57 57 56 56 56 50 44 44 42 37 36 35 35 35 34 34 35 35 35 35 36 37 38 39 40 -9999 -9999 -9999 -9999 -9999 -9999 -9999 -9999 -9999 -9999
65 68 69 70 70 71 72 72 72 73 74 75 77 79 81 83 86 88 91 93 91 90 89 89 89 89 90 90 91 89 86 82 78 76 75 75 75 75 75 76 75 74 71 70 68 66 63 61 59 58 58 58 57 54 49 45 45 42 39 37 36 35 34 34 34 34 34 35 35 36 37 38 40 41 42 -9999 -9999 -9999 -9999 -9999 -9999 -9999 -9999 -9999
67 69 70 71 71 71 72 73 74 75 76 76 77 79 81 84 86 88 91 91 91 91 90 90 90 90 90 90 90 89 86 82 78 76 73 72 73 73 73 74 74 73 72 71 69 69 68 66 61 59 58 58 57 52 47 44 43 41 39 37 36 35 34 33 33 33 33 34 35 36 37 39 40 42 42 42 -9999 -9999 -9999 -9999 -9999 -9999 -9999 -9999
68 70 72 71 72 73 73 75 75 76 77 77 78 79 81 85 87 88 89 91 91 92 91 91 91 89 89 89 89 88 87 85 80 76 73 71 71 71 71 72 73 73 73 73 73 73 70 68 63 62 59 57 56 52 49 43 41 39 37 36 35 34 33 33 33 33 33 34 34 36 37 39 40 42 43 43 -9999 -9999 -9999 -9999 -9999 -9999 -9999 -9999
67 70 71 72 72 73 74 75 76 76 76 76 77 78 81 84 86 87 88 89 89 91 91 91 90 89 88 87 87 87 85 84 81 77 73 71 69 70 69 71 73 74 75 75 76 76 74 70 66 64 61 58 54 50 46 43 40 38 37 35 34 33 32 32 32 32 33 33 34 35 37 38 40 42 43 43 -9999 -9999 -9999 -9999 -9999 -9999 -9999 -9999
66 69 70 71 73 73 74 74 74 75 76 76 79 80 81 83 84 85 86 87 88 89 90 91 88 87 85 84 84 85 84 83 80 76 73 71 68 68 69 71 73 74 75 76 78 79 77 73 69 67 62 58 52 49 45 43 40 38 36 35 33 33 32 31 31 32 32 33 34 35 36 38 40 41 42 43 42 41 -9999 -9999 -9999 -9999 -9999 -9999
66 68 69 71 72 72 73 73 73 74 75 75 79 81 80 81 82 83 84 85 86 86 87 86 85 83 83 82 81 82 82 80 78 75 73 70 69 68 68 70 72 74 75 76 78 79 77 74 72 70 66 59 52 48 45 42 40 38 36 34 33 32 31 31 31 31 32 33 33 35 36 37 39 40 41 42 41 41 43 -9999 -9999 -9999 -9999 -9999
65 67 68 69 70 71 71 72 72 73 73 75 76 77 78 79 80 81 82 83 84 83 83 82 81 80 80 80 79 80 80 79 76 74 73 70 69 68 68 70 71 73 74 76 77 77 76 75 77 72 68 62 52 47 45 42 39 37 36 36 36 35 31 31 31 31 32 32 33 34 35 36 37 38 39 39 37 39 43 46 -9999 -9999 -9999 -9999
