data/studyarea/bio10.asc
NCOLS 462 
NROWS 586 
XLLCORNER -113 
YLLCORNER -53.1666666666667 
CELLSIZE 0.166666666666667 
NODATA_value -9999 
[rows 216 to 251 of 586, columns 246 to 327 of 462]
253 236 209 184 148 121 177 250 277 279 280 281 282 284 286 287 287 287 287 287 287 287 287 288 288 288 288 287 285 283 282 281 280 278 280 276 276 276 277 279 281 280 277 279 279 282 280 279 280 280 279 278 277 276 273 274 273 268 259 256 259 266 264 267 270 269 269 268 268 268 268 268 268 268 269 -9999 -9999 -9999 -9999 -9999 -9999 -9999
152 159 151 147 155 176 234 275 281 282 281 282 283 285 287 287 287 287 287 287 287 288 288 288 288 288 287 285 284 283 283 282 282 282 283 280 279 280 280 282 283 282 279 282 282 284 283 282 283 284 283 283 280 276 275 274 271 258 246 245 244 254 254 265 269 270 270 269 269 268 268 268 267 268 269 269 -9999 -9999 -9999 -9999 -9999 -9999
125 175 161 187 208 233 267 278 281 282 282 283 284 285 286 287 287 287 287 287 288 288 288 288 288 287 286 285 284 283 283 283 284 284 283 283 282 283 283 284 283 283 282 283 285 287 288 286 287 285 284 282 276 275 274 268 257 255 245 248 254 258 262 269 270 269 268 268 269 267 265 267 267 268 269 269 270 271 -9999 -9999 -9999 -9999
152 201 207 227 255 265 276 279 280 281 283 283 284 285 286 286 286 287 288 287 287 288 288 288 288 287 286 285 284 284 284 285 284 285 284 285 285 286 286 286 286 286 285 286 288 286 286 286 285 282 280 277 275 276 272 264 258 256 259 261 259 259 259 265 269 266 266 266 266 264 265 266 268 269 270 270 271 272 273 -9999 -9999 -9999
221 240 253 262 269 273 276 278 280 281 282 283 284 285 286 286 286 286 287 287 288 288 288 288 288 288 287 286 286 285 285 285 285 286 286 287 287 286 284 286 286 288 287 288 289 285 283 282 282 279 279 275 274 271 267 264 263 262 263 261 263 263 253 253 265 265 265 265 266 266 266 266 269 269 270 271 272 272 274 275 -9999 -9999
258 264 266 268 271 273 275 277 279 281 282 283 284 284 285 285 286 286 287 287 288 289 289 289 289 289 288 287 287 286 286 286 286 286 287 287 285 285 284 284 286 287 288 286 284 279 280 280 278 276 277 273 269 268 267 265 264 265 266 265 265 265 258 261 265 266 265 265 266 267 268 268 269 269 270 270 272 273 274 276 276 -9999
260 263 265 267 269 272 275 277 279 280 281 283 284 284 285 285 285 286 287 288 288 289 290 290 290 290 290 289 288 287 286 286 286 282 284 285 284 279 273 282 285 285 285 284 283 281 278 280 279 278 276 270 264 263 266 267 266 266 266 266 266 268 268 268 267 267 266 264 264 266 263 266 269 269 270 269 271 271 273 275 277 278
255 260 263 265 269 272 275 277 278 280 281 282 283 284 285 285 286 287 287 288 289 289 290 291 291 291 291 290 289 288 287 286 286 284 282 280 284 285 278 261 281 284 283 275 281 277 273 275 272 272 270 266 266 266 268 266 265 266 266 265 261 269 270 270 269 268 267 265 263 265 266 267 267 268 268 268 269 270 273 275 276 277
255 260 262 265 268 271 274 276 278 279 280 282 283 284 284 285 286 287 288 289 290 290 291 291 291 292 292 291 290 288 287 286 285 269 273 275 276 281 276 276 284 284 284 274 280 274 270 268 268 268 268 266 268 269 270 266 265 265 267 266 268 269 270 269 270 270 268 266 266 266 266 265 265 266 266 264 266 270 271 272 274 276
253 260 262 266 269 272 274 276 278 280 281 282 283 284 284 285 286 287 288 289 290 291 292 292 292 292 293 292 291 289 282 286 281 254 262 277 279 282 280 277 283 282 282 282 278 269 267 265 268 267 266 265 267 268 270 265 265 266 269 269 270 269 270 270 269 269 269 268 268 267 267 266 266 267 267 266 268 269 269 271 273 274
232 259 263 266 269 272 274 276 278 279 281 282 283 284 285 285 286 287 288 289 290 291 292 292 293 293 293 293 291 290 287 284 274 249 238 273 277 275 265 249 274 278 279 282 277 267 267 266 266 267 265 266 267 268 267 264 260 264 270 271 270 270 271 270 270 270 267 264 268 266 267 266 267 267 268 267 269 269 268 270 272 272
200 258 266 268 270 273 275 277 278 280 281 282 283 284 285 286 286 287 288 290 291 292 293 293 294 294 294 294 293 291 285 280 274 251 244 266 272 270 253 238 257 276 280 281 272 266 267 266 266 266 265 266 266 266 262 263 258 258 269 272 269 271 270 269 266 256 243 241 262 262 263 264 266 266 266 267 267 269 268 268 270 269
226 261 269 270 272 274 276 277 279 280 281 282 283 284 285 286 286 288 289 290 291 292 293 294 294 295 295 295 294 289 279 262 276 261 260 271 271 269 266 247 236 263 279 278 270 267 266 264 263 264 264 264 263 264 261 254 250 253 261 264 267 270 270 267 267 257 242 239 260 267 266 266 266 265 266 266 267 266 268 269 269 267
255 266 271 273 274 275 276 278 279 281 281 282 283 284 285 286 286 288 289 290 292 293 294 295 295 296 297 296 292 290 276 265 264 266 267 271 268 262 260 254 229 239 276 278 269 265 263 262 263 262 259 260 259 263 263 249 242 245 238 254 267 269 269 267 259 246 230 233 242 253 268 267 267 267 265 267 265 265 269 269 269 267
258 271 273 274 275 276 277 278 280 281 282 283 284 285 285 286 287 288 290 291 292 293 294 295 296 297 297 296 290 288 276 259 236 258 263 265 263 253 255 236 214 247 272 265 264 263 263 261 259 260 257 252 257 261 262 246 245 246 245 248 250 232 260 259 252 237 228 231 233 243 258 268 268 264 264 265 267 266 269 267 269 268
267 274 275 276 277 277 278 279 280 281 282 283 284 285 285 286 287 289 290 292 292 294 295 295 295 296 296 296 287 281 276 258 244 230 260 221 231 248 252 225 216 238 255 263 262 261 262 261 260 238 225 239 255 259 259 243 199 214 253 229 225 223 205 200 201 221 224 232 243 238 235 242 269 266 266 267 268 268 268 267 271 270
274 276 276 277 278 278 279 280 281 282 282 284 284 284 285 287 289 290 291 292 294 294 295 295 296 296 295 286 274 263 254 241 227 244 239 207 228 271 246 225 197 226 252 262 262 261 261 260 251 221 230 239 256 260 251 232 210 230 240 216 216 200 198 201 210 232 237 234 245 243 235 225 249 265 269 269 268 266 268 268 272 271
278 278 278 278 279 279 280 280 281 282 283 283 284 285 286 287 288 289 291 292 293 294 294 295 295 295 293 289 283 265 256 261 257 243 270 277 277 251 238 231 183 238 256 261 262 261 260 246 255 258 257 251 258 260 255 246 235 236 227 218 219 211 203 206 217 221 234 239 239 245 235 227 234 260 268 269 269 269 269 270 271 271
280 280 279 279 279 280 280 280 281 281 282 283 284 284 285 287 288 290 292 292 293 293 294 295 294 294 290 285 275 274 266 256 255 248 274 282 281 266 263 209 193 224 255 260 261 260 258 251 255 256 258 259 260 260 257 257 252 220 205 171 216 217 208 206 214 204 215 244 241 244 233 227 228 245 255 263 270 271 272 272 272 272
280 280 280 279 279 280 281 280 281 281 282 283 284 285 286 287 289 290 290 291 293 293 293 294 294 292 289 286 282 272 243 254 272 280 276 281 280 274 269 252 217 220 253 257 260 258 257 257 257 255 252 259 259 260 258 258 251 248 174 165 217 217 213 218 215 211 201 202 222 230 213 216 226 240 247 250 260 267 272 272 271 272
281 280 280 280 280 280 281 280 281 281 281 282 283 284 285 287 287 289 289 291 291 292 292 292 292 291 289 251 248 240 250 244 271 283 283 281 280 277 273 267 230 236 254 255 252 248 257 253 252 255 256 254 253 258 257 257 256 250 237 213 227 225 216 218 216 218 206 196 205 221 201 212 223 235 245 243 249 267 263 271 271 272
281 281 280 280 280 280 280 279 280 280 282 283 284 285 285 286 286 287 289 290 290 291 291 291 291 290 289 258 260 228 212 219 258 280 282 281 279 277 272 266 253 236 239 251 224 209 253 250 241 239 254 257 256 256 256 251 253 247 240 230 229 229 226 225 223 218 208 208 212 226 211 216 226 234 241 235 256 272 270 271 273 274
281 281 280 280 279 279 279 279 280 281 281 282 283 283 283 285 286 287 287 288 289 289 289 289 289 289 289 287 285 249 212 210 258 273 282 280 279 274 268 264 263 249 244 249 192 201 233 253 228 235 251 247 255 254 256 248 248 253 246 236 228 225 226 222 212 223 218 221 227 228 232 238 232 233 233 235 261 271 274 275 274 272
282 280 280 278 278 277 277 279 279 280 280 280 281 282 283 284 284 285 286 287 286 287 287 288 288 288 287 287 286 251 221 241 275 280 281 280 278 259 237 239 247 255 245 237 218 194 192 230 250 239 239 239 241 256 254 255 243 242 243 231 233 230 228 220 215 220 222 220 222 235 240 246 247 249 244 259 273 274 275 275 275 271
280 279 278 278 278 278 278 279 279 279 280 281 282 282 282 283 284 284 285 284 284 285 286 287 287 286 286 284 271 250 264 278 282 281 281 278 276 240 212 213 215 228 230 236 222 217 220 240 250 246 214 235 238 253 253 252 243 238 250 244 240 237 236 229 237 238 246 243 251 250 251 246 251 256 251 259 273 275 276 267 276 276
279 279 278 278 278 278 278 279 280 281 280 280 279 280 280 280 281 282 281 282 284 284 284 284 284 285 285 284 284 279 283 283 282 281 279 277 269 255 232 227 212 209 201 203 225 230 230 239 241 248 225 233 233 238 251 251 249 246 248 249 248 244 243 251 257 261 263 261 265 263 257 255 255 264 251 251 255 267 276 272 277 277
280 280 280 279 279 279 279 279 279 279 278 278 278 279 278 279 280 280 281 282 282 282 282 282 282 283 284 284 284 284 285 283 282 278 278 276 262 258 247 230 218 204 204 199 220 229 232 232 243 248 235 226 238 244 249 244 241 246 245 247 243 254 262 267 267 269 271 271 273 273 267 268 261 259 267 261 263 278 277 277 278 277
281 281 280 280 280 279 279 279 279 278 278 278 278 279 279 279 280 280 280 281 281 281 281 280 280 281 282 283 284 284 283 281 280 278 267 261 259 251 251 222 226 220 217 204 213 227 234 233 235 245 239 239 236 248 238 247 256 259 251 257 260 262 268 271 271 271 272 273 274 275 273 269 270 277 276 274 278 280 278 279 278 279
282 281 281 281 280 279 278 278 278 279 278 278 279 278 279 279 279 279 279 280 280 279 279 279 279 279 281 282 282 282 282 278 279 278 271 255 265 253 225 207 244 231 224 219 227 210 225 239 244 244 252 254 253 224 208 224 257 262 259 262 266 257 266 273 272 273 274 274 275 277 277 278 280 281 281 281 281 280 280 280 278 280
283 282 282 280 279 280 279 279 279 279 278 278 279 279 278 278 277 277 277 277 277 277 278 277 278 278 279 280 280 280 280 279 279 274 274 270 272 224 214 215 257 258 224 228 222 216 239 241 247 245 242 252 257 253 232 233 252 262 263 261 266 269 271 272 273 273 274 276 276 277 279 281 282 283 283 282 281 279 280 279 279 278
283 282 281 280 279 278 279 279 279 277 278 278 278 275 275 276 275 276 276 275 276 276 275 276 277 277 278 278 278 278 278 278 277 275 274 270 271 213 196 264 269 266 238 226 214 227 245 238 242 248 244 245 253 257 255 252 255 251 260 264 266 269 271 273 273 275 275 276 278 278 280 281 283 284 280 276 276 274 280 280 279 279
285 284 282 281 280 279 278 277 277 277 278 277 275 275 274 273 273 275 274 274 275 275 275 275 275 275 276 277 276 276 276 276 276 273 268 269 272 265 247 269 268 267 244 226 230 251 228 213 242 247 246 246 249 256 257 258 259 259 260 262 265 267 271 273 273 273 274 276 278 279 279 279 283 270 248 263 261 258 274 280 280 276
287 285 284 283 282 281 278 276 275 275 277 275 274 274 274 274 273 273 273 273 274 274 274 274 274 274 274 274 274 275 275 274 274 274 273 272 273 272 271 270 269 269 253 246 259 231 214 210 223 238 243 243 243 248 256 257 258 259 260 261 263 266 271 273 274 275 275 277 278 279 279 281 282 281 265 273 271 270 277 278 277 275
289 288 286 284 282 281 280 279 275 274 276 273 273 273 273 273 273 273 273 272 273 272 272 272 272 273 272 272 273 273 273 273 273 272 272 272 272 271 270 271 271 270 268 265 261 221 207 204 221 235 237 248 250 255 258 259 259 259 260 260 262 268 272 274 275 277 277 278 279 279 279 279 281 280 281 279 279 277 279 277 278 272
289 286 285 283 282 282 281 280 276 277 274 273 273 272 272 272 272 271 271 271 271 271 271 271 270 271 272 271 271 271 271 272 272 272 272 272 271 272 271 270 271 271 270 268 261 243 221 209 222 228 229 241 255 259 260 261 262 262 264 265 267 269 272 275 276 277 277 278 278 279 278 279 277 278 280 280 279 277 278 277 277 274
287 286 284 283 281 278 277 276 275 274 273 272 272 271 272 268 268 268 269 270 270 270 269 269 269 269 270 270 269 270 271 270 271 271 271 272 270 270 268 267 270 270 269 261 241 240 234 214 219 227 231 231 241 258 257 261 255 259 264 266 269 272 273 272 274 274 277 276 277 278 278 278 279 278 279 280 277 275 277 276 276 272
