data/studyarea/bio14.asc
NCOLS 462 
NROWS 586 
XLLCORNER -113 
YLLCORNER -53.1666666666667 
CELLSIZE 0.166666666666667 
NODATA_value -9999 
[rows 296 to 332 of 586, columns 168 to 251 of 462]
-9999 -9999 -9999 -9999 -9999 -9999 -9999 -9999 -9999 -9999 -9999 -9999 -9999 -9999 -9999 -9999 -9999 -9999 -9999 -9999 -9999 -9999 0 0 0 0 0 0 0 1 8 10 12 33 30 34 63 83 122 154 178 181 175 170 165 153 147 142 138 133 128 122 116 111 108 105 104 103 103 104 104 105 107 111 119 129 136 139 139 133 126 118 111 108 109 111 114 115 116 117 117 119 119 119
-9999 -9999 -9999 -9999 -9999 -9999 -9999 -9999 -9999 -9999 -9999 -9999 -9999 -9999 -9999 -9999 -9999 -9999 -9999 -9999 -9999 -9999 0 0 0 0 0 0 0 0 2 10 27 38 42 32 54 74 91 144 158 155 156 142 150 146 139 135 132 128 123 118 113 109 105 103 102 102 103 104 105 107 110 115 123 129 135 140 141 133 123 113 104 101 103 107 108 109 110 111 112 113 113 -9999
-9999 -9999 -9999 -9999 -9999 -9999 -9999 -9999 -9999 -9999 -9999 -9999 -9999 -9999 -9999 -9999 -9999 -9999 -9999 -9999 -9999 -9999 0 0 0 0 0 0 0 0 0 2 21 35 45 47 47 63 78 123 132 123 121 122 129 130 130 128 125 122 119 114 110 105 103 101 101 102 103 104 106 109 112 114 118 123 129 134 133 127 117 109 102 99 101 102 103 104 105 106 107 107 107 -9999
-9999 -9999 -9999 -9999 -9999 -9999 -9999 -9999 -9999 -9999 -9999 -9999 -9999 -9999 -9999 -9999 -9999 -9999 -9999 -9999 -9999 -9999 -9999 0 0 0 0 0 0 0 0 2 13 31 48 32 38 54 62 77 77 83 86 92 100 107 115 116 116 115 113 110 107 103 100 100 101 102 103 105 105 105 106 108 112 117 121 124 124 119 113 106 100 98 98 98 99 99 101 101 102 102 -9999 -9999
-9999 -9999 -9999 -9999 -9999 -9999 -9999 -9999 -9999 -9999 -9999 -9999 -9999 -9999 -9999 -9999 -9999 -9999 -9999 -9999 -9999 -9999 -9999 -9999 0 0 0 0 0 0 0 1 8 26 47 43 38 34 57 55 65 67 68 74 82 89 95 101 104 107 107 105 104 101 99 100 102 103 104 102 100 98 99 103 108 112 115 117 116 113 108 103 99 97 95 95 95 95 96 97 97 97 -9999 -9999
-9999 -9999 -9999 -9999 -9999 -9999 -9999 -9999 -9999 -9999 -9999 -9999 -9999 -9999 -9999 -9999 -9999 -9999 -9999 -9999 -9999 -9999 -9999 0 0 0 0 0 0 0 0 1 9 13 35 29 41 25 35 42 46 56 55 60 68 82 87 88 90 97 101 102 101 100 99 100 102 104 101 97 95 93 93 99 106 108 110 110 110 108 104 100 97 94 93 92 92 92 92 93 93 -9999 -9999 -9999
-9999 -9999 -9999 -9999 -9999 -9999 -9999 -9999 -9999 -9999 -9999 -9999 -9999 -9999 -9999 -9999 -9999 -9999 -9999 -9999 -9999 -9999 -9999 0 0 0 0 0 0 0 0 0 1 14 14 27 23 19 30 38 32 39 45 55 58 64 79 78 77 88 95 98 97 97 99 100 103 100 96 93 91 89 91 95 101 104 105 105 104 103 100 97 94 92 90 90 89 89 89 89 -9999 -9999 -9999 -9999
-9999 -9999 -9999 -9999 -9999 -9999 -9999 -9999 -9999 -9999 -9999 -9999 -9999 -9999 -9999 -9999 -9999 -9999 -9999 -9999 -9999 -9999 -9999 0 0 0 0 0 0 0 0 0 0 17 24 13 21 29 20 26 37 39 35 45 64 59 66 71 68 78 88 97 100 102 101 100 99 97 93 90 88 88 89 92 96 99 100 101 100 99 96 94 92 89 88 87 86 85 86 -9999 -9999 -9999 -9999 -9999
-9999 -9999 -9999 -9999 -9999 -9999 -9999 -9999 -9999 -9999 -9999 -9999 -9999 -9999 -9999 -9999 -9999 -9999 -9999 -9999 -9999 -9999 -9999 -9999 0 0 0 0 0 0 0 0 0 11 25 21 27 34 27 22 26 36 30 37 43 49 53 60 65 73 85 95 108 106 102 96 96 94 90 88 86 86 88 90 92 95 97 97 96 95 93 91 89 86 85 83 83 82 83 82 82 82 81 80
-9999 -9999 -9999 -9999 -9999 -9999 -9999 -9999 -9999 -9999 -9999 -9999 -9999 -9999 -9999 -9999 -9999 -9999 -9999 -9999 -9999 -9999 -9999 -9999 0 0 0 0 0 0 0 0 0 1 14 21 25 30 31 27 20 32 34 42 32 39 48 54 61 70 78 83 100 106 102 97 95 91 87 86 85 85 86 88 90 92 93 93 93 92 90 87 85 83 81 80 80 79 79 79 79 78 77 76
-9999 -9999 -9999 -9999 -9999 -9999 -9999 -9999 -9999 -9999 -9999 -9999 -9999 -9999 -9999 -9999 -9999 -9999 -9999 -9999 -9999 -9999 -9999 -9999 -9999 -9999 -9999 0 0 0 0 0 0 0 1 12 20 28 32 29 32 22 37 41 32 35 43 50 60 69 77 66 85 91 99 96 91 88 85 83 83 83 84 86 88 89 90 91 90 89 87 85 82 80 78 77 76 76 76 76 76 75 74 73
-9999 -9999 -9999 -9999 -9999 -9999 -9999 -9999 -9999 -9999 -9999 -9999 -9999 -9999 -9999 -9999 -9999 -9999 -9999 -9999 -9999 -9999 -9999 -9999 -9999 -9999 -9999 -9999 -9999 0 0 0 0 0 1 17 23 27 28 33 23 18 31 36 27 33 44 50 62 67 66 69 75 98 97 98 91 84 82 80 80 81 83 84 86 88 88 88 88 86 84 82 79 76 74 73 72 72 73 74 74 73 71 70
-9999 -9999 -9999 -9999 -9999 -9999 -9999 -9999 -9999 -9999 -9999 -9999 -9999 -9999 -9999 -9999 -9999 -9999 -9999 -9999 -9999 -9999 -9999 -9999 -9999 0 -9999 -9999 -9999 -9999 0 0 0 0 1 11 16 18 25 30 27 18 25 41 30 30 42 53 63 61 50 50 60 94 95 94 94 81 78 77 78 79 81 82 84 86 88 87 86 84 82 79 75 73 70 69 68 68 70 71 71 70 68 66
-9999 -9999 -9999 -9999 -9999 -9999 -9999 -9999 -9999 -9999 -9999 -9999 -9999 -9999 -9999 -9999 -9999 -9999 -9999 -9999 -9999 -9999 -9999 -9999 -9999 -9999 -9999 -9999 -9999 -9999 -9999 0 0 0 0 4 8 12 17 19 28 26 17 35 37 31 42 59 66 57 47 52 67 89 79 83 83 76 74 76 77 78 80 80 82 83 86 86 85 82 79 76 72 69 66 64 63 64 66 68 68 66 65 64
-9999 -9999 -9999 -9999 -9999 -9999 -9999 -9999 -9999 -9999 -9999 -9999 -9999 -9999 -9999 -9999 -9999 -9999 -9999 -9999 -9999 -9999 -9999 -9999 -9999 -9999 -9999 -9999 -9999 -9999 -9999 0 0 0 0 1 3 4 8 11 15 25 16 24 33 28 40 60 71 72 68 68 84 89 87 80 78 76 71 74 77 76 78 79 79 81 83 85 84 80 76 72 68 65 62 59 58 59 61 62 63 62 62 61
-9999 -9999 -9999 -9999 -9999 -9999 -9999 -9999 -9999 -9999 -9999 -9999 -9999 -9999 -9999 -9999 -9999 -9999 -9999 -9999 -9999 -9999 -9999 -9999 -9999 -9999 -9999 -9999 -9999 -9999 -9999 -9999 0 0 0 1 3 6 7 15 12 10 13 16 28 25 31 52 72 87 88 87 91 92 93 86 83 79 76 75 74 74 74 75 76 78 80 82 82 77 72 68 65 62 59 56 55 56 57 58 58 58 59 59
-9999 -9999 -9999 -9999 -9999 -9999 -9999 -9999 -9999 -9999 -9999 -9999 -9999 -9999 -9999 -9999 -9999 -9999 -9999 -9999 -9999 -9999 -9999 -9999 -9999 -9999 -9999 -9999 -9999 -9999 -9999 -9999 0 0 0 0 0 1 2 9 10 9 18 16 22 24 27 43 63 101 100 101 99 99 98 96 89 84 80 76 74 72 71 71 71 73 75 77 76 72 67 64 60 58 56 53 53 53 53 54 54 54 56 58
-9999 -9999 -9999 -9999 -9999 -9999 -9999 -9999 -9999 -9999 -9999 -9999 -9999 -9999 -9999 -9999 -9999 -9999 -9999 -9999 -9999 -9999 -9999 -9999 -9999 -9999 -9999 -9999 -9999 -9999 -9999 -9999 0 0 0 0 0 4 3 4 14 9 16 17 19 21 23 34 54 108 96 98 106 105 107 102 97 91 84 79 74 70 67 66 66 68 69 70 68 65 62 58 56 53 52 50 50 50 50 51 51 52 55 58
-9999 -9999 -9999 -9999 -9999 -9999 -9999 -9999 -9999 -9999 -9999 -9999 -9999 -9999 -9999 -9999 -9999 -9999 -9999 -9999 -9999 -9999 -9999 -9999 -9999 -9999 -9999 -9999 -9999 -9999 -9999 -9999 -9999 0 0 0 0 1 5 10 14 15 14 15 13 17 18 23 58 101 90 93 107 106 98 109 105 98 90 81 74 67 63 61 61 62 63 63 62 59 56 53 50 48 46 46 46 47 48 50 51 54 58 60
-9999 -9999 -9999 -9999 -9999 -9999 -9999 -9999 -9999 -9999 -9999 -9999 -9999 -9999 -9999 -9999 -9999 -9999 -9999 -9999 -9999 -9999 -9999 -9999 -9999 -9999 -9999 -9999 -9999 -9999 -9999 -9999 -9999 -9999 0 0 0 0 5 8 11 9 13 13 12 15 15 21 41 87 109 92 102 90 97 121 115 107 96 85 74 65 59 56 56 57 58 57 56 54 51 48 45 42 42 42 43 44 46 49 52 56 60 62
-9999 -9999 -9999 -9999 -9999 -9999 -9999 -9999 -9999 -9999 -9999 -9999 -9999 -9999 -9999 -9999 -9999 -9999 -9999 -9999 -9999 -9999 -9999 -9999 -9999 -9999 -9999 -9999 -9999 -9999 -9999 -9999 -9999 -9999 -9999 0 0 0 0 5 8 3 8 11 10 12 12 18 25 51 113 121 99 84 78 117 127 117 103 89 74 62 53 52 53 53 53 53 51 49 46 43 40 37 37 38 40 42 44 47 51 56 57 56
-9999 -9999 -9999 -9999 -9999 -9999 -9999 -9999 -9999 -9999 -9999 -9999 -9999 -9999 -9999 -9999 -9999 -9999 -9999 -9999 -9999 -9999 -9999 -9999 -9999 -9999 -9999 -9999 -9999 -9999 -9999 -9999 -9999 -9999 -9999 -9999 0 0 1 2 4 2 9 9 9 11 11 13 16 32 83 142 131 70 77 130 140 128 112 94 77 61 50 50 51 51 51 50 48 46 43 40 37 35 35 36 37 39 41 44 48 52 52 51
-9999 -9999 -9999 -9999 -9999 -9999 -9999 -9999 -9999 -9999 -9999 -9999 -9999 -9999 -9999 -9999 -9999 -9999 -9999 -9999 -9999 -9999 -9999 -9999 -9999 -9999 -9999 -9999 -9999 -9999 -9999 -9999 -9999 -9999 -9999 -9999 0 0 0 0 1 2 4 6 7 8 11 11 14 20 52 116 126 90 101 135 155 141 121 100 81 65 55 52 52 51 50 48 46 44 41 38 36 34 33 34 35 36 38 40 43 46 47 46
-9999 -9999 -9999 -9999 -9999 -9999 -9999 -9999 -9999 -9999 -9999 -9999 -9999 -9999 -9999 -9999 -9999 -9999 -9999 -9999 -9999 -9999 -9999 -9999 -9999 -9999 -9999 -9999 -9999 -9999 -9999 -9999 -9999 -9999 -9999 -9999 -9999 0 0 0 0 2 2 5 6 7 9 11 13 16 20 68 131 104 75 122 171 149 124 103 85 69 59 55 53 51 49 48 45 43 40 38 35 33 32 33 33 34 35 37 38 40 41 41
-9999 -9999 -9999 -9999 -9999 -9999 -9999 -9999 -9999 -9999 -9999 -9999 -9999 -9999 -9999 -9999 -9999 -9999 -9999 -9999 -9999 -9999 -9999 -9999 -9999 -9999 -9999 -9999 -9999 -9999 -9999 -9999 -9999 -9999 -9999 -9999 -9999 0 0 0 0 1 2 4 6 5 8 10 12 14 19 38 113 116 57 123 167 145 118 97 80 69 62 57 54 52 50 48 46 43 41 38 35 32 32 32 32 32 32 33 34 35 36 36
-9999 -9999 -9999 -9999 -9999 -9999 -9999 -9999 -9999 -9999 -9999 -9999 -9999 -9999 -9999 -9999 -9999 -9999 -9999 -9999 -9999 -9999 -9999 -9999 -9999 -9999 -9999 -9999 -9999 -9999 -9999 -9999 -9999 -9999 -9999 -9999 -9999 0 0 0 0 0 2 2 5 5 6 8 11 13 19 27 72 119 77 88 144 131 108 88 74 66 63 59 56 53 51 49 47 44 42 39 37 35 34 32 31 30 29 30 31 32 32 32
-9999 -9999 -9999 -9999 -9999 -9999 -9999 -9999 -9999 -9999 -9999 -9999 -9999 -9999 -9999 -9999 -9999 -9999 -9999 -9999 -9999 -9999 -9999 -9999 -9999 -9999 -9999 -9999 -9999 -9999 -9999 -9999 -9999 -9999 -9999 -9999 -9999 -9999 0 0 0 0 1 2 3 4 5 7 10 12 16 33 57 95 101 49 96 113 95 77 66 68 63 60 58 55 53 51 49 46 44 42 40 38 36 34 31 29 27 27 28 29 30 30
-9999 -9999 -9999 -9999 -9999 -9999 -9999 -9999 -9999 -9999 -9999 -9999 -9999 -9999 -9999 -9999 -9999 -9999 -9999 -9999 -9999 -9999 -9999 -9999 -9999 -9999 -9999 -9999 -9999 -9999 -9999 -9999 -9999 -9999 -9999 -9999 -9999 -9999 -9999 0 0 0 0 1 2 4 5 7 8 12 14 17 19 39 48 38 79 99 84 70 61 62 61 59 59 58 55 53 51 49 47 45 43 42 39 35 32 29 26 26 27 28 29 29
-9999 -9999 -9999 -9999 -9999 -9999 -9999 -9999 -9999 -9999 -9999 -9999 -9999 -9999 -9999 -9999 -9999 -9999 -9999 -9999 -9999 -9999 -9999 -9999 -9999 -9999 -9999 -9999 -9999 -9999 -9999 -9999 -9999 -9999 -9999 -9999 -9999 -9999 -9999 0 0 0 0 1 2 2 4 5 7 12 13 17 18 17 28 16 57 90 79 68 61 66 59 63 60 60 58 56 54 52 50 48 46 44 41 37 33 30 28 27 28 29 29 28
-9999 -9999 -9999 -9999 -9999 -9999 -9999 -9999 -9999 -9999 -9999 -9999 -9999 -9999 -9999 -9999 -9999 -9999 -9999 -9999 -9999 -9999 -9999 -9999 -9999 -9999 -9999 -9999 -9999 -9999 -9999 -9999 -9999 -9999 -9999 -9999 -9999 -9999 -9999 0 0 0 0 0 1 1 2 4 6 12 14 17 18 13 15 14 43 84 78 68 62 67 70 68 63 61 60 59 57 55 53 50 48 46 42 39 36 33 30 29 29 30 30 28
-9999 -9999 -9999 -9999 -9999 -9999 -9999 -9999 -9999 -9999 -9999 -9999 -9999 -9999 -9999 -9999 -9999 -9999 -9999 -9999 -9999 -9999 -9999 -9999 -9999 -9999 -9999 -9999 -9999 -9999 -9999 -9999 -9999 -9999 -9999 -9999 -9999 -9999 -9999 -9999 0 0 0 0 0 1 2 3 6 10 14 16 9 16 20 17 35 76 81 75 69 72 77 70 69 63 61 61 60 57 55 53 50 47 44 41 38 36 33 32 32 32 31 29
-9999 -9999 -9999 -9999 -9999 -9999 -9999 -9999 -9999 -9999 -9999 -9999 -9999 -9999 -9999 -9999 -9999 -9999 -9999 -9999 -9999 -9999 -9999 -9999 -9999 -9999 -9999 -9999 -9999 -9999 -9999 -9999 -9999 -9999 -9999 -9999 -9999 -9999 -9999 -9999 0 0 0 0 0 1 1 3 5 9 13 17 13 23 22 18 35 63 88 89 87 87 79 71 70 64 62 61 60 59 58 55 53 50 47 44 41 39 37 35 34 34 33 30
-9999 -9999 -9999 -9999 -9999 -9999 -9999 -9999 -9999 -9999 -9999 -9999 -9999 -9999 -9999 -9999 -9999 -9999 -9999 -9999 -9999 -9999 -9999 -9999 -9999 -9999 -9999 -9999 -9999 -9999 -9999 -9999 -9999 -9999 -9999 -9999 -9999 -9999 -9999 -9999 -9999 0 0 0 0 0 2 3 5 8 12 16 15 22 20 16 19 57 96 102 105 99 82 70 66 66 62 61 60 59 59 58 55 52 49 47 44 42 40 38 37 36 35 32
-9999 -9999 -9999 -9999 -9999 -9999 -9999 -9999 -9999 -9999 -9999 -9999 -9999 -9999 -9999 -9999 -9999 -9999 -9999 -9999 -9999 -9999 -9999 -9999 -9999 -9999 -9999 -9999 -9999 -9999 -9999 -9999 -9999 -9999 -9999 -9999 -9999 -9999 -9999 -9999 -9999 0 0 0 0 0 1 2 5 8 11 14 17 23 26 21 20 30 74 91 106 96 82 72 65 68 61 60 59 58 58 58 57 54 52 49 47 45 43 41 40 39 37 35
-9999 -9999 -9999 -9999 -9999 -9999 -9999 -9999 -9999 -9999 -9999 -9999 -9999 -9999 -9999 -9999 -9999 -9999 -9999 -9999 -9999 -9999 -9999 -9999 -9999 -9999 -9999 -9999 -9999 -9999 -9999 -9999 -9999 -9999 -9999 -9999 -9999 -9999 -9999 -9999 -9999 -9999 0 0 0 0 0 2 4 7 10 13 16 21 25 21 19 26 43 76 89 84 78 74 68 68 60 59 58 56 57 58 59 57 54 52 50 48 46 44 43 42 40 38
-9999 -9999 -9999 -9999 -9999 -9999 -9999 -9999 -9999 -9999 -9999 -9999 -9999 -9999 -9999 -9999 -9999 -9999 -9999 -9999 -9999 -9999 -9999 -9999 -9999 -9999 -9999 -9999 -9999 -9999 -9999 -9999 -9999 -9999 -9999 -9999 -9999 -9999 -9999 -9999 -9999 -9999 0 0 0 0 1 3 3 6 9 11 13 17 23 16 19 37 54 71 77 77 73 72 69 63 65 59 56 56 57 59 61 58 56 55 53 51 49 48 46 45 44 41
-9999 -9999 -9999 -9999 -9999 -9999 -9999 -9999 -9999 -9999 -9999 -9999 -9999 -9999 -9999 -9999 -9999 -9999 -9999 -9999 -9999 -9999 -9999 -9999 -9999 -9999 -9999 -9999 -9999 -9999 -9999 -9999 -9999 -9999 -9999 -9999 -9999 -9999 -9999 -9999 -9999 -9999 -9999 0 0 0 0 0 2 4 9 11 13 16 19 16 14 34 67 74 76 74 67 66 66 63 62 58 57 57 58 60 61 60 58 57 55 54 52 51 50 49 48 46
