data/studyarea/bio18.asc
NCOLS 462 
NROWS 586 
XLLCORNER -113 
YLLCORNER -53.1666666666667 
CELLSIZE 0.166666666666667 
NODATA_value -9999 
[rows 432 to 467 of 586, columns 246 to 327 of 462]
-9999 -9999 -9999 -9999 -9999 -9999 -9999 -9999 -9999 -9999 -9999 -9999 -9999 -9999 -9999 -9999 -9999 -9999 -9999 -9999 -9999 -9999 -9999 -9999 -9999 -9999 -9999 -9999 88 100 109 119 138 164 174 193 240 324 344 360 368 370 366 358 346 333 325 318 313 306 302 297 295 294 294 297 301 308 315 324 335 346 359 374 389 405 422 437 433 423 416 412 409 408 408 411 413 412 390 391 379 372
-9999 -9999 -9999 -9999 -9999 -9999 -9999 -9999 -9999 -9999 -9999 -9999 -9999 -9999 -9999 -9999 -9999 -9999 -9999 -9999 -9999 -9999 -9999 -9999 -9999 -9999 -9999 -9999 99 115 125 137 158 179 202 194 229 300 345 349 354 356 361 357 340 329 318 313 307 301 296 292 289 289 291 295 300 307 316 326 337 349 361 376 391 406 421 432 432 426 419 414 409 406 404 400 394 384 370 366 363 361
-9999 -9999 -9999 -9999 -9999 -9999 -9999 -9999 -9999 -9999 -9999 -9999 -9999 -9999 -9999 -9999 -9999 -9999 -9999 -9999 -9999 -9999 -9999 -9999 -9999 -9999 -9999 -9999 110 123 132 145 161 180 201 192 232 274 318 331 338 341 353 351 336 322 313 306 301 294 290 286 285 285 288 293 298 308 317 327 338 350 362 376 390 403 416 423 425 423 418 413 407 403 396 388 378 367 357 351 348 347
-9999 -9999 -9999 -9999 -9999 -9999 -9999 -9999 -9999 -9999 -9999 -9999 -9999 -9999 -9999 -9999 -9999 -9999 -9999 -9999 -9999 -9999 -9999 -9999 -9999 -9999 -9999 -9999 115 130 139 152 165 181 196 189 224 263 290 304 317 324 336 333 322 313 306 302 296 290 284 280 279 282 284 289 298 306 316 327 338 350 363 375 387 399 409 415 419 417 416 411 404 398 388 377 366 352 343 337 334 334
-9999 -9999 -9999 -9999 -9999 -9999 -9999 -9999 -9999 -9999 -9999 -9999 -9999 -9999 -9999 -9999 -9999 -9999 -9999 -9999 -9999 -9999 -9999 -9999 -9999 -9999 -9999 -9999 125 136 145 156 168 181 193 190 219 250 271 291 299 304 314 314 308 303 300 296 294 289 282 278 278 280 283 288 296 307 316 328 339 350 362 373 384 394 402 408 412 413 411 408 401 393 382 368 354 340 329 325 323 323
-9999 -9999 -9999 -9999 -9999 -9999 -9999 -9999 -9999 -9999 -9999 -9999 -9999 -9999 -9999 -9999 -9999 -9999 -9999 -9999 -9999 -9999 -9999 -9999 -9999 -9999 -9999 -9999 131 137 149 159 170 182 192 191 219 217 254 277 275 282 294 298 295 294 294 294 292 289 285 283 282 282 281 287 298 308 319 330 340 351 361 370 380 389 396 402 405 407 406 405 399 390 378 363 345 329 318 315 315 316
-9999 -9999 -9999 -9999 -9999 -9999 -9999 -9999 -9999 -9999 -9999 -9999 -9999 -9999 -9999 -9999 -9999 -9999 -9999 -9999 -9999 -9999 -9999 -9999 -9999 -9999 -9999 -9999 133 138 151 164 174 182 191 203 211 208 252 252 254 267 278 286 288 289 291 293 294 292 290 289 289 288 288 293 302 312 323 333 342 351 361 368 376 384 390 395 399 401 403 403 399 392 378 361 342 324 315 312 311 313
-9999 -9999 -9999 -9999 -9999 -9999 -9999 -9999 -9999 -9999 -9999 -9999 -9999 -9999 -9999 -9999 -9999 -9999 -9999 -9999 -9999 -9999 -9999 -9999 -9999 -9999 -9999 -9999 -9999 138 156 167 176 184 193 199 205 216 243 238 244 257 268 277 281 286 289 294 297 297 298 298 297 297 299 303 311 319 328 336 345 352 360 367 373 380 384 389 393 396 399 402 402 395 382 362 341 325 316 312 311 312
-9999 -9999 -9999 -9999 -9999 -9999 -9999 -9999 -9999 -9999 -9999 -9999 -9999 -9999 -9999 -9999 -9999 -9999 -9999 -9999 -9999 -9999 -9999 -9999 -9999 -9999 -9999 -9999 -9999 143 160 170 180 186 191 197 203 212 239 232 239 250 262 270 277 283 290 296 300 303 306 307 307 308 310 314 319 326 333 340 346 353 360 365 370 374 378 382 385 389 394 400 405 404 390 365 340 325 318 314 314 314
-9999 -9999 -9999 -9999 -9999 -9999 -9999 -9999 -9999 -9999 -9999 -9999 -9999 -9999 -9999 -9999 -9999 -9999 -9999 -9999 -9999 -9999 -9999 -9999 -9999 -9999 -9999 -9999 -9999 154 164 174 183 188 192 198 202 210 231 230 237 247 257 265 274 282 292 301 309 316 317 317 317 319 322 325 329 334 340 344 350 354 359 363 366 369 372 374 376 381 386 395 407 415 402 368 339 325 320 315 315 317
-9999 -9999 -9999 -9999 -9999 -9999 -9999 -9999 -9999 -9999 -9999 -9999 -9999 -9999 -9999 -9999 -9999 -9999 -9999 -9999 -9999 -9999 -9999 -9999 -9999 -9999 -9999 -9999 -9999 -9999 167 181 186 190 193 197 202 208 223 226 235 244 254 264 273 283 293 308 321 329 333 330 330 331 332 336 338 342 345 350 353 357 358 361 363 365 367 366 368 369 373 383 398 413 402 370 345 330 322 318 317 319
-9999 -9999 -9999 -9999 -9999 -9999 -9999 -9999 -9999 -9999 -9999 -9999 -9999 -9999 -9999 -9999 -9999 -9999 -9999 -9999 -9999 -9999 -9999 -9999 -9999 -9999 -9999 -9999 -9999 -9999 172 186 187 188 191 196 202 209 218 225 234 242 252 261 271 284 296 314 332 343 347 343 341 342 343 344 346 349 352 354 356 358 358 359 360 361 361 360 359 357 357 365 380 388 382 364 347 333 325 321 318 317
-9999 -9999 -9999 -9999 -9999 -9999 -9999 -9999 -9999 -9999 -9999 -9999 -9999 -9999 -9999 -9999 -9999 -9999 -9999 -9999 -9999 -9999 -9999 -9999 -9999 -9999 -9999 -9999 -9999 -9999 -9999 180 182 186 189 196 204 209 217 224 233 240 250 260 270 283 301 321 340 353 358 354 352 350 351 352 354 357 358 360 360 359 358 358 357 357 355 354 351 350 347 353 362 367 365 356 345 334 327 323 320 318
-9999 -9999 -9999 -9999 -9999 -9999 -9999 -9999 -9999 -9999 -9999 -9999 -9999 -9999 -9999 -9999 -9999 -9999 -9999 -9999 -9999 -9999 -9999 -9999 -9999 -9999 -9999 -9999 -9999 -9999 -9999 174 178 181 187 193 204 211 219 225 233 240 248 258 268 282 303 326 345 362 369 362 360 359 359 360 360 362 363 365 362 359 358 355 354 353 351 349 347 344 344 347 351 353 350 346 340 334 328 325 323 319
-9999 -9999 -9999 -9999 -9999 -9999 -9999 -9999 -9999 -9999 -9999 -9999 -9999 -9999 -9999 -9999 -9999 -9999 -9999 -9999 -9999 -9999 -9999 -9999 -9999 -9999 -9999 -9999 -9999 -9999 -9999 -9999 174 178 185 194 205 213 221 228 233 240 247 255 266 280 305 327 346 370 375 370 365 366 364 364 364 366 368 370 364 359 357 354 352 350 347 344 343 341 341 342 342 342 340 338 336 333 329 327 325 324
-9999 -9999 -9999 -9999 -9999 -9999 -9999 -9999 -9999 -9999 -9999 -9999 -9999 -9999 -9999 -9999 -9999 -9999 -9999 -9999 -9999 -9999 -9999 -9999 -9999 -9999 -9999 -9999 -9999 -9999 -9999 -9999 174 175 184 198 210 218 223 230 236 241 248 254 262 277 307 325 345 367 371 370 368 369 367 367 366 367 367 367 363 358 356 351 349 346 344 342 339 339 338 337 337 336 335 334 334 333 331 331 330 330
-9999 -9999 -9999 -9999 -9999 -9999 -9999 -9999 -9999 -9999 -9999 -9999 -9999 -9999 -9999 -9999 -9999 -9999 -9999 -9999 -9999 -9999 -9999 -9999 -9999 -9999 -9999 -9999 -9999 -9999 -9999 -9999 -9999 184 196 211 219 225 230 234 239 244 249 254 260 277 307 324 343 359 367 368 369 369 369 368 366 365 365 363 361 356 352 348 345 343 340 339 337 335 335 334 335 335 335 334 335 334 332 332 332 335
-9999 -9999 -9999 -9999 -9999 -9999 -9999 -9999 -9999 -9999 -9999 -9999 -9999 -9999 -9999 -9999 -9999 -9999 -9999 -9999 -9999 -9999 -9999 -9999 -9999 -9999 -9999 -9999 -9999 -9999 -9999 -9999 -9999 -9999 233 231 231 233 236 240 244 248 253 259 268 286 307 323 340 355 363 366 368 369 368 367 366 364 360 359 356 352 349 345 343 340 339 336 335 333 332 331 332 336 337 338 337 336 334 334 334 338
-9999 -9999 -9999 -9999 -9999 -9999 -9999 -9999 -9999 -9999 -9999 -9999 -9999 -9999 -9999 -9999 -9999 -9999 -9999 -9999 -9999 -9999 -9999 -9999 -9999 -9999 -9999 -9999 -9999 -9999 -9999 -9999 -9999 -9999 -9999 241 240 241 242 246 250 253 258 264 279 296 308 324 342 355 363 365 368 367 367 364 363 360 358 355 352 348 345 341 340 338 335 335 333 332 329 329 329 335 341 341 339 337 334 334 336 338
-9999 -9999 -9999 -9999 -9999 -9999 -9999 -9999 -9999 -9999 -9999 -9999 -9999 -9999 -9999 -9999 -9999 -9999 -9999 -9999 -9999 -9999 -9999 -9999 -9999 -9999 -9999 -9999 -9999 -9999 -9999 -9999 -9999 -9999 -9999 -9999 246 247 247 251 255 258 263 269 283 304 309 327 346 357 363 365 367 366 365 361 360 356 353 350 346 344 340 338 336 334 333 333 332 330 328 326 324 330 345 342 339 337 335 333 334 336
-9999 -9999 -9999 -9999 -9999 -9999 -9999 -9999 -9999 -9999 -9999 -9999 -9999 -9999 -9999 -9999 -9999 -9999 -9999 -9999 -9999 -9999 -9999 -9999 -9999 -9999 -9999 -9999 -9999 -9999 -9999 -9999 -9999 -9999 -9999 -9999 -9999 250 252 257 264 264 270 276 287 305 309 333 352 360 364 366 367 365 362 358 355 352 349 345 342 338 336 334 333 332 331 331 331 330 329 328 326 330 339 341 338 336 334 333 332 332
-9999 -9999 -9999 -9999 -9999 -9999 -9999 -9999 -9999 -9999 -9999 -9999 -9999 -9999 -9999 -9999 -9999 -9999 -9999 -9999 -9999 -9999 -9999 -9999 -9999 -9999 -9999 -9999 -9999 -9999 -9999 -9999 -9999 -9999 -9999 -9999 -9999 -9999 -9999 265 269 271 280 286 288 298 312 344 359 365 367 367 365 362 359 356 352 349 345 342 339 334 331 330 330 330 330 331 329 330 331 332 332 333 337 338 337 335 331 330 328 328
-9999 -9999 -9999 -9999 -9999 -9999 -9999 -9999 -9999 -9999 -9999 -9999 -9999 -9999 -9999 -9999 -9999 -9999 -9999 -9999 -9999 -9999 -9999 -9999 -9999 -9999 -9999 -9999 -9999 -9999 -9999 -9999 -9999 -9999 -9999 -9999 -9999 -9999 -9999 -9999 -9999 274 286 294 286 290 324 356 365 369 368 366 364 360 356 352 349 344 341 338 335 332 330 329 329 329 330 329 329 331 335 336 336 336 335 336 335 333 329 327 324 324
-9999 -9999 -9999 -9999 -9999 -9999 -9999 -9999 -9999 -9999 -9999 -9999 -9999 -9999 -9999 -9999 -9999 -9999 -9999 -9999 -9999 -9999 -9999 -9999 -9999 -9999 -9999 -9999 -9999 -9999 -9999 -9999 -9999 -9999 -9999 -9999 -9999 -9999 -9999 -9999 -9999 -9999 -9999 293 282 282 308 348 364 369 367 364 360 356 352 349 345 342 338 336 335 333 330 330 330 330 329 329 328 329 334 340 338 336 336 335 334 331 328 325 322 322
-9999 -9999 -9999 -9999 -9999 -9999 -9999 -9999 -9999 -9999 -9999 -9999 -9999 -9999 -9999 -9999 -9999 -9999 -9999 -9999 -9999 -9999 -9999 -9999 -9999 -9999 -9999 -9999 -9999 -9999 -9999 -9999 -9999 -9999 -9999 -9999 -9999 -9999 -9999 -9999 -9999 -9999 -9999 296 284 280 295 334 361 368 364 359 353 351 346 344 341 339 336 335 335 334 332 332 331 331 330 330 326 327 332 336 336 334 332 332 333 330 326 323 322 323
-9999 -9999 -9999 -9999 -9999 -9999 -9999 -9999 -9999 -9999 -9999 -9999 -9999 -9999 -9999 -9999 -9999 -9999 -9999 -9999 -9999 -9999 -9999 -9999 -9999 -9999 -9999 -9999 -9999 -9999 -9999 -9999 -9999 -9999 -9999 -9999 -9999 -9999 -9999 -9999 -9999 -9999 -9999 297 283 283 300 327 352 359 355 351 346 344 341 340 338 337 337 336 335 334 334 334 334 335 334 332 333 331 329 328 329 329 329 329 331 329 323 320 321 322
-9999 -9999 -9999 -9999 -9999 -9999 -9999 -9999 -9999 -9999 -9999 -9999 -9999 -9999 -9999 -9999 -9999 -9999 -9999 -9999 -9999 -9999 -9999 -9999 -9999 -9999 -9999 -9999 -9999 -9999 -9999 -9999 -9999 -9999 -9999 -9999 -9999 -9999 -9999 -9999 -9999 -9999 -9999 292 282 282 296 322 340 346 344 340 336 334 334 334 336 337 337 336 336 336 335 337 337 338 337 336 335 327 323 322 323 324 324 326 327 324 318 317 316 319
-9999 -9999 -9999 -9999 -9999 -9999 -9999 -9999 -9999 -9999 -9999 -9999 -9999 -9999 -9999 -9999 -9999 -9999 -9999 -9999 -9999 -9999 -9999 -9999 -9999 -9999 -9999 -9999 -9999 -9999 -9999 -9999 -9999 -9999 -9999 -9999 -9999 -9999 -9999 -9999 -9999 -9999 -9999 291 278 274 294 321 332 334 332 328 325 323 326 331 334 337 337 337 336 336 336 338 340 342 341 337 331 323 319 316 316 316 318 320 320 318 313 312 310 313
-9999 -9999 -9999 -9999 -9999 -9999 -9999 -9999 -9999 -9999 -9999 -9999 -9999 -9999 -9999 -9999 -9999 -9999 -9999 -9999 -9999 -9999 -9999 -9999 -9999 -9999 -9999 -9999 -9999 -9999 -9999 -9999 -9999 -9999 -9999 -9999 -9999 -9999 -9999 -9999 -9999 -9999 -9999 294 279 274 294 318 326 327 324 317 311 311 318 326 334 336 336 335 334 335 336 339 342 345 346 340 331 321 313 309 307 310 312 314 314 312 310 306 304 303
-9999 -9999 -9999 -9999 -9999 -9999 -9999 -9999 -9999 -9999 -9999 -9999 -9999 -9999 -9999 -9999 -9999 -9999 -9999 -9999 -9999 -9999 -9999 -9999 -9999 -9999 -9999 -9999 -9999 -9999 -9999 -9999 -9999 -9999 -9999 -9999 -9999 -9999 -9999 -9999 -9999 -9999 -9999 299 290 289 299 315 322 321 316 308 298 299 310 322 335 337 336 332 332 332 334 337 343 348 352 346 331 316 304 299 300 303 307 309 310 308 305 301 296 292
-9999 -9999 -9999 -9999 -9999 -9999 -9999 -9999 -9999 -9999 -9999 -9999 -9999 -9999 -9999 -9999 -9999 -9999 -9999 -9999 -9999 -9999 -9999 -9999 -9999 -9999 -9999 -9999 -9999 -9999 -9999 -9999 -9999 -9999 -9999 -9999 -9999 -9999 -9999 -9999 -9999 -9999 -9999 303 300 303 310 319 322 320 313 305 297 297 306 315 328 335 335 328 326 328 330 333 338 345 354 348 329 309 294 289 293 297 302 306 307 305 302 297 290 285
-9999 -9999 -9999 -9999 -9999 -9999 -9999 -9999 -9999 -9999 -9999 -9999 -9999 -9999 -9999 -9999 -9999 -9999 -9999 -9999 -9999 -9999 -9999 -9999 -9999 -9999 -9999 -9999 -9999 -9999 -9999 -9999 -9999 -9999 -9999 -9999 -9999 -9999 -9999 -9999 -9999 -9999 -9999 -9999 310 316 323 327 326 322 315 308 301 300 305 311 319 328 332 321 321 323 325 327 330 335 340 338 324 305 290 285 288 293 299 304 306 304 301 296 287 281
-9999 -9999 -9999 -9999 -9999 -9999 -9999 -9999 -9999 -9999 -9999 -9999 -9999 -9999 -9999 -9999 -9999 -9999 -9999 -9999 -9999 -9999 -9999 -9999 -9999 -9999 -9999 -9999 -9999 -9999 -9999 -9999 -9999 -9999 -9999 -9999 -9999 -9999 -9999 -9999 -9999 -9999 -9999 -9999 317 326 335 336 331 325 318 311 306 304 305 310 315 319 321 318 317 317 319 318 317 319 325 327 314 298 287 281 283 290 298 304 306 303 299 294 284 273
-9999 -9999 -9999 -9999 -9999 -9999 -9999 -9999 -9999 -9999 -9999 -9999 -9999 -9999 -9999 -9999 -9999 -9999 -9999 -9999 -9999 -9999 -9999 -9999 -9999 -9999 -9999 -9999 -9999 -9999 -9999 -9999 -9999 -9999 -9999 -9999 -9999 -9999 -9999 -9999 -9999 -9999 -9999 -9999 323 334 345 343 335 327 320 313 308 306 306 307 310 313 313 313 312 312 311 309 307 306 312 313 303 289 279 275 279 286 294 304 307 300 292 286 274 263
-9999 -9999 -9999 -9999 -9999 -9999 -9999 -9999 -9999 -9999 -9999 -9999 -9999 -9999 -9999 -9999 -9999 -9999 -9999 -9999 -9999 -9999 -9999 -9999 -9999 -9999 -9999 -9999 -9999 -9999 -9999 -9999 -9999 -9999 -9999 -9999 -9999 -9999 -9999 -9999 -9999 -9999 -9999 -9999 323 332 339 340 334 327 322 316 310 308 305 305 306 307 308 308 307 308 308 306 304 303 304 303 295 283 270 271 276 284 292 298 300 292 282 272 262 255
-9999 -9999 -9999 -9999 -9999 -9999 -9999 -9999 -9999 -9999 -9999 -9999 -9999 -9999 -9999 -9999 -9999 -9999 -9999 -9999 -9999 -9999 -9999 -9999 -9999 -9999 -9999 -9999 -9999 -9999 -9999 -9999 -9999 -9999 -9999 -9999 -9999 -9999 -9999 -9999 -9999 -9999 -9999 -9999 319 325 330 333 329 325 321 315 311 307 304 302 302 302 303 304 303 305 304 305 304 304 303 300 293 283 272 271 276 281 287 290 289 282 272 261 250 244
