data/studyarea/bio13.asc
NCOLS 462 
NROWS 586 
XLLCORNER -113 
YLLCORNER -53.1666666666667 
CELLSIZE 0.166666666666667 
NODATA_value -9999 
[rows 324 to 359 of 586, columns 328 to 409 of 462]
361 363 364 365 366 367 368 370 -9999 -9999 -9999 -9999 -9999 -9999 -9999 -9999 -9999 -9999 -9999 -9999 -9999 -9999 -9999 -9999 -9999 -9999 -9999 -9999 -9999 -9999 -9999 -9999 -9999 -9999 -9999 -9999 -9999 -9999 -9999 -9999 -9999 -9999 -9999 -9999 -9999 -9999 -9999 -9999 -9999 -9999 -9999 -9999 -9999 -9999 -9999 -9999 -9999 -9999 -9999 -9999 -9999 -9999 -9999 -9999 -9999 -9999 -9999 -9999 -9999 -9999 -9999 -9999 -9999 -9999 -9999 -9999 -9999 -9999 -9999 -9999 -9999 185
359 360 361 362 364 366 368 370 371 373 -9999 -9999 -9999 -9999 -9999 -9999 -9999 -9999 -9999 -9999 -9999 -9999 -9999 -9999 -9999 -9999 -9999 -9999 -9999 -9999 -9999 -9999 -9999 -9999 -9999 -9999 -9999 -9999 -9999 -9999 -9999 -9999 -9999 -9999 -9999 -9999 -9999 -9999 -9999 -9999 -9999 -9999 -9999 -9999 -9999 -9999 -9999 -9999 -9999 -9999 -9999 -9999 -9999 -9999 -9999 -9999 -9999 -9999 -9999 -9999 -9999 -9999 -9999 -9999 -9999 -9999 -9999 -9999 -9999 -9999 169 171
356 356 357 358 364 372 378 381 373 367 364 -9999 -9999 -9999 -9999 -9999 -9999 -9999 -9999 -9999 -9999 -9999 -9999 -9999 -9999 -9999 -9999 -9999 -9999 -9999 -9999 -9999 -9999 -9999 -9999 -9999 -9999 -9999 -9999 -9999 -9999 -9999 -9999 -9999 -9999 -9999 -9999 -9999 -9999 -9999 -9999 -9999 343 352 359 356 345 328 306 295 293 279 266 -9999 -9999 -9999 -9999 -9999 -9999 -9999 -9999 -9999 -9999 -9999 -9999 -9999 -9999 -9999 -9999 -9999 170 163
351 352 352 361 373 383 392 397 385 367 357 353 -9999 -9999 -9999 -9999 -9999 -9999 -9999 -9999 -9999 -9999 -9999 -9999 -9999 -9999 -9999 -9999 -9999 -9999 -9999 -9999 -9999 -9999 -9999 -9999 -9999 -9999 -9999 -9999 -9999 -9999 -9999 -9999 -9999 -9999 -9999 -9999 -9999 317 325 334 342 349 352 350 342 322 304 293 291 277 262 252 258 268 -9999 -9999 -9999 -9999 -9999 -9999 -9999 -9999 -9999 -9999 -9999 -9999 -9999 171 169 161
346 346 349 365 379 387 392 393 383 367 352 347 345 -9999 -9999 -9999 -9999 -9999 -9999 -9999 -9999 -9999 -9999 -9999 -9999 -9999 -9999 -9999 -9999 -9999 -9999 -9999 -9999 353 346 339 334 329 327 324 323 321 317 315 314 314 -9999 315 319 323 329 335 341 346 347 346 337 315 292 284 286 277 262 257 260 262 261 255 -9999 -9999 -9999 -9999 -9999 -9999 -9999 -9999 -9999 -9999 -9999 177 171 166
340 340 343 364 381 390 390 385 375 361 349 342 339 338 -9999 -9999 -9999 -9999 -9999 -9999 -9999 -9999 -9999 -9999 -9999 -9999 -9999 -9999 -9999 -9999 -9999 378 365 352 344 337 331 328 326 324 324 324 323 320 320 321 321 322 325 328 332 335 338 339 340 340 330 291 276 270 267 274 263 260 259 259 257 253 247 239 -9999 -9999 -9999 -9999 -9999 -9999 -9999 -9999 -9999 174 170 170
334 334 338 357 378 386 381 373 364 353 342 336 332 330 332 -9999 -9999 -9999 -9999 -9999 -9999 -9999 -9999 -9999 -9999 -9999 -9999 -9999 -9999 404 391 377 364 350 340 333 327 324 322 322 323 324 327 323 323 325 326 328 330 332 334 334 334 333 329 325 307 279 272 266 259 265 265 261 259 258 256 251 247 239 233 225 -9999 -9999 -9999 -9999 -9999 -9999 -9999 174 172 176
328 330 331 348 361 367 365 359 352 343 333 329 326 324 322 321 -9999 -9999 -9999 -9999 -9999 -9999 -9999 -9999 -9999 -9999 -9999 404 406 399 388 375 361 347 334 326 321 318 318 320 322 322 323 323 325 327 330 332 334 335 335 333 330 325 317 309 293 280 269 260 257 265 268 261 259 257 255 251 247 240 233 226 217 -9999 -9999 -9999 -9999 -9999 -9999 174 175 176
327 329 330 334 343 345 344 343 339 333 329 325 321 319 316 316 -9999 -9999 -9999 -9999 -9999 -9999 -9999 -9999 -9999 381 390 396 398 393 384 372 358 343 328 318 313 311 312 316 319 319 321 323 326 330 333 336 338 337 335 332 326 318 307 295 281 274 264 258 259 264 270 266 262 259 256 252 247 243 234 226 220 211 -9999 -9999 -9999 -9999 -9999 173 173 176
331 332 332 333 334 334 334 334 332 329 326 322 318 314 312 311 312 -9999 -9999 -9999 -9999 -9999 -9999 -9999 364 374 384 390 392 389 381 369 355 339 323 309 303 303 305 309 312 314 317 321 326 332 336 339 340 339 336 331 323 312 299 283 271 267 263 266 267 267 271 271 266 262 260 257 253 247 238 233 225 214 202 -9999 -9999 -9999 166 164 164 170
336 336 336 336 337 337 336 335 332 328 323 318 314 310 308 307 309 -9999 -9999 -9999 -9999 -9999 -9999 343 356 368 379 386 389 387 379 368 353 336 318 301 292 294 298 302 305 308 312 317 325 333 339 341 342 340 337 331 321 307 290 272 263 263 265 268 272 275 277 280 277 275 273 267 260 253 248 239 228 222 213 196 -9999 -9999 159 154 156 162
341 340 340 341 341 340 339 337 334 329 323 315 309 305 304 304 305 308 -9999 -9999 -9999 -9999 327 337 351 364 375 384 388 387 380 367 352 334 316 298 286 289 294 296 299 301 305 311 321 333 341 343 342 341 338 332 321 305 283 259 255 259 265 271 278 282 287 289 284 285 277 275 267 257 258 251 244 235 224 209 199 -9999 173 164 159 161
346 345 346 346 346 344 342 341 338 333 326 314 306 303 301 300 301 305 -9999 -9999 -9999 321 327 336 348 361 374 384 390 390 383 369 353 335 316 299 291 293 293 293 293 294 297 303 314 331 342 340 339 339 338 334 325 304 275 249 247 255 264 274 281 287 291 295 290 284 284 281 272 265 267 265 257 250 238 226 219 -9999 -9999 176 170 167
351 351 352 353 352 350 347 346 343 340 334 320 309 303 299 297 302 308 313 -9999 319 322 326 335 347 360 373 385 394 396 388 372 354 336 318 302 295 297 293 289 288 288 289 293 302 316 327 330 332 334 336 335 329 305 269 241 242 252 264 275 283 286 289 289 285 282 282 280 278 279 285 284 279 264 252 246 242 227 -9999 195 183 181
357 359 361 360 358 355 353 352 352 350 342 328 316 311 308 307 311 315 318 -9999 322 324 329 335 345 358 372 384 396 403 392 373 354 336 319 304 295 292 288 284 282 283 281 282 286 296 308 317 322 327 329 329 323 299 267 241 242 253 265 276 283 286 285 280 275 276 277 279 282 286 296 299 303 279 262 262 260 244 -9999 207 205 195
361 365 368 367 363 360 357 357 361 366 366 347 333 325 321 320 321 324 325 325 325 326 329 334 342 355 367 380 391 398 387 369 351 334 318 305 294 288 282 278 275 276 275 273 273 281 294 304 312 317 319 317 307 287 262 241 242 252 264 275 281 282 282 276 272 271 274 279 284 288 298 323 325 303 279 263 260 247 232 221 215 195
362 366 370 369 366 363 360 359 364 368 370 376 345 337 332 331 332 333 332 329 326 324 326 331 339 350 361 371 379 381 373 360 345 330 316 304 294 287 281 277 274 272 272 271 271 277 287 295 302 307 309 305 292 275 253 239 240 248 260 271 278 280 280 270 267 269 275 282 285 287 291 313 329 318 306 286 270 260 247 232 213 191
360 364 367 368 368 366 363 358 362 365 365 359 351 344 340 339 340 342 338 331 324 320 320 325 334 344 354 361 365 364 358 348 336 324 312 302 293 287 282 279 277 274 271 272 273 277 283 289 295 299 302 297 284 267 246 234 239 248 261 271 280 284 268 258 258 264 276 283 283 286 290 307 325 322 314 300 286 273 254 236 216 186
357 360 364 367 368 368 365 361 358 360 360 357 352 347 344 343 344 344 340 331 319 313 310 320 330 339 346 350 352 350 344 336 326 316 306 298 292 288 285 283 279 276 274 274 275 278 282 285 290 296 299 296 283 268 252 244 249 257 272 279 279 273 249 241 251 260 270 279 285 282 290 308 323 319 311 299 287 272 254 234 212 189
352 356 361 366 369 370 368 364 358 355 356 355 352 348 345 344 345 343 338 330 312 298 306 318 328 335 339 341 340 336 331 324 315 308 300 294 291 290 289 286 281 277 276 276 279 281 284 286 289 299 301 298 289 277 267 262 264 270 288 296 277 275 254 241 247 259 270 277 297 290 291 310 320 311 302 292 280 266 249 231 214 198
346 351 359 365 370 373 372 368 361 353 351 352 353 351 347 346 345 341 335 324 307 299 308 318 327 332 333 331 328 323 318 312 305 299 294 290 289 288 291 287 283 279 278 280 283 286 290 293 299 306 309 303 296 288 282 280 279 280 303 309 276 281 271 250 252 260 270 290 302 300 294 301 302 297 291 283 272 259 243 228 214 204
342 349 357 365 372 377 377 373 365 355 345 349 352 357 359 352 345 339 330 318 305 303 310 319 328 331 327 322 316 311 306 300 295 291 289 285 283 283 287 286 281 279 281 284 287 291 295 301 312 319 314 308 301 300 300 297 290 291 301 302 279 272 299 260 257 268 278 280 292 288 286 287 289 285 280 274 265 253 237 223 210 206
344 349 356 364 373 380 383 379 369 356 344 343 348 355 358 351 343 335 325 314 305 305 309 317 325 326 318 310 304 299 295 290 285 283 279 278 279 280 280 281 279 280 283 287 291 295 299 306 319 323 313 309 307 310 312 305 296 296 312 296 274 276 306 284 266 263 282 275 273 267 259 263 280 275 273 268 261 249 235 219 208 -9999
344 348 353 361 371 381 389 383 369 355 341 335 340 344 345 342 336 330 322 312 304 303 305 308 311 310 303 297 291 286 283 279 277 274 272 273 277 281 282 280 279 281 285 289 294 298 301 305 307 308 309 309 312 319 316 308 301 300 324 295 274 268 303 319 316 286 267 254 267 242 235 237 253 272 269 266 261 252 237 221 208 -9999
341 343 347 355 363 374 385 379 365 351 337 325 328 330 330 328 325 322 317 305 301 299 298 298 296 293 288 282 281 276 275 270 269 268 268 268 274 279 282 276 277 280 285 291 297 302 304 302 297 300 306 310 317 319 316 308 308 316 337 306 284 268 293 318 335 301 267 258 247 226 227 231 264 279 272 268 264 257 242 227 217 216
331 333 337 345 350 358 364 362 355 343 330 316 314 315 314 312 309 308 302 297 294 293 291 288 284 279 274 275 279 274 271 264 262 263 263 264 268 272 271 272 274 278 284 291 298 305 308 305 303 304 306 311 313 316 314 310 320 356 382 344 324 284 292 295 295 315 290 272 250 226 239 249 282 287 279 273 267 261 248 237 227 219
316 321 324 331 335 339 344 346 342 333 321 309 304 303 300 298 295 290 289 287 286 287 286 283 276 269 268 279 283 280 273 268 264 260 258 258 262 266 265 266 270 275 282 289 298 306 310 311 310 309 309 314 319 322 319 315 343 366 375 341 311 303 281 280 307 347 318 307 239 229 238 262 292 290 281 276 269 263 252 241 231 222
300 307 314 317 318 324 329 332 330 324 312 301 292 288 285 281 278 278 279 278 278 281 285 285 282 277 281 291 294 291 284 275 272 265 258 255 257 259 262 266 271 274 277 286 296 307 312 315 315 310 311 316 321 323 323 329 329 334 338 328 303 303 288 319 355 332 274 243 229 232 241 273 295 294 283 275 268 262 254 243 234 228
284 294 304 308 312 323 329 325 322 314 302 290 280 274 271 267 267 268 270 270 271 278 287 293 298 302 307 312 310 303 294 284 277 272 264 261 261 262 265 268 272 275 278 282 295 307 313 314 310 307 310 320 330 327 326 326 316 317 322 330 299 301 295 322 332 330 264 238 229 229 233 260 267 272 277 272 269 263 255 247 235 231
275 288 303 328 336 333 325 318 311 300 288 275 265 259 255 253 254 258 262 265 269 280 292 305 318 327 333 336 328 317 305 293 285 278 272 268 267 267 269 271 274 277 279 281 291 305 314 314 306 298 299 324 339 348 350 319 310 315 316 314 296 292 291 296 307 306 253 237 230 225 224 231 244 257 271 272 270 266 256 246 239 228
283 305 333 346 339 325 313 304 297 281 264 252 243 234 235 239 246 252 260 265 273 285 299 315 332 348 363 363 343 327 312 299 289 282 277 274 272 272 271 273 276 279 281 282 286 305 317 318 309 303 303 330 354 388 357 314 304 303 304 304 295 289 288 287 287 283 248 240 235 230 228 250 244 254 272 272 270 266 263 254 236 230
290 310 343 362 339 324 310 292 274 254 237 221 212 213 219 228 236 245 254 264 275 290 306 322 337 355 376 374 353 332 314 297 287 280 278 277 274 273 273 274 277 280 284 285 285 308 326 327 321 323 321 345 405 383 344 311 300 292 289 299 295 290 284 279 277 272 259 250 246 244 260 270 257 263 272 272 273 275 269 256 246 239
291 305 341 355 339 318 296 274 252 229 207 188 194 203 212 220 230 244 255 266 278 294 309 323 338 351 362 363 353 337 320 306 295 283 281 277 274 273 273 275 277 280 285 287 292 315 332 337 332 336 350 375 377 349 320 303 296 281 282 295 292 284 277 275 273 281 277 263 267 262 267 274 268 268 273 274 274 275 275 265 254 247
291 305 327 330 319 301 281 258 234 210 183 177 190 206 211 219 226 240 255 272 285 297 310 322 334 345 352 352 346 335 324 313 303 292 289 276 275 272 273 274 276 279 281 290 304 320 338 348 345 347 355 346 330 312 301 291 280 274 278 283 280 276 272 270 268 289 296 283 284 284 277 277 275 271 272 273 275 276 274 266 259 253
293 303 309 308 299 284 265 245 226 209 178 174 183 199 212 220 227 241 256 272 284 296 308 319 328 335 339 340 336 328 319 311 305 301 299 294 285 272 272 273 278 286 298 306 313 323 347 361 357 355 347 327 302 292 284 271 266 270 274 281 279 274 266 260 251 286 296 289 290 288 285 277 276 277 274 274 277 274 270 264 261 255
289 291 294 290 281 269 253 236 220 202 185 178 187 202 211 225 233 245 260 272 284 296 307 316 322 326 327 329 328 323 313 306 299 297 301 300 288 280 278 279 286 295 305 308 308 311 345 362 357 352 329 298 284 277 267 261 261 268 272 277 277 271 265 248 239 261 285 291 292 290 286 282 274 277 276 276 271 269 264 262 260 255
