data/studyarea/bio18.asc
NCOLS 462 
NROWS 586 
XLLCORNER -113 
YLLCORNER -53.1666666666667 
CELLSIZE 0.166666666666667 
NODATA_value -9999 
[rows 252 to 287 of 586, columns 164 to 245 of 462]
-9999 -9999 -9999 -9999 -9999 -9999 -9999 -9999 -9999 -9999 -9999 -9999 -9999 -9999 -9999 -9999 -9999 -9999 -9999 -9999 -9999 -9999 -9999 -9999 -9999 -9999 -9999 -9999 -9999 -9999 -9999 -9999 -9999 -9999 -9999 -9999 -9999 -9999 -9999 -9999 -9999 -9999 985 1047 1108 1145 1204 1360 1200 889 430 393 342 271 254 527 447 357 469 412 364 477 501 373 336 356 400 459 490 444 344 295 273 245 230 221 214 212 213 214 216 219
-9999 -9999 -9999 -9999 -9999 -9999 -9999 -9999 -9999 -9999 -9999 -9999 -9999 -9999 -9999 -9999 -9999 -9999 -9999 -9999 -9999 -9999 -9999 -9999 -9999 -9999 -9999 -9999 -9999 -9999 -9999 -9999 -9999 -9999 -9999 -9999 -9999 -9999 -9999 -9999 -9999 910 984 1102 1194 1243 1252 1227 910 822 809 296 290 264 601 542 489 476 480 347 328 599 395 343 355 364 389 416 422 390 334 285 256 237 223 214 209 214 217 220 224 229
-9999 -9999 -9999 -9999 -9999 -9999 -9999 -9999 -9999 -9999 -9999 -9999 -9999 -9999 -9999 -9999 -9999 -9999 -9999 -9999 -9999 -9999 -9999 -9999 -9999 -9999 -9999 -9999 -9999 -9999 -9999 -9999 -9999 -9999 -9999 -9999 -9999 -9999 -9999 -9999 -9999 913 1005 1179 1320 1367 1290 1082 772 709 692 219 222 640 530 469 482 464 346 305 494 512 344 371 402 374 377 383 377 349 310 272 244 228 219 212 212 217 223 228 234 240
-9999 -9999 -9999 -9999 -9999 -9999 -9999 -9999 -9999 -9999 -9999 -9999 -9999 -9999 -9999 -9999 -9999 -9999 -9999 -9999 -9999 -9999 -9999 -9999 -9999 -9999 -9999 -9999 -9999 -9999 -9999 -9999 -9999 -9999 -9999 -9999 -9999 -9999 -9999 -9999 -9999 734 1090 1278 1494 1539 1331 934 675 259 206 190 189 520 520 539 415 368 391 340 386 366 433 533 465 410 385 370 353 325 294 264 243 230 222 219 222 227 231 237 245 253
-9999 -9999 -9999 -9999 -9999 -9999 -9999 -9999 -9999 -9999 -9999 -9999 -9999 -9999 -9999 -9999 -9999 -9999 -9999 -9999 -9999 -9999 -9999 -9999 -9999 -9999 -9999 -9999 -9999 -9999 -9999 -9999 -9999 -9999 -9999 -9999 -9999 -9999 -9999 709 740 818 1067 1373 1418 1457 1308 898 339 233 210 187 519 520 503 519 568 419 334 379 439 388 526 536 480 428 394 369 346 320 295 271 253 239 233 231 231 237 242 249 256 266
-9999 -9999 -9999 -9999 -9999 -9999 -9999 -9999 -9999 -9999 -9999 -9999 -9999 -9999 -9999 -9999 -9999 -9999 -9999 -9999 -9999 -9999 -9999 -9999 -9999 -9999 -9999 -9999 -9999 -9999 -9999 -9999 -9999 -9999 -9999 -9999 -9999 -9999 -9999 722 795 909 1110 1395 1630 1356 1080 845 580 256 200 520 608 579 489 586 652 545 482 437 456 498 389 354 467 429 396 370 345 322 298 278 263 252 245 243 244 249 254 262 270 280
-9999 -9999 -9999 -9999 -9999 -9999 -9999 -9999 -9999 -9999 -9999 -9999 -9999 -9999 -9999 -9999 -9999 -9999 -9999 -9999 -9999 -9999 -9999 -9999 -9999 -9999 -9999 -9999 -9999 -9999 -9999 -9999 -9999 -9999 -9999 -9999 -9999 -9999 -9999 -9999 917 965 1098 1315 1496 1565 1194 775 527 508 173 489 669 591 550 487 566 477 536 495 437 400 373 347 328 311 394 372 350 328 309 291 278 268 261 259 253 263 270 278 287 298
-9999 -9999 -9999 -9999 -9999 -9999 -9999 -9999 -9999 -9999 -9999 -9999 -9999 -9999 -9999 -9999 -9999 -9999 -9999 -9999 -9999 -9999 -9999 -9999 -9999 -9999 -9999 -9999 -9999 -9999 -9999 -9999 -9999 -9999 -9999 -9999 -9999 -9999 -9999 814 887 935 1041 1186 1461 1109 672 519 471 465 440 592 665 537 711 590 684 626 606 591 462 407 372 347 325 413 393 373 356 337 320 304 294 285 279 276 275 281 286 294 304 314
-9999 -9999 -9999 -9999 -9999 -9999 -9999 -9999 -9999 -9999 -9999 -9999 -9999 -9999 -9999 -9999 -9999 -9999 -9999 -9999 -9999 -9999 -9999 -9999 -9999 -9999 -9999 -9999 -9999 -9999 -9999 -9999 -9999 -9999 -9999 -9999 345 437 654 818 856 862 1016 1144 1156 669 455 423 377 386 476 530 502 645 838 777 828 784 706 611 539 419 375 347 326 310 393 379 364 348 333 321 310 302 297 295 296 297 304 312 321 332
-9999 -9999 -9999 -9999 -9999 -9999 -9999 -9999 -9999 -9999 -9999 -9999 -9999 -9999 -9999 -9999 -9999 -9999 -9999 -9999 -9999 -9999 -9999 -9999 -9999 -9999 -9999 -9999 -9999 -9999 -9999 -9999 -9999 -9999 524 353 378 499 732 979 1007 936 1035 908 641 437 428 342 329 411 466 532 536 805 904 872 824 769 693 611 541 481 377 348 329 315 398 387 374 361 348 338 328 321 316 315 314 316 322 331 340 351
-9999 -9999 -9999 -9999 -9999 -9999 -9999 -9999 -9999 -9999 -9999 -9999 -9999 -9999 -9999 -9999 -9999 -9999 -9999 -9999 -9999 -9999 -9999 -9999 -9999 -9999 -9999 -9999 -9999 -9999 -9999 -9999 -9999 651 631 511 556 678 864 1025 1011 931 794 671 514 354 397 316 317 392 376 621 796 860 905 938 924 872 678 605 536 616 573 399 334 320 409 399 389 377 365 355 346 340 335 333 333 337 343 350 360 372
-9999 -9999 -9999 -9999 -9999 -9999 -9999 -9999 -9999 -9999 -9999 -9999 -9999 -9999 -9999 -9999 -9999 -9999 -9999 -9999 -9999 -9999 -9999 -9999 -9999 -9999 -9999 -9999 -9999 -9999 -9999 -9999 -9999 786 785 790 759 889 1039 1058 958 844 714 518 372 258 265 309 312 322 540 726 785 837 902 938 900 839 773 708 650 602 567 404 386 330 423 415 405 395 384 374 366 360 354 352 353 357 362 371 380 391
-9999 -9999 -9999 -9999 -9999 -9999 -9999 -9999 -9999 -9999 -9999 -9999 -9999 -9999 -9999 -9999 -9999 -9999 -9999 -9999 -9999 -9999 -9999 -9999 -9999 -9999 -9999 -9999 -9999 -9999 -9999 -9999 -9999 727 790 963 929 1039 1166 1157 977 862 662 484 334 204 227 275 322 435 646 704 757 826 906 921 865 801 736 678 526 479 441 413 393 448 443 435 425 414 403 394 386 380 374 373 374 377 382 389 400 411
-9999 -9999 -9999 -9999 -9999 -9999 -9999 -9999 -9999 -9999 -9999 -9999 -9999 -9999 -9999 -9999 -9999 -9999 -9999 -9999 -9999 -9999 -9999 -9999 -9999 -9999 -9999 -9999 -9999 -9999 -9999 -9999 -9999 630 742 1026 1111 1239 1398 1361 975 843 642 448 345 332 316 294 545 646 661 729 779 831 872 868 821 760 697 568 520 480 447 422 470 388 466 457 445 433 422 413 405 398 395 393 394 396 402 409 419 431
-9999 -9999 -9999 -9999 -9999 -9999 -9999 -9999 -9999 -9999 -9999 -9999 -9999 -9999 -9999 -9999 -9999 -9999 -9999 -9999 -9999 -9999 -9999 -9999 -9999 -9999 -9999 -9999 -9999 -9999 -9999 -9999 -9999 564 780 1049 1193 1385 1590 1749 1190 925 592 348 353 359 284 302 691 667 719 791 851 867 860 835 785 728 601 554 515 480 452 484 483 492 491 479 464 452 442 432 423 418 414 412 413 427 436 448 438 451
-9999 -9999 -9999 -9999 -9999 -9999 -9999 -9999 -9999 -9999 -9999 -9999 -9999 -9999 -9999 -9999 -9999 -9999 -9999 -9999 -9999 -9999 -9999 -9999 -9999 -9999 -9999 -9999 -9999 -9999 -9999 -9999 443 578 809 1068 1286 1503 1654 1642 1231 886 475 322 328 297 292 322 543 781 773 855 914 887 845 805 757 705 593 550 512 480 455 487 491 505 510 495 482 393 395 398 402 408 414 422 431 440 452 462 473 486
-9999 -9999 -9999 -9999 -9999 -9999 -9999 -9999 -9999 -9999 -9999 -9999 -9999 -9999 -9999 -9999 -9999 -9999 -9999 -9999 -9999 -9999 -9999 -9999 -9999 -9999 -9999 -9999 -9999 -9999 -9999 346 429 602 821 1107 1358 1510 1527 1217 1073 722 503 434 318 303 293 454 537 795 816 881 907 872 819 779 737 690 586 545 510 481 460 492 494 503 509 502 492 408 474 413 416 421 428 436 444 455 467 476 487 499
-9999 -9999 -9999 -9999 -9999 -9999 -9999 -9999 -9999 -9999 -9999 -9999 -9999 -9999 -9999 -9999 -9999 -9999 -9999 -9999 -9999 -9999 -9999 -9999 -9999 -9999 -9999 -9999 -9999 -9999 -9999 339 458 593 865 1125 1305 1451 1450 1022 940 661 436 341 321 300 354 423 575 829 837 881 888 845 791 758 722 619 577 538 505 480 465 456 501 507 510 508 423 424 425 427 431 436 443 451 459 469 481 492 502 513
-9999 -9999 -9999 -9999 -9999 -9999 -9999 -9999 -9999 -9999 -9999 -9999 -9999 -9999 -9999 -9999 -9999 -9999 -9999 -9999 -9999 -9999 -9999 -9999 -9999 -9999 -9999 -9999 -9999 -9999 -9999 355 469 664 942 1151 1332 1457 1433 948 604 420 373 323 311 294 392 575 711 869 845 864 868 834 791 751 714 611 571 533 500 479 468 461 508 512 515 441 438 439 441 443 447 452 457 465 473 482 494 505 514 526
-9999 -9999 -9999 -9999 -9999 -9999 -9999 -9999 -9999 -9999 -9999 -9999 -9999 -9999 -9999 -9999 -9999 -9999 -9999 -9999 -9999 -9999 -9999 -9999 -9999 -9999 -9999 -9999 -9999 -9999 235 340 472 721 724 1178 1318 1411 1461 978 410 275 265 325 275 337 571 834 890 846 834 849 847 825 793 751 715 676 567 530 494 479 475 469 464 459 457 456 455 456 459 462 465 469 474 480 488 496 506 517 527 538
-9999 -9999 -9999 -9999 -9999 -9999 -9999 -9999 -9999 -9999 -9999 -9999 -9999 -9999 -9999 -9999 -9999 -9999 -9999 -9999 -9999 -9999 -9999 -9999 -9999 -9999 -9999 -9999 106 132 206 321 560 591 774 912 1286 1368 1469 914 310 235 156 296 248 458 751 943 906 843 838 848 843 818 789 758 714 605 569 534 507 495 486 477 472 471 471 473 474 475 478 481 483 487 491 496 503 511 520 530 540 551
-9999 -9999 -9999 -9999 -9999 -9999 -9999 -9999 -9999 -9999 -9999 -9999 -9999 -9999 -9999 -9999 -9999 -9999 -9999 -9999 -9999 -9999 -9999 -9999 -9999 -9999 -9999 -9999 136 179 249 371 504 752 769 853 1205 1284 1310 834 318 235 135 270 248 527 888 921 898 877 858 849 832 811 780 759 720 607 573 543 519 504 492 485 481 483 486 490 494 497 499 501 502 505 507 513 518 526 535 542 553 564
-9999 -9999 -9999 -9999 -9999 -9999 -9999 -9999 -9999 -9999 -9999 -9999 -9999 -9999 -9999 -9999 -9999 -9999 -9999 -9999 -9999 -9999 -9999 -9999 -9999 -9999 -9999 75 126 178 337 499 781 873 927 1057 1172 1260 1240 704 325 169 118 196 246 502 981 986 933 903 873 853 839 809 778 748 717 607 577 549 525 508 495 489 491 496 504 510 515 520 523 524 524 525 526 530 535 542 549 558 567 576
-9999 -9999 -9999 -9999 -9999 -9999 -9999 -9999 -9999 -9999 -9999 -9999 -9999 -9999 -9999 -9999 -9999 -9999 -9999 -9999 -9999 -9999 -9999 -9999 -9999 -9999 -9999 -9999 -9999 221 416 698 813 819 842 988 1204 1308 1158 531 288 237 138 194 375 753 1068 1058 984 922 887 855 832 805 778 750 719 610 581 555 532 511 495 493 501 511 522 533 542 547 551 550 549 546 547 548 553 559 566 572 581 590
-9999 -9999 -9999 -9999 -9999 -9999 -9999 -9999 -9999 -9999 -9999 -9999 -9999 -9999 -9999 -9999 -9999 -9999 -9999 -9999 -9999 -9999 -9999 -9999 -9999 -9999 -9999 -9999 134 220 468 627 724 713 743 828 1045 1280 1139 507 314 233 144 208 343 918 1053 988 969 930 893 861 828 802 774 745 717 613 588 563 539 517 500 502 515 530 546 560 571 580 583 582 577 570 567 569 574 578 582 588 595 601
-9999 -9999 -9999 -9999 -9999 -9999 -9999 -9999 -9999 -9999 -9999 -9999 -9999 -9999 -9999 -9999 -9999 -9999 -9999 -9999 -9999 -9999 -9999 -9999 -9999 -9999 -9999 -9999 -9999 219 462 587 629 619 670 759 965 1193 1143 478 320 260 167 210 361 815 973 953 910 892 872 847 822 793 765 742 716 617 595 574 553 535 521 524 538 554 573 590 605 616 622 621 613 599 592 594 596 599 601 605 609 614
-9999 -9999 -9999 -9999 -9999 -9999 -9999 -9999 -9999 -9999 -9999 -9999 -9999 -9999 -9999 -9999 -9999 -9999 -9999 -9999 -9999 -9999 -9999 -9999 -9999 -9999 -9999 -9999 -9999 184 310 559 572 554 604 762 933 1107 1105 496 342 274 189 208 395 711 867 882 863 854 838 823 804 779 756 733 711 620 603 585 568 556 550 553 565 584 603 623 642 659 669 669 660 643 632 628 626 624 624 622 623 627
-9999 -9999 -9999 -9999 -9999 -9999 -9999 -9999 -9999 -9999 -9999 -9999 -9999 -9999 -9999 -9999 -9999 -9999 -9999 -9999 -9999 -9999 -9999 -9999 -9999 -9999 -9999 -9999 -9999 171 282 529 628 600 595 711 849 1027 1167 575 351 244 154 231 438 655 764 805 808 800 798 789 780 764 745 725 705 622 610 597 586 577 575 581 592 612 634 658 682 705 719 725 717 698 681 667 645 643 641 639 637 638
-9999 -9999 -9999 -9999 -9999 -9999 -9999 -9999 -9999 -9999 -9999 -9999 -9999 -9999 -9999 -9999 -9999 -9999 -9999 -9999 -9999 -9999 -9999 -9999 -9999 -9999 -9999 80 118 159 281 424 469 474 504 623 818 1014 1175 874 301 236 155 315 496 606 699 733 750 746 751 751 750 742 733 719 700 624 615 608 600 595 557 604 618 638 663 691 720 749 773 770 755 727 700 705 667 658 651 648 642 640
-9999 -9999 -9999 -9999 -9999 -9999 -9999 -9999 -9999 -9999 -9999 -9999 -9999 -9999 -9999 -9999 -9999 -9999 -9999 -9999 -9999 -9999 -9999 -9999 -9999 -9999 -9999 -9999 137 171 266 309 344 396 456 591 820 1046 988 462 249 181 206 312 513 567 657 675 687 697 711 716 718 716 712 706 695 622 598 585 610 608 612 622 639 660 688 718 752 785 802 811 797 764 730 704 685 672 662 654 649 644
-9999 -9999 -9999 -9999 -9999 -9999 -9999 -9999 -9999 -9999 -9999 -9999 -9999 -9999 -9999 -9999 -9999 -9999 -9999 -9999 -9999 -9999 -9999 -9999 -9999 -9999 -9999 -9999 -9999 -9999 244 269 306 383 457 569 726 858 549 203 201 219 284 449 530 621 616 622 645 661 677 684 687 686 683 682 678 616 612 612 582 581 586 596 654 633 705 687 771 796 816 828 813 781 748 720 699 682 671 664 656 651
-9999 -9999 -9999 -9999 -9999 -9999 -9999 -9999 -9999 -9999 -9999 -9999 -9999 -9999 -9999 -9999 -9999 -9999 -9999 -9999 -9999 -9999 -9999 -9999 -9999 -9999 -9999 -9999 -9999 -9999 -9999 270 293 355 420 523 493 448 252 242 206 188 230 482 533 658 602 599 620 637 651 657 658 655 650 645 594 589 584 580 580 584 592 606 625 648 674 702 773 795 812 818 805 780 752 726 706 691 680 672 664 658
-9999 -9999 -9999 -9999 -9999 -9999 -9999 -9999 -9999 -9999 -9999 -9999 -9999 -9999 -9999 -9999 -9999 -9999 -9999 -9999 -9999 -9999 -9999 -9999 -9999 -9999 -9999 -9999 -9999 -9999 -9999 209 269 307 400 465 446 173 261 211 230 200 239 536 584 630 577 591 602 619 631 635 632 625 618 585 569 568 568 570 574 581 593 609 632 657 724 712 784 789 800 803 793 771 747 722 705 694 688 681 672 665
-9999 -9999 -9999 -9999 -9999 -9999 -9999 -9999 -9999 -9999 -9999 -9999 -9999 -9999 -9999 -9999 -9999 -9999 -9999 -9999 -9999 -9999 -9999 -9999 -9999 -9999 -9999 -9999 -9999 -9999 -9999 203 229 270 359 460 373 220 237 220 194 211 375 560 581 576 567 583 593 607 616 616 609 598 585 573 544 547 550 556 563 574 589 610 634 662 726 717 782 782 790 790 780 762 737 712 696 696 694 688 679 668
-9999 -9999 -9999 -9999 -9999 -9999 -9999 -9999 -9999 -9999 -9999 -9999 -9999 -9999 -9999 -9999 -9999 -9999 -9999 -9999 -9999 -9999 -9999 -9999 -9999 -9999 -9999 -9999 -9999 -9999 -9999 151 209 263 318 435 369 157 144 189 213 267 500 568 612 681 571 582 589 601 605 602 593 578 563 548 525 529 535 544 552 618 635 657 682 666 695 754 761 774 779 779 772 755 730 700 680 697 706 696 684 675
-9999 -9999 -9999 -9999 -9999 -9999 -9999 -9999 -9999 -9999 -9999 -9999 -9999 -9999 -9999 -9999 -9999 -9999 -9999 -9999 -9999 -9999 -9999 -9999 -9999 -9999 -9999 -9999 -9999 -9999 -9999 151 199 270 352 398 99 102 164 153 228 338 508 545 655 650 568 585 589 599 601 597 583 567 546 541 514 518 525 533 542 554 572 647 675 669 700 743 755 764 766 767 766 754 732 699 680 697 708 700 686 678
