data/studyarea/bio19.asc
NCOLS 462 
NROWS 586 
XLLCORNER -113 
YLLCORNER -53.1666666666667 
CELLSIZE 0.166666666666667 
NODATA_value -9999 
[rows 432 to 467 of 586, columns 246 to 327 of 462]
-9999 -9999 -9999 -9999 -9999 -9999 -9999 -9999 -9999 -9999 -9999 -9999 -9999 -9999 -9999 -9999 -9999 -9999 -9999 -9999 -9999 -9999 -9999 -9999 -9999 -9999 -9999 -9999 8 8 9 11 15 22 21 18 24 54 74 72 59 46 35 27 21 17 16 15 16 18 18 21 24 26 29 31 34 37 39 42 44 48 51 54 57 61 64 68 73 79 86 92 99 107 113 122 129 135 138 145 152 162
-9999 -9999 -9999 -9999 -9999 -9999 -9999 -9999 -9999 -9999 -9999 -9999 -9999 -9999 -9999 -9999 -9999 -9999 -9999 -9999 -9999 -9999 -9999 -9999 -9999 -9999 -9999 -9999 7 11 13 16 23 26 30 18 22 32 42 48 46 39 31 26 21 16 16 15 16 18 19 22 24 27 30 33 36 39 42 44 47 49 53 56 60 63 66 71 76 81 87 95 101 107 114 120 127 133 138 143 151 160
-9999 -9999 -9999 -9999 -9999 -9999 -9999 -9999 -9999 -9999 -9999 -9999 -9999 -9999 -9999 -9999 -9999 -9999 -9999 -9999 -9999 -9999 -9999 -9999 -9999 -9999 -9999 -9999 8 11 14 16 20 23 27 17 21 25 30 34 34 31 27 23 20 17 16 17 18 19 21 23 25 29 32 35 38 41 44 46 49 52 55 58 61 66 70 73 78 84 91 96 103 109 114 121 126 132 136 142 149 159
-9999 -9999 -9999 -9999 -9999 -9999 -9999 -9999 -9999 -9999 -9999 -9999 -9999 -9999 -9999 -9999 -9999 -9999 -9999 -9999 -9999 -9999 -9999 -9999 -9999 -9999 -9999 -9999 7 10 14 17 20 21 21 15 19 22 24 26 26 26 24 21 20 17 17 18 18 20 21 24 26 31 33 37 40 43 46 48 51 54 57 61 65 68 72 77 82 87 93 99 105 109 116 120 126 130 135 140 148 157
-9999 -9999 -9999 -9999 -9999 -9999 -9999 -9999 -9999 -9999 -9999 -9999 -9999 -9999 -9999 -9999 -9999 -9999 -9999 -9999 -9999 -9999 -9999 -9999 -9999 -9999 -9999 -9999 8 10 13 15 17 20 18 15 17 19 20 20 21 21 21 21 20 19 18 18 20 21 23 25 29 32 36 40 42 45 48 50 53 57 60 64 68 72 75 80 84 89 96 101 107 111 116 122 126 129 134 140 148 156
-9999 -9999 -9999 -9999 -9999 -9999 -9999 -9999 -9999 -9999 -9999 -9999 -9999 -9999 -9999 -9999 -9999 -9999 -9999 -9999 -9999 -9999 -9999 -9999 -9999 -9999 -9999 -9999 8 9 11 14 17 17 17 15 16 17 18 19 20 20 20 20 20 20 20 20 22 23 25 27 31 35 39 43 45 47 50 53 55 59 61 65 69 74 79 84 89 94 99 103 109 113 117 121 125 129 133 140 148 157
-9999 -9999 -9999 -9999 -9999 -9999 -9999 -9999 -9999 -9999 -9999 -9999 -9999 -9999 -9999 -9999 -9999 -9999 -9999 -9999 -9999 -9999 -9999 -9999 -9999 -9999 -9999 -9999 8 10 10 14 14 14 13 14 16 17 17 16 18 18 19 20 20 20 21 22 23 26 27 29 34 36 41 45 47 50 51 55 57 61 64 68 72 77 81 86 92 97 101 106 111 115 118 122 126 131 135 142 149 158
-9999 -9999 -9999 -9999 -9999 -9999 -9999 -9999 -9999 -9999 -9999 -9999 -9999 -9999 -9999 -9999 -9999 -9999 -9999 -9999 -9999 -9999 -9999 -9999 -9999 -9999 -9999 -9999 -9999 12 10 11 14 13 13 16 16 16 15 16 17 19 19 19 21 21 22 23 25 26 29 32 35 39 42 45 47 51 53 56 60 63 66 70 74 79 84 90 95 100 105 109 113 117 120 123 128 132 137 142 149 158
-9999 -9999 -9999 -9999 -9999 -9999 -9999 -9999 -9999 -9999 -9999 -9999 -9999 -9999 -9999 -9999 -9999 -9999 -9999 -9999 -9999 -9999 -9999 -9999 -9999 -9999 -9999 -9999 -9999 13 10 11 12 15 16 16 16 16 15 15 18 18 18 19 20 21 23 24 26 29 31 34 36 40 43 47 49 52 54 58 60 65 68 72 76 81 86 92 98 103 108 112 116 118 121 124 129 133 138 142 150 157
-9999 -9999 -9999 -9999 -9999 -9999 -9999 -9999 -9999 -9999 -9999 -9999 -9999 -9999 -9999 -9999 -9999 -9999 -9999 -9999 -9999 -9999 -9999 -9999 -9999 -9999 -9999 -9999 -9999 10 10 11 14 15 16 16 16 16 14 15 17 17 18 18 20 22 24 25 28 30 33 35 39 42 45 47 50 53 55 58 62 65 69 74 78 82 89 95 100 107 112 115 116 119 122 124 129 132 137 142 148 155
-9999 -9999 -9999 -9999 -9999 -9999 -9999 -9999 -9999 -9999 -9999 -9999 -9999 -9999 -9999 -9999 -9999 -9999 -9999 -9999 -9999 -9999 -9999 -9999 -9999 -9999 -9999 -9999 -9999 -9999 10 13 15 15 15 15 15 15 14 15 16 18 18 18 21 23 24 27 29 32 35 38 41 43 46 48 52 54 56 59 63 66 70 75 80 84 90 95 101 108 114 117 116 118 120 123 126 131 135 140 145 152
-9999 -9999 -9999 -9999 -9999 -9999 -9999 -9999 -9999 -9999 -9999 -9999 -9999 -9999 -9999 -9999 -9999 -9999 -9999 -9999 -9999 -9999 -9999 -9999 -9999 -9999 -9999 -9999 -9999 -9999 12 13 13 14 15 15 15 15 15 15 16 17 17 19 20 23 25 28 30 33 38 40 42 45 47 50 51 54 57 61 64 67 72 76 80 85 90 96 102 108 114 114 115 115 118 121 125 128 133 136 141 146
-9999 -9999 -9999 -9999 -9999 -9999 -9999 -9999 -9999 -9999 -9999 -9999 -9999 -9999 -9999 -9999 -9999 -9999 -9999 -9999 -9999 -9999 -9999 -9999 -9999 -9999 -9999 -9999 -9999 -9999 -9999 13 13 14 14 14 14 15 15 16 16 17 17 19 21 22 26 28 32 36 40 42 43 46 48 50 52 55 58 61 65 69 73 77 81 86 91 95 100 105 106 109 112 113 116 119 123 127 131 135 138 141
-9999 -9999 -9999 -9999 -9999 -9999 -9999 -9999 -9999 -9999 -9999 -9999 -9999 -9999 -9999 -9999 -9999 -9999 -9999 -9999 -9999 -9999 -9999 -9999 -9999 -9999 -9999 -9999 -9999 -9999 -9999 12 13 13 14 14 14 15 15 15 17 17 18 19 21 23 26 29 33 38 42 43 45 47 50 51 53 55 59 62 65 69 73 79 82 86 90 96 100 103 106 108 109 112 114 116 121 126 130 134 137 139
-9999 -9999 -9999 -9999 -9999 -9999 -9999 -9999 -9999 -9999 -9999 -9999 -9999 -9999 -9999 -9999 -9999 -9999 -9999 -9999 -9999 -9999 -9999 -9999 -9999 -9999 -9999 -9999 -9999 -9999 -9999 -9999 12 12 13 15 15 15 15 15 16 17 18 19 20 22 26 29 34 40 43 45 46 48 51 52 54 57 60 62 66 70 74 78 82 88 92 96 99 103 106 109 110 111 112 115 120 126 131 135 138 141
-9999 -9999 -9999 -9999 -9999 -9999 -9999 -9999 -9999 -9999 -9999 -9999 -9999 -9999 -9999 -9999 -9999 -9999 -9999 -9999 -9999 -9999 -9999 -9999 -9999 -9999 -9999 -9999 -9999 -9999 -9999 -9999 12 12 12 14 14 15 15 16 17 17 18 19 21 23 27 30 35 40 43 45 46 49 51 53 54 57 59 63 67 72 75 80 84 87 92 96 101 104 107 110 111 113 112 116 123 128 134 139 144 149
-9999 -9999 -9999 -9999 -9999 -9999 -9999 -9999 -9999 -9999 -9999 -9999 -9999 -9999 -9999 -9999 -9999 -9999 -9999 -9999 -9999 -9999 -9999 -9999 -9999 -9999 -9999 -9999 -9999 -9999 -9999 -9999 -9999 12 13 13 15 15 15 17 17 17 19 20 21 23 27 31 35 38 42 44 47 49 52 53 56 58 61 64 68 72 76 80 84 88 93 97 102 105 109 112 114 115 117 120 126 132 137 144 150 157
-9999 -9999 -9999 -9999 -9999 -9999 -9999 -9999 -9999 -9999 -9999 -9999 -9999 -9999 -9999 -9999 -9999 -9999 -9999 -9999 -9999 -9999 -9999 -9999 -9999 -9999 -9999 -9999 -9999 -9999 -9999 -9999 -9999 -9999 13 13 14 15 17 17 18 20 20 21 23 26 28 32 35 38 41 43 46 49 51 54 56 59 63 66 70 74 77 81 85 89 93 97 102 107 111 116 119 121 122 125 130 137 142 150 158 167
-9999 -9999 -9999 -9999 -9999 -9999 -9999 -9999 -9999 -9999 -9999 -9999 -9999 -9999 -9999 -9999 -9999 -9999 -9999 -9999 -9999 -9999 -9999 -9999 -9999 -9999 -9999 -9999 -9999 -9999 -9999 -9999 -9999 -9999 -9999 14 15 17 17 18 20 20 21 23 25 26 30 32 35 39 41 44 45 48 52 54 57 61 63 67 71 75 78 82 85 89 94 98 104 108 114 120 125 127 126 129 134 141 148 157 166 177
-9999 -9999 -9999 -9999 -9999 -9999 -9999 -9999 -9999 -9999 -9999 -9999 -9999 -9999 -9999 -9999 -9999 -9999 -9999 -9999 -9999 -9999 -9999 -9999 -9999 -9999 -9999 -9999 -9999 -9999 -9999 -9999 -9999 -9999 -9999 -9999 17 17 18 20 20 22 24 25 27 28 31 34 35 38 40 43 46 48 52 55 57 60 64 68 72 76 80 84 86 90 94 99 103 109 116 123 131 134 130 134 139 145 153 163 173 185
-9999 -9999 -9999 -9999 -9999 -9999 -9999 -9999 -9999 -9999 -9999 -9999 -9999 -9999 -9999 -9999 -9999 -9999 -9999 -9999 -9999 -9999 -9999 -9999 -9999 -9999 -9999 -9999 -9999 -9999 -9999 -9999 -9999 -9999 -9999 -9999 -9999 17 20 20 21 23 25 27 29 31 34 36 36 38 40 43 46 49 52 54 58 61 65 68 73 77 81 84 85 90 95 99 103 108 115 123 132 135 135 137 142 149 158 168 179 191
-9999 -9999 -9999 -9999 -9999 -9999 -9999 -9999 -9999 -9999 -9999 -9999 -9999 -9999 -9999 -9999 -9999 -9999 -9999 -9999 -9999 -9999 -9999 -9999 -9999 -9999 -9999 -9999 -9999 -9999 -9999 -9999 -9999 -9999 -9999 -9999 -9999 -9999 -9999 21 23 25 26 29 31 33 37 36 36 39 41 43 45 48 52 55 59 61 65 70 73 78 82 83 86 89 93 98 102 107 113 119 127 132 135 139 145 152 162 173 184 197
-9999 -9999 -9999 -9999 -9999 -9999 -9999 -9999 -9999 -9999 -9999 -9999 -9999 -9999 -9999 -9999 -9999 -9999 -9999 -9999 -9999 -9999 -9999 -9999 -9999 -9999 -9999 -9999 -9999 -9999 -9999 -9999 -9999 -9999 -9999 -9999 -9999 -9999 -9999 -9999 -9999 26 29 30 34 37 36 34 36 39 40 43 46 50 52 55 59 62 66 69 74 79 82 81 84 89 93 98 102 105 109 115 123 129 134 140 146 153 163 175 188 200
-9999 -9999 -9999 -9999 -9999 -9999 -9999 -9999 -9999 -9999 -9999 -9999 -9999 -9999 -9999 -9999 -9999 -9999 -9999 -9999 -9999 -9999 -9999 -9999 -9999 -9999 -9999 -9999 -9999 -9999 -9999 -9999 -9999 -9999 -9999 -9999 -9999 -9999 -9999 -9999 -9999 -9999 -9999 33 35 38 36 35 36 38 40 43 46 50 53 56 59 62 66 70 74 77 80 82 85 91 95 99 100 102 106 113 120 127 133 139 145 154 164 176 189 202
-9999 -9999 -9999 -9999 -9999 -9999 -9999 -9999 -9999 -9999 -9999 -9999 -9999 -9999 -9999 -9999 -9999 -9999 -9999 -9999 -9999 -9999 -9999 -9999 -9999 -9999 -9999 -9999 -9999 -9999 -9999 -9999 -9999 -9999 -9999 -9999 -9999 -9999 -9999 -9999 -9999 -9999 -9999 34 35 36 37 35 37 39 41 44 47 50 53 56 59 64 66 69 73 77 80 82 86 91 96 99 98 100 107 113 120 125 132 138 144 152 164 177 189 200
-9999 -9999 -9999 -9999 -9999 -9999 -9999 -9999 -9999 -9999 -9999 -9999 -9999 -9999 -9999 -9999 -9999 -9999 -9999 -9999 -9999 -9999 -9999 -9999 -9999 -9999 -9999 -9999 -9999 -9999 -9999 -9999 -9999 -9999 -9999 -9999 -9999 -9999 -9999 -9999 -9999 -9999 -9999 35 35 35 36 36 37 39 41 44 46 50 53 56 59 64 66 70 74 77 81 84 87 92 96 99 101 105 110 115 121 127 132 137 143 150 163 176 188 199
-9999 -9999 -9999 -9999 -9999 -9999 -9999 -9999 -9999 -9999 -9999 -9999 -9999 -9999 -9999 -9999 -9999 -9999 -9999 -9999 -9999 -9999 -9999 -9999 -9999 -9999 -9999 -9999 -9999 -9999 -9999 -9999 -9999 -9999 -9999 -9999 -9999 -9999 -9999 -9999 -9999 -9999 -9999 34 35 36 37 37 38 39 42 44 48 51 53 57 60 64 66 71 74 78 82 85 89 93 97 101 107 112 114 118 123 128 133 138 144 152 164 177 189 201
-9999 -9999 -9999 -9999 -9999 -9999 -9999 -9999 -9999 -9999 -9999 -9999 -9999 -9999 -9999 -9999 -9999 -9999 -9999 -9999 -9999 -9999 -9999 -9999 -9999 -9999 -9999 -9999 -9999 -9999 -9999 -9999 -9999 -9999 -9999 -9999 -9999 -9999 -9999 -9999 -9999 -9999 -9999 33 34 36 37 39 40 42 43 45 47 51 55 58 61 64 68 71 75 79 83 86 91 94 99 103 108 114 117 120 124 129 136 141 147 155 166 179 191 202
-9999 -9999 -9999 -9999 -9999 -9999 -9999 -9999 -9999 -9999 -9999 -9999 -9999 -9999 -9999 -9999 -9999 -9999 -9999 -9999 -9999 -9999 -9999 -9999 -9999 -9999 -9999 -9999 -9999 -9999 -9999 -9999 -9999 -9999 -9999 -9999 -9999 -9999 -9999 -9999 -9999 -9999 -9999 35 34 37 38 41 41 43 44 46 48 51 56 59 62 66 69 71 75 81 84 89 93 96 101 105 109 113 117 121 126 131 138 145 151 160 169 181 193 205
-9999 -9999 -9999 -9999 -9999 -9999 -9999 -9999 -9999 -9999 -9999 -9999 -9999 -9999 -9999 -9999 -9999 -9999 -9999 -9999 -9999 -9999 -9999 -9999 -9999 -9999 -9999 -9999 -9999 -9999 -9999 -9999 -9999 -9999 -9999 -9999 -9999 -9999 -9999 -9999 -9999 -9999 -9999 37 36 38 40 42 43 43 45 46 49 51 57 63 64 67 69 72 76 81 85 90 94 99 103 106 109 112 117 121 127 133 141 148 154 161 171 180 194 207
-9999 -9999 -9999 -9999 -9999 -9999 -9999 -9999 -9999 -9999 -9999 -9999 -9999 -9999 -9999 -9999 -9999 -9999 -9999 -9999 -9999 -9999 -9999 -9999 -9999 -9999 -9999 -9999 -9999 -9999 -9999 -9999 -9999 -9999 -9999 -9999 -9999 -9999 -9999 -9999 -9999 -9999 -9999 38 38 40 43 44 44 45 46 48 50 54 59 65 68 67 68 73 76 82 88 92 96 101 105 109 111 113 115 122 129 136 145 151 158 164 171 179 190 204
-9999 -9999 -9999 -9999 -9999 -9999 -9999 -9999 -9999 -9999 -9999 -9999 -9999 -9999 -9999 -9999 -9999 -9999 -9999 -9999 -9999 -9999 -9999 -9999 -9999 -9999 -9999 -9999 -9999 -9999 -9999 -9999 -9999 -9999 -9999 -9999 -9999 -9999 -9999 -9999 -9999 -9999 -9999 -9999 41 43 45 44 46 47 48 49 52 56 61 66 68 68 68 72 77 83 89 94 99 104 107 110 112 115 117 122 130 138 148 155 162 166 169 174 183 194
-9999 -9999 -9999 -9999 -9999 -9999 -9999 -9999 -9999 -9999 -9999 -9999 -9999 -9999 -9999 -9999 -9999 -9999 -9999 -9999 -9999 -9999 -9999 -9999 -9999 -9999 -9999 -9999 -9999 -9999 -9999 -9999 -9999 -9999 -9999 -9999 -9999 -9999 -9999 -9999 -9999 -9999 -9999 -9999 43 45 47 47 48 48 49 51 53 57 61 64 67 69 70 73 79 83 90 95 100 106 109 112 113 115 118 123 132 142 152 160 166 168 168 168 171 183
-9999 -9999 -9999 -9999 -9999 -9999 -9999 -9999 -9999 -9999 -9999 -9999 -9999 -9999 -9999 -9999 -9999 -9999 -9999 -9999 -9999 -9999 -9999 -9999 -9999 -9999 -9999 -9999 -9999 -9999 -9999 -9999 -9999 -9999 -9999 -9999 -9999 -9999 -9999 -9999 -9999 -9999 -9999 -9999 45 47 48 49 49 49 50 52 54 57 60 63 67 68 71 75 80 85 91 96 103 106 111 112 114 114 118 124 134 145 157 166 173 170 168 165 166 173
-9999 -9999 -9999 -9999 -9999 -9999 -9999 -9999 -9999 -9999 -9999 -9999 -9999 -9999 -9999 -9999 -9999 -9999 -9999 -9999 -9999 -9999 -9999 -9999 -9999 -9999 -9999 -9999 -9999 -9999 -9999 -9999 -9999 -9999 -9999 -9999 -9999 -9999 -9999 -9999 -9999 -9999 -9999 -9999 46 47 49 49 49 49 51 52 53 56 60 64 66 69 73 76 80 86 92 97 102 107 110 113 114 115 117 125 137 150 162 172 176 172 169 164 163 164
-9999 -9999 -9999 -9999 -9999 -9999 -9999 -9999 -9999 -9999 -9999 -9999 -9999 -9999 -9999 -9999 -9999 -9999 -9999 -9999 -9999 -9999 -9999 -9999 -9999 -9999 -9999 -9999 -9999 -9999 -9999 -9999 -9999 -9999 -9999 -9999 -9999 -9999 -9999 -9999 -9999 -9999 -9999 -9999 46 48 49 49 49 49 51 52 54 57 59 63 66 69 74 77 82 87 92 98 102 107 111 114 117 118 120 128 141 155 167 178 179 174 169 164 161 159
