data/studyarea/bio17.asc
NCOLS 462 
NROWS 586 
XLLCORNER -113 
YLLCORNER -53.1666666666667 
CELLSIZE 0.166666666666667 
NODATA_value -9999 
[rows 74 to 110 of 586, columns 0 to 81 of 462]
-9999 -9999 -9999 -9999 -9999 -9999 -9999 -9999 -9999 -9999 -9999 -9999 -9999 -9999 -9999 -9999 -9999 -9999 -9999 -9999 -9999 -9999 31 21 23 26 22 21 21 19 17 16 17 14 16 17 18 18 18 19 19 21 26 24 21 19 17 18 13 17 20 26 28 28 29 29 30 29 30 31 32 34 35 37 41 43 45 48 49 54 57 60 62 66 72 74 75 78 82 84 89 95
-9999 -9999 -9999 -9999 -9999 -9999 -9999 -9999 -9999 -9999 -9999 -9999 -9999 -9999 -9999 -9999 -9999 -9999 -9999 -9999 -9999 -9999 -9999 25 25 22 21 22 19 19 17 14 13 14 17 18 18 17 18 18 17 21 24 22 20 18 17 16 16 12 18 24 27 27 28 27 28 28 27 29 32 34 36 38 40 42 43 46 48 53 57 61 65 69 71 72 75 78 81 86 90 94
-9999 -9999 -9999 -9999 -9999 -9999 -9999 -9999 -9999 -9999 -9999 -9999 -9999 -9999 -9999 -9999 -9999 -9999 -9999 -9999 -9999 -9999 -9999 -9999 -9999 25 21 19 19 18 15 13 13 14 15 17 18 18 19 19 18 19 21 21 19 18 16 15 14 10 15 20 25 27 28 27 28 27 26 28 32 33 34 36 39 41 44 46 48 52 57 60 64 69 73 74 76 80 83 87 91 95
-9999 -9999 -9999 -9999 -9999 -9999 -9999 -9999 -9999 -9999 -9999 -9999 -9999 -9999 -9999 -9999 -9999 -9999 -9999 -9999 -9999 -9999 -9999 -9999 -9999 -9999 -9999 21 18 15 16 13 12 13 15 16 18 19 19 18 15 17 18 20 19 17 15 14 16 12 14 20 23 27 28 29 28 28 28 30 31 33 35 36 39 41 44 47 50 52 56 60 66 67 70 73 76 81 86 88 91 95
-9999 -9999 -9999 -9999 -9999 -9999 -9999 -9999 -9999 -9999 -9999 -9999 -9999 -9999 -9999 -9999 -9999 -9999 -9999 -9999 -9999 -9999 -9999 -9999 -9999 -9999 -9999 -9999 -9999 16 15 15 12 13 15 17 18 19 19 19 16 16 17 18 19 17 17 14 14 17 15 20 24 27 30 30 29 29 29 31 32 32 34 35 37 41 44 47 51 54 57 62 66 68 69 70 76 79 85 87 90 93
-9999 -9999 -9999 -9999 -9999 -9999 -9999 -9999 -9999 -9999 -9999 -9999 -9999 -9999 -9999 -9999 -9999 -9999 -9999 -9999 -9999 -9999 -9999 -9999 -9999 -9999 -9999 -9999 -9999 -9999 14 14 13 12 16 17 19 20 20 20 20 16 17 17 18 20 18 17 16 18 20 20 25 28 31 31 31 30 32 32 32 32 33 35 39 40 44 49 53 56 60 64 68 70 70 71 76 79 84 87 89 93
-9999 -9999 -9999 -9999 -9999 -9999 -9999 -9999 -9999 -9999 -9999 -9999 -9999 -9999 -9999 -9999 -9999 -9999 -9999 -9999 -9999 -9999 -9999 -9999 -9999 -9999 28 24 20 16 15 16 16 13 15 18 19 21 21 21 19 17 19 16 15 18 18 18 19 21 21 23 25 29 32 33 33 33 33 33 33 33 33 35 37 40 44 48 53 57 60 64 68 70 72 73 76 79 81 84 87 92
-9999 -9999 -9999 -9999 -9999 -9999 -9999 -9999 -9999 -9999 -9999 -9999 -9999 -9999 -9999 -9999 -9999 -9999 -9999 -9999 -9999 -9999 17 34 36 30 29 27 24 21 19 19 15 14 15 18 18 21 23 22 19 19 18 18 15 15 18 20 19 21 23 23 26 30 31 34 34 34 33 35 35 35 36 35 37 39 42 47 50 54 59 63 67 71 71 74 75 77 79 81 85 91
-9999 -9999 -9999 -9999 -9999 -9999 -9999 -9999 -9999 -9999 -9999 -9999 -9999 -9999 -9999 -9999 -9999 -9999 -9999 -9999 27 25 25 28 36 36 32 32 28 24 20 20 17 15 16 16 19 21 22 22 20 19 18 17 19 17 16 19 19 22 24 24 26 30 31 32 33 34 33 34 35 35 35 37 38 39 41 44 49 53 57 61 65 69 71 73 76 78 79 82 84 89
-9999 -9999 -9999 -9999 -9999 -9999 -9999 -9999 -9999 -9999 -9999 -9999 -9999 -9999 -9999 -9999 -9999 -9999 29 38 33 24 36 37 33 36 34 31 29 25 20 21 18 16 16 17 18 19 20 21 19 19 18 16 16 16 17 18 20 21 24 24 25 27 28 31 32 32 33 34 35 35 35 35 36 38 41 44 47 52 56 60 64 66 70 74 77 79 80 80 84 91
-9999 -9999 -9999 -9999 -9999 -9999 -9999 -9999 -9999 -9999 -9999 -9999 -9999 -9999 -9999 -9999 33 30 34 36 37 28 34 40 34 35 32 29 26 25 21 18 17 15 16 17 19 18 19 19 19 18 18 14 14 14 16 17 20 21 23 23 24 23 24 29 32 32 35 35 36 35 35 35 35 37 39 42 47 50 55 58 61 65 70 75 78 80 82 84 89 95
-9999 -9999 -9999 -9999 -9999 -9999 -9999 -9999 -9999 -9999 -9999 -9999 -9999 -9999 -9999 37 33 40 40 37 41 31 33 38 36 34 30 25 24 24 21 18 15 15 17 18 18 18 17 16 18 17 16 13 12 12 14 15 18 20 22 22 23 23 25 29 32 32 31 32 33 33 33 32 34 36 38 42 46 49 51 56 58 64 70 75 79 83 87 91 96 102
-9999 -9999 -9999 -9999 -9999 -9999 -9999 -9999 -9999 -9999 -9999 -9999 -9999 -9999 32 37 32 38 38 35 42 32 29 39 39 35 30 24 22 24 23 18 15 16 16 18 18 19 20 17 16 16 13 11 9 9 10 12 16 19 20 22 24 24 25 28 30 30 30 31 32 31 30 32 32 33 37 42 44 47 49 52 57 62 69 74 81 85 91 96 101 106
-9999 -9999 -9999 -9999 -9999 -9999 -9999 -9999 -9999 -9999 -9999 -9999 -9999 22 25 34 28 37 38 34 39 34 33 34 39 39 33 28 33 25 26 25 18 18 18 19 18 19 21 21 19 15 11 10 8 7 8 12 16 19 20 22 22 24 25 27 28 28 28 31 30 29 30 30 31 33 36 39 42 43 45 47 52 60 69 76 81 87 92 98 104 109
-9999 -9999 -9999 -9999 -9999 -9999 -9999 -9999 -9999 -9999 -9999 -9999 13 20 22 29 28 27 38 36 34 36 33 34 36 43 40 40 43 36 30 28 27 20 22 18 21 22 23 22 20 16 13 9 5 4 7 12 15 17 19 20 21 22 24 25 27 29 29 27 27 28 28 28 29 31 33 37 40 41 40 42 47 57 66 74 81 86 93 97 102 109
-9999 -9999 -9999 -9999 -9999 -9999 -9999 -9999 -9999 -9999 -9999 11 13 17 18 20 27 25 32 34 36 37 34 34 35 36 45 53 47 47 41 31 35 22 26 19 25 26 23 22 19 15 11 8 5 7 8 12 14 17 18 17 19 21 25 25 26 29 29 29 27 28 29 28 27 28 31 32 35 36 32 33 40 51 63 74 82 87 92 95 99 105
-9999 -9999 -9999 -9999 -9999 -9999 -9999 -9999 -9999 -9999 -9999 10 11 15 18 19 22 27 28 30 33 37 33 32 32 36 45 48 51 51 39 33 36 21 25 21 23 27 25 20 17 15 10 8 8 9 10 15 13 16 17 16 17 21 24 25 25 28 29 29 29 28 29 28 27 24 26 28 29 28 27 28 41 48 59 72 79 84 89 91 93 99
-9999 -9999 -9999 -9999 -9999 -9999 -9999 -9999 -9999 -9999 8 9 12 17 18 17 20 24 29 26 30 33 30 32 34 41 38 56 57 52 42 33 37 22 23 21 22 24 26 20 17 15 12 10 10 11 13 14 14 16 19 16 19 23 22 21 21 27 34 26 27 33 30 28 27 24 20 26 27 27 28 35 45 50 59 70 78 81 83 87 90 98
-9999 -9999 -9999 -9999 -9999 -9999 -9999 -9999 -9999 5 7 9 12 15 15 15 19 19 24 26 31 29 26 33 37 32 40 50 45 43 34 32 29 21 24 20 22 22 25 20 18 16 13 12 12 12 13 13 14 15 17 19 22 26 22 19 22 21 24 25 25 32 36 28 29 34 23 24 26 27 31 41 49 53 59 67 72 77 78 83 87 93
-9999 -9999 -9999 -9999 -9999 -9999 -9999 -9999 4 6 7 8 11 15 14 15 15 19 23 25 30 30 28 32 37 30 39 42 47 37 30 27 26 21 24 20 20 20 22 19 16 16 13 14 13 13 14 14 14 14 16 20 23 25 23 23 21 21 22 26 25 27 36 31 31 31 25 25 27 27 32 40 48 53 58 63 69 71 73 76 82 88
-9999 -9999 -9999 -9999 -9999 -9999 -9999 4 5 6 6 7 10 13 13 14 15 21 22 26 28 34 35 34 39 34 40 40 49 32 29 28 26 26 18 17 18 17 17 16 15 16 16 14 14 14 17 17 14 13 14 18 23 24 23 26 25 21 21 23 26 26 29 29 28 29 26 25 27 28 32 39 45 51 57 61 65 68 71 74 79 83
-9999 -9999 -9999 -9999 -9999 -9999 3 2 3 4 6 5 11 13 13 14 15 20 24 27 26 32 41 39 39 35 39 37 46 43 33 33 28 21 19 18 19 16 13 13 12 15 16 15 14 14 17 16 14 14 15 17 20 22 22 25 28 23 21 22 24 23 30 30 31 26 26 27 28 29 31 37 45 51 55 57 62 66 70 74 77 78
-9999 -9999 -9999 -9999 -9999 -9999 -9999 2 3 3 4 5 9 7 10 12 14 19 19 24 22 30 36 42 39 37 37 39 44 47 41 35 32 26 22 21 17 15 10 9 10 12 14 15 15 15 15 14 15 15 17 19 22 22 22 24 23 22 20 24 20 18 28 28 30 31 31 33 32 29 28 35 45 50 51 52 57 64 70 77 79 77
-9999 -9999 -9999 -9999 -9999 -9999 -9999 -9999 -9999 3 3 4 5 4 7 12 12 15 14 18 21 24 30 40 40 38 39 42 50 53 49 46 43 30 30 22 19 14 11 9 9 10 13 14 16 16 17 15 14 18 19 22 23 23 22 24 24 23 20 28 19 20 24 29 29 31 34 39 39 34 32 34 43 50 49 48 54 61 70 76 81 78
-9999 -9999 -9999 -9999 -9999 -9999 -9999 -9999 -9999 -9999 4 5 4 5 6 10 11 11 11 14 18 23 30 39 40 40 41 42 48 53 55 52 48 40 32 26 20 16 12 10 10 11 12 12 15 17 17 17 17 18 20 22 23 23 23 23 23 23 22 24 24 21 25 28 29 32 36 43 44 41 39 39 43 45 43 48 53 60 66 72 77 79
-9999 -9999 -9999 -9999 -9999 -9999 -9999 -9999 -9999 3 4 4 4 4 6 9 12 11 11 12 17 24 30 37 38 42 40 42 45 50 54 55 51 47 37 25 24 18 15 12 12 12 11 12 15 16 18 18 19 21 23 22 21 22 22 23 24 22 21 21 21 24 25 28 29 32 34 42 45 43 38 38 41 43 42 47 53 58 62 66 68 72
-9999 -9999 -9999 -9999 -9999 -9999 -9999 -9999 -9999 -9999 -9999 -9999 -9999 -9999 4 5 8 8 8 12 17 23 29 35 36 41 33 37 45 47 52 59 51 48 40 28 30 20 18 16 14 14 15 15 14 15 16 18 18 19 20 21 20 21 22 23 23 22 21 21 22 27 27 26 29 30 34 38 40 42 39 41 42 43 44 48 52 57 57 56 60 66
-9999 -9999 2 1 1 -9999 -9999 -9999 -9999 -9999 -9999 -9999 -9999 -9999 4 4 4 4 6 11 14 18 21 31 31 36 34 39 41 47 49 50 56 50 38 32 26 22 19 18 17 16 17 16 16 15 15 15 17 17 19 20 20 21 22 21 24 23 23 23 24 30 30 26 30 30 33 37 40 42 41 41 45 47 47 49 52 57 55 49 53 59
-9999 -9999 2 1 1 -9999 1 -9999 -9999 -9999 -9999 -9999 -9999 -9999 3 3 3 3 3 8 11 13 16 21 25 32 33 35 34 39 48 45 48 47 42 38 30 23 23 19 18 18 19 18 17 15 14 14 16 17 17 19 19 21 21 23 24 24 23 24 24 27 31 25 26 28 32 35 38 41 40 40 45 50 48 49 51 53 50 46 51 57
-9999 1 1 1 1 0 -9999 -9999 -9999 -9999 -9999 -9999 -9999 -9999 4 3 3 3 3 5 9 12 15 18 20 25 22 31 31 40 41 42 52 48 40 37 33 27 27 21 18 18 19 18 16 14 14 13 15 16 17 18 19 22 21 23 24 23 22 23 23 26 29 24 23 28 31 33 38 38 40 41 44 48 48 47 47 43 42 45 49 53
-9999 1 2 1 1 0 0 -9999 -9999 -9999 -9999 -9999 -9999 -9999 -9999 -9999 3 3 3 3 5 10 14 17 19 24 26 31 32 37 36 40 48 50 48 42 38 31 30 21 19 18 18 17 16 14 13 12 13 15 16 16 19 20 20 20 20 21 22 22 24 25 30 31 26 26 29 32 36 37 39 40 43 45 46 46 45 42 43 45 48 53
-9999 0 2 2 1 1 0 1 -9999 -9999 -9999 -9999 -9999 -9999 -9999 -9999 -9999 -9999 4 5 6 9 11 15 16 21 27 30 31 33 31 32 40 54 52 50 44 37 32 23 19 19 17 16 15 14 14 12 13 14 16 17 18 19 20 20 19 20 22 21 22 22 24 23 21 22 25 27 32 35 36 39 40 43 46 48 45 42 44 48 52 56
-9999 0 1 2 1 1 1 2 2 -9999 -9999 -9999 -9999 -9999 -9999 -9999 -9999 -9999 4 3 4 7 9 11 13 17 21 23 28 36 41 36 38 47 56 50 45 39 34 28 23 21 20 16 16 15 16 16 14 14 16 16 18 18 19 19 20 20 20 23 23 24 24 24 23 23 23 27 28 30 31 34 37 42 45 48 47 43 46 53 56 58
0 0 0 0 1 2 2 2 1 1 -9999 -9999 -9999 -9999 -9999 -9999 -9999 -9999 -9999 -9999 -9999 7 9 9 12 13 16 21 30 34 45 56 44 55 52 49 42 41 40 37 27 25 18 16 15 15 16 15 15 15 16 17 16 17 18 18 20 18 20 21 24 20 19 18 20 22 23 24 24 25 26 29 34 41 45 49 49 45 52 59 61 61
0 0 0 0 0 2 2 2 1 1 -9999 -9999 -9999 -9999 -9999 -9999 -9999 -9999 -9999 -9999 -9999 -9999 7 7 11 12 14 23 33 37 44 44 56 57 59 52 48 40 39 42 29 31 24 16 15 14 14 13 14 14 16 16 17 17 17 17 18 18 20 17 20 17 18 20 23 22 21 28 30 22 22 26 31 36 40 48 52 61 69 67 66 63
-9999 0 0 0 0 0 1 2 2 1 -9999 -9999 -9999 -9999 -9999 -9999 -9999 -9999 -9999 -9999 -9999 -9999 6 5 10 9 14 26 28 42 43 38 54 56 57 55 49 42 46 43 37 28 22 14 12 13 13 12 13 14 15 15 16 16 17 16 17 16 18 17 21 16 19 23 25 26 23 22 23 23 24 25 28 31 34 42 50 66 72 73 64 62
-9999 -9999 -9999 -9999 0 0 1 2 6 2 1 5 -9999 -9999 -9999 -9999 -9999 -9999 -9999 -9999 -9999 5 6 8 11 11 15 19 21 30 35 43 44 57 55 59 55 48 45 50 49 38 23 18 10 12 13 14 13 14 15 16 16 16 14 15 15 15 15 14 15 17 17 20 20 25 27 25 30 27 24 24 26 27 30 40 61 61 60 69 61 56
