data/studyarea/bio11.asc
NCOLS 462 
NROWS 586 
XLLCORNER -113 
YLLCORNER -53.1666666666667 
CELLSIZE 0.166666666666667 
NODATA_value -9999 
[rows 288 to 323 of 586, columns 246 to 327 of 462]
253 254 254 253 252 252 253 252 252 251 250 251 251 250 251 252 252 -9999 250 249 249 249 250 250 250 251 252 253 253 253 253 254 254 255 257 257 258 258 260 261 263 264 265 264 264 264 264 263 263 262 261 261 261 261 261 262 262 262 262 263 264 264 264 266 266 266 267 267 268 268 268 268 268 267 267 267 266 266 265 264 264 264
253 253 254 254 253 252 252 253 -9999 -9999 -9999 -9999 -9999 -9999 -9999 -9999 -9999 -9999 -9999 249 250 250 250 251 251 252 253 253 253 253 254 254 255 256 257 257 258 259 260 261 262 264 264 264 264 263 263 263 263 262 262 261 260 260 261 261 262 262 262 263 263 264 264 266 265 265 266 266 267 267 267 266 266 267 267 266 265 266 265 264 264 265
253 253 253 253 254 253 254 253 -9999 -9999 -9999 -9999 -9999 -9999 -9999 -9999 -9999 -9999 -9999 -9999 249 251 251 251 252 253 254 254 254 254 254 255 256 257 257 258 258 259 260 261 262 264 264 264 263 262 263 261 261 261 260 260 260 260 260 261 261 261 262 263 263 264 264 265 264 265 265 265 266 266 266 266 266 266 266 265 266 265 265 265 264 264
253 252 252 252 252 253 252 252 -9999 -9999 -9999 -9999 -9999 -9999 -9999 -9999 -9999 -9999 -9999 -9999 -9999 251 251 251 253 253 253 255 254 254 254 255 257 258 257 258 258 259 261 261 262 263 263 263 263 262 262 262 261 261 261 261 260 260 259 260 260 261 262 263 263 263 263 263 264 264 264 265 265 266 266 266 266 265 265 265 265 265 265 265 264 264
253 253 252 252 252 253 253 -9999 -9999 -9999 -9999 -9999 -9999 -9999 -9999 -9999 -9999 -9999 -9999 -9999 -9999 -9999 -9999 251 253 253 253 255 255 255 256 256 258 258 258 257 259 259 260 261 263 263 262 262 262 262 262 262 262 261 261 260 259 259 259 259 259 260 261 263 263 263 262 263 264 264 264 264 265 265 266 265 265 265 265 265 265 264 265 264 264 265
253 253 253 253 253 253 253 -9999 -9999 -9999 -9999 -9999 -9999 -9999 -9999 -9999 -9999 -9999 -9999 -9999 -9999 -9999 -9999 -9999 -9999 253 253 254 256 256 256 256 258 258 258 258 259 260 261 261 262 261 262 262 262 262 262 262 262 261 261 261 260 260 259 259 259 260 261 262 262 262 262 263 263 263 264 264 264 265 265 265 265 265 265 265 265 265 264 264 265 264
254 253 253 253 252 252 252 -9999 -9999 -9999 -9999 -9999 -9999 -9999 -9999 -9999 -9999 -9999 -9999 -9999 -9999 -9999 -9999 -9999 -9999 -9999 -9999 255 255 256 257 257 258 258 258 258 259 260 261 261 261 261 261 -9999 -9999 -9999 262 261 261 260 262 260 260 259 259 259 260 260 261 262 261 261 261 262 263 263 264 264 264 264 264 265 265 265 265 265 265 264 264 264 264 263
252 252 253 252 252 252 -9999 -9999 -9999 -9999 -9999 -9999 -9999 -9999 -9999 -9999 -9999 -9999 -9999 -9999 -9999 -9999 -9999 -9999 -9999 -9999 -9999 -9999 -9999 -9999 -9999 258 258 258 258 259 259 260 260 -9999 -9999 -9999 -9999 -9999 -9999 -9999 261 261 261 262 261 260 260 259 259 260 260 261 261 261 261 261 261 262 263 263 263 263 264 264 264 264 265 264 264 264 265 264 264 263 263 263
252 253 253 252 252 252 -9999 -9999 -9999 -9999 -9999 -9999 -9999 -9999 -9999 -9999 -9999 -9999 -9999 -9999 -9999 -9999 -9999 -9999 -9999 -9999 -9999 -9999 -9999 -9999 -9999 -9999 -9999 -9999 -9999 -9999 -9999 -9999 -9999 -9999 -9999 -9999 -9999 -9999 -9999 -9999 -9999 261 262 261 260 260 259 260 261 260 260 260 260 259 261 261 261 261 262 262 263 263 263 263 264 264 264 264 264 264 265 263 263 262 262 264
253 253 252 251 252 -9999 -9999 -9999 -9999 -9999 -9999 -9999 -9999 -9999 -9999 -9999 -9999 -9999 -9999 -9999 -9999 -9999 -9999 -9999 -9999 -9999 -9999 -9999 -9999 -9999 -9999 -9999 -9999 -9999 -9999 -9999 -9999 -9999 -9999 -9999 -9999 -9999 -9999 -9999 -9999 -9999 -9999 -9999 261 261 260 260 260 260 261 260 260 260 259 259 260 260 260 261 261 262 262 262 263 263 263 264 264 264 264 264 264 263 262 262 263 264
253 252 251 251 252 -9999 -9999 -9999 -9999 -9999 -9999 -9999 -9999 -9999 -9999 -9999 -9999 -9999 -9999 -9999 -9999 -9999 -9999 -9999 -9999 -9999 -9999 -9999 -9999 -9999 -9999 -9999 -9999 -9999 -9999 -9999 -9999 -9999 -9999 -9999 -9999 -9999 -9999 -9999 -9999 -9999 -9999 -9999 260 261 261 260 261 261 261 260 260 260 259 259 260 261 260 261 261 261 262 262 263 263 263 263 263 264 264 264 262 263 262 263 263 262
252 251 251 251 -9999 -9999 -9999 -9999 -9999 -9999 -9999 -9999 -9999 -9999 -9999 -9999 -9999 -9999 -9999 -9999 -9999 -9999 -9999 -9999 -9999 -9999 -9999 -9999 -9999 -9999 -9999 -9999 -9999 -9999 -9999 -9999 -9999 -9999 -9999 -9999 -9999 -9999 -9999 -9999 -9999 -9999 -9999 -9999 -9999 261 261 261 261 261 260 259 260 260 260 259 260 260 260 260 261 261 261 262 262 263 263 263 263 263 263 263 263 262 262 263 262 261
251 251 251 251 -9999 -9999 -9999 -9999 -9999 -9999 -9999 -9999 -9999 -9999 -9999 -9999 -9999 -9999 -9999 -9999 -9999 -9999 -9999 -9999 -9999 -9999 -9999 -9999 -9999 -9999 -9999 -9999 -9999 -9999 -9999 -9999 -9999 -9999 -9999 -9999 -9999 -9999 -9999 -9999 -9999 -9999 -9999 -9999 -9999 -9999 262 262 261 260 259 260 260 260 260 259 259 260 260 260 261 261 262 262 262 262 262 263 263 263 263 263 262 261 262 262 261 261
251 250 250 -9999 -9999 -9999 -9999 -9999 -9999 -9999 -9999 -9999 -9999 -9999 -9999 -9999 -9999 -9999 -9999 -9999 -9999 -9999 -9999 -9999 -9999 -9999 -9999 -9999 -9999 -9999 -9999 -9999 -9999 -9999 -9999 -9999 -9999 -9999 -9999 -9999 -9999 -9999 -9999 -9999 -9999 -9999 -9999 -9999 -9999 -9999 -9999 261 261 260 259 259 259 260 260 259 259 259 259 260 261 261 261 261 261 261 262 262 262 262 264 263 263 262 261 261 261 260
251 251 -9999 -9999 -9999 -9999 -9999 -9999 -9999 -9999 -9999 -9999 -9999 -9999 -9999 -9999 -9999 -9999 -9999 -9999 -9999 -9999 -9999 -9999 -9999 -9999 -9999 -9999 -9999 -9999 -9999 -9999 -9999 -9999 -9999 -9999 -9999 -9999 -9999 -9999 -9999 -9999 -9999 -9999 -9999 -9999 -9999 -9999 -9999 -9999 -9999 -9999 261 260 260 260 259 259 259 260 259 260 260 260 260 260 260 261 261 261 262 262 261 261 262 262 262 262 260 261 261 259
250 -9999 -9999 -9999 -9999 -9999 -9999 -9999 -9999 -9999 -9999 -9999 -9999 -9999 -9999 -9999 -9999 -9999 -9999 -9999 -9999 -9999 -9999 -9999 -9999 -9999 -9999 -9999 -9999 -9999 -9999 -9999 -9999 -9999 -9999 -9999 -9999 -9999 -9999 -9999 -9999 -9999 -9999 -9999 -9999 -9999 -9999 -9999 -9999 -9999 -9999 -9999 -9999 260 260 260 260 259 260 260 260 260 259 260 259 260 260 261 261 261 262 262 261 260 261 262 261 262 260 261 260 259
250 250 250 249 250 250 250 251 251 -9999 -9999 -9999 -9999 -9999 -9999 -9999 -9999 -9999 -9999 -9999 -9999 -9999 -9999 -9999 -9999 -9999 -9999 -9999 -9999 -9999 -9999 -9999 -9999 -9999 -9999 -9999 -9999 -9999 -9999 -9999 -9999 -9999 -9999 -9999 -9999 -9999 -9999 -9999 -9999 -9999 -9999 -9999 -9999 -9999 259 259 259 260 260 260 260 260 259 259 260 260 260 261 261 261 261 262 262 260 260 261 261 262 260 260 258 -9999
249 250 249 249 250 250 250 250 250 249 250 250 250 -9999 -9999 -9999 -9999 -9999 -9999 -9999 -9999 -9999 -9999 -9999 -9999 -9999 -9999 -9999 -9999 -9999 -9999 -9999 -9999 -9999 -9999 -9999 -9999 -9999 -9999 -9999 -9999 -9999 -9999 -9999 -9999 -9999 -9999 -9999 -9999 -9999 -9999 -9999 -9999 -9999 -9999 -9999 260 260 260 260 260 260 259 259 259 259 260 260 261 261 260 261 260 260 259 260 260 261 260 -9999 -9999 -9999
249 249 249 249 249 249 250 249 249 249 250 250 251 252 252 -9999 -9999 -9999 -9999 -9999 -9999 -9999 -9999 -9999 -9999 -9999 -9999 -9999 -9999 -9999 -9999 -9999 -9999 -9999 -9999 -9999 -9999 -9999 -9999 -9999 -9999 -9999 -9999 -9999 -9999 -9999 -9999 -9999 -9999 -9999 -9999 -9999 -9999 -9999 -9999 -9999 -9999 -9999 259 259 259 259 259 259 259 259 259 259 260 261 259 260 258 259 259 259 260 -9999 -9999 -9999 -9999 -9999
249 247 248 249 249 250 250 251 251 252 252 252 252 252 251 250 250 -9999 -9999 -9999 -9999 -9999 -9999 -9999 -9999 -9999 -9999 -9999 -9999 -9999 -9999 -9999 -9999 -9999 -9999 -9999 -9999 -9999 -9999 -9999 -9999 -9999 -9999 -9999 -9999 -9999 -9999 -9999 -9999 -9999 -9999 -9999 -9999 -9999 -9999 -9999 -9999 -9999 -9999 -9999 -9999 259 259 259 259 259 258 259 259 260 258 260 257 257 -9999 -9999 -9999 -9999 -9999 -9999 -9999 -9999
247 248 248 250 251 251 251 251 251 251 251 251 251 251 249 249 248 248 249 -9999 -9999 -9999 -9999 -9999 -9999 -9999 -9999 -9999 -9999 -9999 -9999 -9999 -9999 -9999 -9999 -9999 -9999 -9999 -9999 -9999 -9999 -9999 -9999 -9999 -9999 -9999 -9999 -9999 -9999 -9999 -9999 -9999 -9999 -9999 -9999 -9999 -9999 -9999 -9999 -9999 -9999 -9999 -9999 -9999 -9999 -9999 -9999 258 -9999 -9999 -9999 -9999 -9999 -9999 -9999 -9999 -9999 -9999 -9999 -9999 -9999 -9999
247 249 250 250 250 249 249 250 249 249 249 250 249 251 248 248 248 248 248 247 -9999 -9999 -9999 -9999 -9999 -9999 -9999 -9999 -9999 -9999 -9999 -9999 -9999 -9999 -9999 -9999 -9999 -9999 -9999 -9999 -9999 -9999 -9999 -9999 -9999 -9999 -9999 -9999 -9999 -9999 -9999 -9999 -9999 -9999 -9999 -9999 -9999 -9999 -9999 -9999 -9999 -9999 -9999 -9999 -9999 -9999 -9999 -9999 -9999 -9999 -9999 -9999 -9999 -9999 -9999 -9999 -9999 -9999 -9999 -9999 -9999 -9999
248 248 249 249 249 249 250 250 248 248 250 249 250 249 248 248 248 248 247 247 247 -9999 -9999 -9999 -9999 -9999 -9999 -9999 -9999 -9999 -9999 -9999 -9999 -9999 -9999 -9999 -9999 -9999 -9999 -9999 -9999 -9999 -9999 -9999 -9999 -9999 -9999 -9999 -9999 -9999 -9999 -9999 -9999 -9999 -9999 -9999 -9999 -9999 -9999 -9999 -9999 -9999 -9999 -9999 -9999 -9999 -9999 -9999 -9999 -9999 -9999 -9999 -9999 -9999 -9999 -9999 -9999 -9999 -9999 -9999 -9999 -9999
247 247 248 248 248 249 248 248 249 249 249 250 249 248 248 247 247 247 246 245 246 247 -9999 -9999 -9999 -9999 -9999 -9999 -9999 -9999 -9999 -9999 -9999 -9999 -9999 -9999 -9999 -9999 -9999 -9999 -9999 -9999 -9999 -9999 -9999 -9999 -9999 -9999 -9999 -9999 -9999 -9999 -9999 -9999 -9999 -9999 -9999 -9999 -9999 -9999 -9999 -9999 -9999 -9999 -9999 -9999 -9999 -9999 -9999 -9999 -9999 -9999 -9999 -9999 -9999 -9999 -9999 -9999 -9999 -9999 -9999 -9999
247 247 247 248 249 249 248 248 249 250 250 249 247 248 246 246 246 246 245 246 245 246 245 246 247 247 249 249 250 250 251 253 253 -9999 -9999 -9999 -9999 -9999 -9999 -9999 -9999 -9999 -9999 -9999 -9999 -9999 -9999 -9999 -9999 -9999 -9999 -9999 -9999 -9999 -9999 -9999 -9999 -9999 -9999 -9999 -9999 -9999 -9999 -9999 -9999 -9999 -9999 -9999 -9999 -9999 -9999 -9999 -9999 -9999 -9999 -9999 -9999 -9999 -9999 -9999 -9999 -9999
247 246 248 249 248 248 249 249 250 248 248 248 247 246 246 245 245 245 245 244 243 244 244 245 246 247 247 248 250 251 252 252 253 253 254 255 -9999 -9999 -9999 -9999 -9999 -9999 -9999 -9999 -9999 -9999 -9999 -9999 -9999 -9999 -9999 -9999 -9999 -9999 -9999 -9999 -9999 -9999 -9999 -9999 -9999 -9999 -9999 -9999 -9999 -9999 -9999 -9999 -9999 -9999 -9999 -9999 -9999 -9999 -9999 -9999 -9999 -9999 -9999 -9999 -9999 -9999
246 246 248 248 248 248 249 249 249 248 248 248 247 245 246 244 244 243 243 241 242 243 244 244 245 246 247 248 250 251 251 251 252 253 253 253 254 255 -9999 -9999 -9999 -9999 -9999 -9999 -9999 -9999 -9999 -9999 -9999 -9999 -9999 -9999 -9999 -9999 -9999 -9999 -9999 -9999 -9999 -9999 -9999 -9999 -9999 -9999 -9999 -9999 -9999 -9999 -9999 -9999 -9999 -9999 -9999 -9999 -9999 -9999 -9999 -9999 -9999 -9999 -9999 -9999
246 247 248 247 248 249 249 250 249 248 248 246 246 244 244 243 244 242 242 241 242 243 244 243 244 245 247 248 249 250 251 251 251 252 253 253 254 254 255 256 -9999 -9999 -9999 -9999 -9999 -9999 -9999 -9999 -9999 -9999 -9999 -9999 -9999 -9999 -9999 -9999 -9999 -9999 -9999 -9999 -9999 -9999 -9999 -9999 -9999 -9999 -9999 -9999 -9999 -9999 -9999 -9999 -9999 -9999 -9999 -9999 -9999 -9999 -9999 -9999 -9999 -9999
246 246 247 247 248 249 250 250 248 249 247 245 245 244 243 242 242 241 240 240 240 241 241 243 244 244 246 247 249 250 250 250 251 252 253 253 254 254 255 255 255 -9999 -9999 -9999 -9999 -9999 -9999 -9999 -9999 -9999 -9999 -9999 -9999 -9999 -9999 -9999 -9999 -9999 -9999 -9999 -9999 -9999 -9999 -9999 -9999 -9999 -9999 -9999 -9999 -9999 -9999 -9999 -9999 -9999 -9999 -9999 -9999 -9999 -9999 -9999 -9999 -9999
246 246 246 248 249 249 248 249 248 247 245 245 244 243 242 241 240 239 239 239 239 239 241 242 243 245 245 248 249 249 249 250 251 252 253 253 254 255 254 255 255 254 -9999 -9999 -9999 -9999 -9999 -9999 -9999 -9999 -9999 -9999 -9999 -9999 -9999 -9999 -9999 -9999 -9999 -9999 -9999 -9999 -9999 -9999 -9999 -9999 -9999 -9999 -9999 -9999 -9999 -9999 -9999 -9999 -9999 -9999 -9999 -9999 -9999 -9999 -9999 -9999
245 246 247 247 247 247 248 247 248 246 244 244 244 242 241 239 238 238 237 237 238 239 240 241 242 244 246 247 248 249 249 251 251 251 252 253 253 254 254 254 255 255 255 -9999 -9999 -9999 -9999 -9999 -9999 -9999 -9999 -9999 -9999 -9999 -9999 -9999 -9999 -9999 -9999 -9999 -9999 -9999 -9999 -9999 -9999 -9999 -9999 -9999 -9999 -9999 -9999 -9999 -9999 -9999 -9999 -9999 -9999 -9999 -9999 -9999 -9999 -9999
245 247 247 246 247 248 247 247 247 245 244 243 242 240 239 239 239 238 237 237 236 238 239 239 241 243 245 248 249 249 249 250 251 252 252 253 254 254 254 254 254 255 255 254 -9999 -9999 -9999 -9999 -9999 -9999 -9999 -9999 -9999 -9999 -9999 -9999 -9999 -9999 -9999 -9999 -9999 -9999 -9999 -9999 -9999 -9999 -9999 -9999 -9999 -9999 -9999 -9999 -9999 -9999 -9999 -9999 -9999 -9999 -9999 -9999 -9999 -9999
246 246 247 247 247 247 247 246 246 244 243 242 241 239 239 239 238 236 235 236 236 236 237 239 243 245 246 248 249 249 249 250 251 251 253 253 254 254 254 254 255 255 254 254 253 -9999 -9999 -9999 -9999 -9999 -9999 -9999 -9999 -9999 -9999 -9999 -9999 -9999 -9999 -9999 -9999 -9999 -9999 -9999 -9999 -9999 -9999 -9999 -9999 -9999 -9999 -9999 -9999 -9999 -9999 -9999 -9999 -9999 -9999 -9999 -9999 -9999
246 245 246 246 246 246 246 246 245 243 243 242 241 241 239 238 237 236 235 235 235 237 239 241 243 244 246 247 248 249 250 250 251 252 251 252 252 254 254 254 254 254 253 254 254 254 -9999 -9999 -9999 -9999 -9999 -9999 -9999 -9999 -9999 -9999 -9999 -9999 -9999 -9999 -9999 -9999 -9999 -9999 -9999 -9999 -9999 -9999 -9999 -9999 -9999 -9999 -9999 -9999 -9999 251 250 250 250 247 248 -9999
246 245 246 246 245 246 246 245 243 243 243 242 241 239 238 238 238 236 235 235 235 236 238 241 243 244 246 248 247 249 250 250 252 252 252 251 252 253 254 253 251 253 253 254 254 254 252 251 251 251 -9999 -9999 -9999 -9999 -9999 -9999 -9999 -9999 -9999 -9999 -9999 -9999 -9999 -9999 -9999 -9999 -9999 -9999 -9999 -9999 247 246 246 247 248 249 248 248 246 246 247 246
245 245 245 245 246 246 245 243 244 243 241 241 240 239 239 238 237 236 236 236 235 237 240 242 243 245 247 248 248 249 250 251 252 252 252 252 251 253 253 253 253 254 255 255 254 254 252 250 250 250 250 249 -9999 -9999 -9999 -9999 -9999 -9999 -9999 -9999 -9999 -9999 -9999 -9999 -9999 -9999 -9999 -9999 246 245 246 246 246 245 247 248 248 247 244 244 246 246
