data/studyarea/bio12.asc
NCOLS 462 
NROWS 586 
XLLCORNER -113 
YLLCORNER -53.1666666666667 
CELLSIZE 0.166666666666667 
NODATA_value -9999 
[rows 280 to 314 of 586, columns 237 to 315 of 462]
3071 2970 2903 2871 2849 2840 2843 2841 2845 2858 2892 2929 2980 3030 3076 3102 3106 3111 3118 3130 3153 3192 3248 3315 3395 3480 3550 3584 3590 3567 3524 3467 3411 3353 3299 3248 3204 3157 3118 3078 3053 3038 2991 2900 2866 2908 3007 3151 3342 3585 3714 3569 3384 3223 3083 2967 2876 2801 2745 2706 2683 2674 2673 2680 2694 2704 2705 2696 2674 2639 2605 2571 2533 2508 2505 2536 2571 2607 2635
3177 3057 2974 2915 2884 2864 2855 2852 2848 2864 2894 2930 2968 3013 3058 3085 3081 3077 3077 3087 3102 3130 3183 3253 3341 3445 3545 3618 3641 3604 3538 3457 3377 3308 3251 3206 3160 3124 3089 3052 3013 2961 2880 2783 2785 2881 3020 3192 3409 3666 3797 3607 3391 3215 3064 2946 2850 2776 2723 2690 2669 2663 2665 2676 2685 2693 2695 2684 2664 2632 2598 2564 2532 2513 2506 2527 2560 2573 2545
3207 3099 3009 2950 2910 2890 2880 2867 2863 2874 2893 2929 2961 2998 3032 3049 3049 3041 3033 3026 3035 3046 3081 3148 3249 3386 3531 3651 3696 3638 3533 3420 3322 3242 3185 3147 3111 3086 3060 3020 2975 2914 2833 2757 2772 2869 3009 3170 3344 3502 3556 3454 3294 3135 2998 2887 2796 2730 2685 2652 2638 2636 2644 2657 2669 2678 2676 2666 2642 2612 2579 2544 2518 2502 2498 2519 2574 2569 2486
3175 3087 3016 2962 2926 2906 2895 2882 2876 2878 2887 2911 2939 2963 2990 3002 3005 2997 2986 2971 2956 2951 2959 3017 3127 3291 3481 3676 3752 3639 3489 3352 3236 3154 3105 3075 3060 3049 3029 2993 2953 2903 2850 2812 2821 2885 2990 3107 3219 3299 3313 3245 3131 3006 2892 2794 2717 2661 2619 2599 2593 2601 2613 2634 2649 2660 2658 2645 2622 2586 2549 2511 2485 2482 2504 2562 2642 2620 2478
3112 3040 2974 2941 2925 2924 2914 2899 2884 2874 2878 2894 2916 2943 2961 2972 2973 2962 2945 2920 2891 2864 2843 2855 2972 3142 3351 3579 3686 3539 3384 3245 3125 3037 3005 3001 3004 3009 3000 2973 2940 2905 2871 2853 2861 2900 2961 3028 3083 3108 3092 3033 2944 2847 2759 2682 2620 2571 2542 2532 2537 2552 2576 2604 2628 2642 2645 2627 2598 2560 2515 2472 2441 2437 2477 2566 2696 2662 2469
3046 2974 2914 2891 2913 2934 2932 2909 2883 2860 2861 2880 2901 2921 2936 2946 2942 2929 2906 2873 2831 2790 2757 2756 2840 2972 3138 3301 3375 3325 3223 3111 3004 2921 2917 2932 2948 2957 2957 2946 2927 2907 2892 2883 2886 2903 2927 2946 2955 2940 2901 2835 2755 2683 2615 2558 2511 2473 2452 2452 2468 2498 2533 2574 2609 2628 2631 2615 2585 2539 2482 2425 2374 2358 2394 2475 2550 2519 2394
2979 2912 2847 2813 2906 2970 2949 2918 2892 2860 2851 2866 2885 2900 2916 2921 2919 2903 2873 2834 2791 2743 2694 2668 2694 2783 2909 3017 3080 3090 3051 2988 2916 2866 2862 2874 2889 2906 2914 2918 2913 2910 2910 2910 2907 2906 2892 2871 2838 2791 2735 2664 2581 2524 2480 2438 2398 2367 2356 2366 2394 2435 2485 2539 2589 2621 2625 2610 2578 2525 2459 2383 2311 2257 2286 2347 2373 2345 2291
2930 2875 2810 2786 2885 2963 2951 2910 2889 2879 2858 2852 2861 2873 2882 2897 2900 2886 2857 2818 2772 2710 2641 2584 2552 2607 2708 2789 2853 2902 2907 2882 2848 2823 2822 2828 2842 2862 2876 2884 2894 2907 2915 2926 2928 2902 2860 2806 2742 2667 2595 2526 2454 2409 2374 2333 2294 2264 2256 2271 2314 2372 2436 2502 2568 2609 2617 2614 2585 2524 2445 2356 2272 2207 2220 2253 2263 2243 2220
2894 2867 2819 2811 2867 2910 2903 2883 2868 2853 2830 2815 2823 2839 2857 2871 2880 2867 2847 2811 2760 2699 2626 2530 2445 2490 -9999 2660 2724 2776 2797 2796 2785 2777 2779 2786 2802 2819 2840 2855 2873 2891 2912 2934 2944 2894 2827 2754 2670 2574 2501 2448 2398 2351 2305 2255 2205 2165 2153 2183 2242 2312 2383 2456 2525 2576 2607 2622 2605 2539 2444 2345 2258 2209 2199 2212 2216 2205 2190
2855 2845 2818 2812 2833 2853 2849 2840 2824 2809 2790 2772 2766 2777 2807 2837 2844 -9999 -9999 -9999 -9999 -9999 -9999 -9999 -9999 -9999 -9999 -9999 2657 2695 2718 2729 2730 2728 2735 2742 2761 2780 2801 2822 2845 2866 2884 2904 2904 2857 2793 2716 2630 2547 2471 2420 2370 2323 2272 2215 2145 2082 2054 2106 2187 2267 2339 2410 2482 2540 2588 2627 2639 2560 2452 2343 2251 2213 2206 2209 2206 2195 2177
2784 2785 2776 2771 2783 2789 2787 2784 2771 2752 2733 2720 2705 2703 2720 2754 2787 -9999 -9999 -9999 -9999 -9999 -9999 -9999 -9999 -9999 -9999 -9999 -9999 2651 2669 2677 2680 2685 2690 2704 2722 2743 2767 2789 2811 2830 2845 2857 2848 2813 2755 2688 2617 2543 2473 2422 2372 2320 2266 2206 2136 2058 2016 2085 2168 2244 2306 2375 2444 2508 2560 2607 2621 2554 2459 2359 2267 2237 2235 2231 2223 2206 2186
2684 2703 2712 2721 2726 2732 2730 2724 2711 2695 2678 2657 2635 2625 2623 2650 2690 -9999 -9999 -9999 -9999 -9999 -9999 -9999 -9999 -9999 -9999 -9999 -9999 -9999 2639 2644 2644 2642 2652 2669 2686 2708 2730 2753 2775 2794 2805 2814 2802 2773 2728 2671 2610 2552 2491 2438 2391 2343 2290 2233 2173 2117 2092 2126 2185 2250 2294 2352 2422 2481 2527 2561 2563 2529 2469 2400 2342 2308 2293 2278 2256 2233 2202
2600 2635 2660 2666 2671 2675 2676 2667 2654 2638 2618 2594 2566 2533 2496 2490 -9999 -9999 -9999 -9999 -9999 -9999 -9999 -9999 -9999 -9999 -9999 -9999 -9999 -9999 -9999 -9999 2623 2613 2624 2640 2652 2675 2695 2717 2738 2755 2767 2770 2763 2744 2706 2664 2616 2560 2512 2470 2422 2379 2334 2286 2243 2202 2187 2198 2232 2278 2313 2359 2412 2461 2497 2519 2523 2512 2488 2458 2424 2394 2370 2340 2304 2270 2231
2551 2600 2617 2621 2623 2622 2622 2617 2604 2587 2564 2538 2502 2463 2415 2393 -9999 -9999 -9999 -9999 -9999 -9999 -9999 -9999 -9999 -9999 -9999 -9999 -9999 -9999 -9999 -9999 -9999 -9999 2607 2618 2628 2641 2662 2682 2707 2720 2736 2742 2738 2720 2694 2659 2621 2580 2542 2502 2464 2429 2393 2361 2328 2302 2283 2282 2292 2316 2340 2377 2415 2449 2474 2490 2499 2510 2517 2515 2510 2490 2455 2410 2361 2315 2266
2585 2595 2585 2577 2578 2577 2577 2570 2559 2544 2524 2498 2467 2439 2411 2409 -9999 -9999 -9999 -9999 -9999 -9999 -9999 -9999 -9999 -9999 -9999 -9999 -9999 -9999 -9999 -9999 -9999 -9999 -9999 -9999 2600 2613 2628 2651 2673 2691 2708 2717 2716 2705 2688 2663 2635 2604 2572 2538 -9999 -9999 -9999 2442 2423 2400 2378 2355 2353 2359 2375 2398 2421 2448 2470 2481 2484 2519 2546 2567 2590 2591 2537 2473 2415 2363 2311
2618 2586 2544 2531 2531 2538 2537 2532 2522 2512 2495 2473 2450 2430 2418 -9999 -9999 -9999 -9999 -9999 -9999 -9999 -9999 -9999 -9999 -9999 -9999 -9999 -9999 -9999 -9999 -9999 -9999 -9999 -9999 -9999 -9999 -9999 -9999 -9999 2647 2667 2684 2697 2698 2696 2685 2672 -9999 -9999 -9999 -9999 -9999 -9999 -9999 2523 2523 2504 2465 2433 2409 2403 2404 2414 2435 2455 2477 2500 2521 2545 2572 2604 2639 2649 2588 2521 2461 2408 2357
2613 2546 2486 2466 2485 2505 2503 2500 2494 2487 2473 2455 2445 2432 2425 -9999 -9999 -9999 -9999 -9999 -9999 -9999 -9999 -9999 -9999 -9999 -9999 -9999 -9999 -9999 -9999 -9999 -9999 -9999 -9999 -9999 -9999 -9999 -9999 -9999 -9999 -9999 -9999 -9999 -9999 -9999 -9999 -9999 -9999 -9999 -9999 -9999 -9999 -9999 -9999 -9999 2613 2602 2546 2490 2450 2433 2428 2433 2448 2469 2497 2526 2550 2568 2589 2617 2639 2638 2598 2547 2495 2448 2402
2580 2497 2415 2409 2478 2473 2474 2471 2472 2467 2457 2449 2442 2434 -9999 -9999 -9999 -9999 -9999 -9999 -9999 -9999 -9999 -9999 -9999 -9999 -9999 -9999 -9999 -9999 -9999 -9999 -9999 -9999 -9999 -9999 -9999 -9999 -9999 -9999 -9999 -9999 -9999 -9999 -9999 -9999 -9999 -9999 -9999 -9999 -9999 -9999 -9999 -9999 -9999 -9999 -9999 2675 2583 2509 2467 2449 2442 2448 2464 2488 2510 2540 2560 2581 2601 2615 2624 2616 2593 2554 2516 2479 2443
2516 2448 2383 2367 2399 2429 2441 2448 2454 2453 2449 2446 2441 2439 -9999 -9999 -9999 -9999 -9999 -9999 -9999 -9999 -9999 -9999 -9999 -9999 -9999 -9999 -9999 -9999 -9999 -9999 -9999 -9999 -9999 -9999 -9999 -9999 -9999 -9999 -9999 -9999 -9999 -9999 -9999 -9999 -9999 -9999 -9999 -9999 -9999 -9999 -9999 -9999 -9999 -9999 -9999 2612 2547 2488 2456 2449 2452 2462 2480 2498 2523 2548 2574 2589 2606 2614 2610 2599 2580 2553 2523 2492 2462
2454 2414 2369 2355 2368 2394 2418 2433 2440 2445 2444 2445 2444 -9999 -9999 -9999 -9999 -9999 -9999 -9999 -9999 -9999 -9999 -9999 -9999 -9999 -9999 -9999 -9999 -9999 -9999 -9999 -9999 -9999 -9999 -9999 -9999 -9999 -9999 -9999 -9999 -9999 -9999 -9999 -9999 -9999 -9999 -9999 -9999 -9999 -9999 -9999 -9999 -9999 -9999 -9999 -9999 -9999 2466 2432 2427 2442 2460 2473 2494 2510 2536 2560 2585 2602 2612 2611 2598 2583 2565 2547 2522 2496 2463
2413 2391 2371 2364 2371 2392 2412 2427 2435 2441 2444 2445 2445 -9999 -9999 -9999 -9999 -9999 -9999 -9999 -9999 -9999 -9999 -9999 -9999 -9999 -9999 -9999 -9999 -9999 -9999 -9999 -9999 -9999 -9999 -9999 -9999 -9999 -9999 -9999 -9999 -9999 -9999 -9999 -9999 -9999 -9999 -9999 -9999 -9999 -9999 -9999 -9999 -9999 -9999 -9999 -9999 -9999 -9999 2358 2390 2442 2472 2487 2503 2521 2545 2574 2603 2624 2628 2614 2590 2565 2552 2537 2520 2500 2468
2385 2379 2373 2372 2379 2394 2409 2423 2435 2441 2447 2451 -9999 -9999 -9999 -9999 -9999 -9999 -9999 -9999 -9999 -9999 -9999 -9999 -9999 -9999 -9999 -9999 -9999 -9999 -9999 -9999 -9999 -9999 -9999 -9999 -9999 -9999 -9999 -9999 -9999 -9999 -9999 -9999 -9999 -9999 -9999 -9999 -9999 -9999 -9999 -9999 -9999 -9999 -9999 -9999 -9999 -9999 -9999 -9999 2386 2463 2482 2495 2512 2532 2554 2590 2631 2655 2659 2638 2591 2555 2550 2538 2520 2499 2469
2369 2375 2377 2380 2388 2399 2413 2427 2438 2446 2451 -9999 -9999 -9999 -9999 -9999 -9999 -9999 -9999 -9999 -9999 -9999 -9999 -9999 -9999 -9999 -9999 -9999 -9999 -9999 -9999 -9999 -9999 -9999 -9999 -9999 -9999 -9999 -9999 -9999 -9999 -9999 -9999 -9999 -9999 -9999 -9999 -9999 -9999 -9999 -9999 -9999 -9999 -9999 -9999 -9999 -9999 -9999 -9999 -9999 -9999 2450 2476 2497 2516 2542 2572 2617 2670 2708 2710 2680 2627 2581 2565 2547 2524 2498 2473
2364 2374 2381 2390 2394 2407 2419 2432 2442 2455 -9999 -9999 -9999 -9999 -9999 -9999 -9999 -9999 -9999 -9999 -9999 -9999 -9999 -9999 -9999 -9999 -9999 -9999 -9999 -9999 -9999 -9999 -9999 -9999 -9999 -9999 -9999 -9999 -9999 -9999 -9999 -9999 -9999 -9999 -9999 -9999 -9999 -9999 -9999 -9999 -9999 -9999 -9999 -9999 -9999 -9999 -9999 -9999 -9999 -9999 -9999 -9999 2460 2488 2517 2554 2598 2655 2718 2772 2785 2751 2691 2633 2595 2562 2530 2499 2469
2367 2377 2387 2395 2400 2413 2423 2436 2449 2461 2465 2465 2464 2455 2450 2443 2443 2447 -9999 -9999 -9999 -9999 -9999 -9999 -9999 -9999 -9999 -9999 -9999 -9999 -9999 -9999 -9999 -9999 -9999 -9999 -9999 -9999 -9999 -9999 -9999 -9999 -9999 -9999 -9999 -9999 -9999 -9999 -9999 -9999 -9999 -9999 -9999 -9999 -9999 -9999 -9999 -9999 -9999 -9999 -9999 -9999 -9999 2475 2511 2557 2611 2676 2756 2838 2877 2819 2740 2672 2619 2573 2533 2495 2455
2373 2384 2390 2398 2405 2414 2426 2441 2456 2468 2473 2474 2465 2452 2439 2431 2428 2434 2446 2456 2461 2456 -9999 -9999 -9999 -9999 -9999 -9999 -9999 -9999 -9999 -9999 -9999 -9999 -9999 -9999 -9999 -9999 -9999 -9999 -9999 -9999 -9999 -9999 -9999 -9999 -9999 -9999 -9999 -9999 -9999 -9999 -9999 -9999 -9999 -9999 -9999 -9999 -9999 -9999 -9999 -9999 -9999 -9999 -9999 2543 2602 2674 2761 2858 2909 2839 2756 2688 2630 2578 2534 2486 2438
2383 2390 2396 2398 2402 2412 2424 2440 2458 2476 2486 2481 2464 2446 2428 2415 2409 2416 2435 2449 2454 2444 2421 2393 -9999 -9999 -9999 -9999 -9999 -9999 -9999 -9999 -9999 -9999 -9999 -9999 -9999 -9999 -9999 -9999 -9999 -9999 -9999 -9999 -9999 -9999 -9999 -9999 -9999 -9999 -9999 -9999 -9999 -9999 -9999 -9999 -9999 -9999 -9999 -9999 -9999 -9999 -9999 -9999 -9999 -9999 -9999 2645 2719 2789 2819 2788 2732 2680 2626 2580 2532 2479 2421
2395 2399 2397 2393 2390 2400 2413 2431 2452 2476 2493 2488 2460 2431 2408 2393 2386 2395 2427 2448 2452 2442 2420 2389 2348 2310 -9999 -9999 -9999 -9999 -9999 -9999 -9999 -9999 -9999 -9999 -9999 -9999 -9999 -9999 -9999 -9999 -9999 -9999 -9999 -9999 -9999 -9999 -9999 -9999 -9999 -9999 -9999 -9999 -9999 -9999 -9999 -9999 -9999 -9999 -9999 -9999 -9999 -9999 -9999 -9999 -9999 -9999 -9999 -9999 2726 2717 2687 2650 2611 2572 2527 2476 2410
2410 2405 2394 2379 2374 2377 2390 2406 2429 2464 2495 2484 2436 2399 2377 2374 2376 2401 2442 2470 2474 2458 2431 2404 2370 2351 2353 2387 -9999 -9999 -9999 -9999 -9999 -9999 -9999 -9999 -9999 -9999 -9999 -9999 -9999 -9999 -9999 -9999 -9999 -9999 -9999 -9999 -9999 -9999 -9999 -9999 -9999 -9999 -9999 -9999 -9999 -9999 -9999 -9999 -9999 -9999 -9999 -9999 -9999 -9999 -9999 -9999 -9999 -9999 -9999 -9999 -9999 -9999 -9999 -9999 2531 -9999 -9999
2425 2404 2381 2358 2342 2341 2349 2365 2387 2417 2455 2435 2378 2346 2338 2351 2374 2419 2472 2507 2506 2483 2446 2421 2398 2382 2385 2411 2452 -9999 -9999 -9999 -9999 -9999 -9999 -9999 -9999 -9999 -9999 -9999 -9999 -9999 -9999 -9999 -9999 -9999 -9999 -9999 -9999 -9999 -9999 -9999 -9999 -9999 -9999 -9999 -9999 -9999 -9999 -9999 -9999 -9999 -9999 -9999 -9999 -9999 -9999 -9999 -9999 -9999 -9999 -9999 -9999 -9999 -9999 -9999 -9999 -9999 -9999
2435 2398 2357 2320 2297 2288 2295 2306 2314 2327 2331 2311 2280 2264 2282 2312 2359 2421 2493 2550 2534 2494 2461 2434 2418 2404 2410 2429 2458 2494 -9999 -9999 -9999 -9999 -9999 -9999 -9999 -9999 -9999 -9999 -9999 -9999 -9999 -9999 -9999 -9999 -9999 -9999 -9999 -9999 -9999 -9999 -9999 -9999 -9999 -9999 -9999 -9999 -9999 -9999 -9999 -9999 -9999 -9999 -9999 -9999 -9999 -9999 -9999 -9999 -9999 -9999 -9999 -9999 -9999 -9999 -9999 -9999 -9999
2422 2367 2319 2273 2238 2225 2231 2236 2238 2229 2207 2174 2153 2167 2210 2267 2329 2396 2470 2526 2516 2488 2463 2439 2428 2420 2425 2438 2463 2487 2522 -9999 -9999 -9999 -9999 -9999 -9999 -9999 -9999 -9999 -9999 -9999 -9999 -9999 -9999 -9999 -9999 -9999 -9999 -9999 -9999 -9999 -9999 -9999 -9999 -9999 -9999 -9999 -9999 -9999 -9999 -9999 -9999 -9999 -9999 -9999 -9999 -9999 -9999 -9999 -9999 -9999 -9999 -9999 -9999 -9999 -9999 -9999 -9999
2360 2319 2274 2224 2174 2163 2173 2177 2166 2137 2100 2050 2017 2067 2145 2220 2289 2352 2409 2452 2463 2459 2448 2437 2429 2425 2426 2436 2447 2465 2487 2501 2493 2461 2429 2401 2388 2386 2395 2398 2388 2378 -9999 -9999 -9999 -9999 -9999 -9999 -9999 -9999 -9999 -9999 -9999 -9999 -9999 -9999 -9999 -9999 -9999 -9999 -9999 -9999 -9999 -9999 -9999 -9999 -9999 -9999 -9999 -9999 -9999 -9999 -9999 -9999 -9999 -9999 -9999 -9999 -9999
2267 2251 2226 2193 2158 2139 2136 2127 2108 2074 2034 1974 1936 2013 2111 2188 2251 2302 2350 2384 2405 2418 2425 2426 2424 2422 2421 2423 2429 2433 2437 2437 2423 2397 2369 2344 2329 2325 2333 2341 2334 2332 2336 2336 2340 -9999 -9999 -9999 -9999 -9999 -9999 -9999 -9999 -9999 -9999 -9999 -9999 -9999 -9999 -9999 -9999 -9999 -9999 -9999 -9999 -9999 -9999 -9999 -9999 -9999 -9999 -9999 -9999 -9999 -9999 -9999 -9999 -9999 -9999
2169 2174 2174 2168 2155 2136 2117 2094 2066 2039 2010 1979 1982 2040 2113 2176 2228 2259 2287 2319 2350 2375 2396 2406 2414 2411 2411 2402 2399 2392 2383 2371 2354 2329 2303 2276 2255 2249 2253 2264 2271 2273 2276 2279 2267 2213 2111 -9999 -9999 -9999 -9999 -9999 -9999 -9999 -9999 -9999 -9999 -9999 -9999 -9999 -9999 -9999 -9999 -9999 -9999 -9999 -9999 -9999 -9999 -9999 -9999 -9999 -9999 -9999 -9999 -9999 -9999 -9999 -9999
