data/studyarea/bio10.asc
NCOLS 462 
NROWS 586 
XLLCORNER -113 
YLLCORNER -53.1666666666667 
CELLSIZE 0.166666666666667 
NODATA_value -9999 
[rows 396 to 431 of 586, columns 246 to 327 of 462]
-9999 -9999 -9999 -9999 -9999 -9999 -9999 -9999 -9999 -9999 -9999 -9999 -9999 -9999 -9999 -9999 195 152 103 94 85 64 92 73 59 65 94 101 118 120 117 114 98 101 116 127 146 171 178 146 180 140 154 209 205 197 220 229 230 244 251 274 275 276 279 278 277 277 276 276 276 276 276 277 280 282 284 286 287 288 288 288 288 288 287 286 286 285 285 285 285 285
-9999 -9999 -9999 -9999 -9999 -9999 -9999 -9999 -9999 -9999 -9999 -9999 -9999 -9999 -9999 205 188 143 106 104 114 84 73 64 57 65 73 105 103 106 106 104 81 99 133 132 151 152 162 165 162 134 179 208 204 225 230 231 235 241 256 268 272 277 278 277 277 276 276 275 276 276 277 278 280 282 285 287 289 290 289 289 289 288 287 286 285 285 285 284 284 284
-9999 -9999 -9999 -9999 -9999 -9999 -9999 -9999 -9999 -9999 -9999 -9999 -9999 -9999 -9999 204 180 131 102 97 122 79 76 56 59 56 71 99 86 84 67 86 99 119 134 127 143 149 154 164 144 131 181 199 192 237 236 235 243 246 259 268 273 276 277 276 276 276 275 275 275 276 277 279 281 283 286 288 291 291 290 290 289 288 287 286 286 285 285 284 284 284
-9999 -9999 -9999 -9999 -9999 -9999 -9999 -9999 -9999 -9999 -9999 -9999 -9999 -9999 -9999 201 181 148 119 113 132 107 86 74 56 51 68 92 78 73 78 83 94 127 122 130 141 144 152 148 124 121 172 198 208 236 245 244 249 250 259 269 272 275 276 276 275 275 275 275 276 276 277 279 281 284 287 289 291 291 291 290 289 288 287 286 285 285 284 284 284 284
-9999 -9999 -9999 -9999 -9999 -9999 -9999 -9999 -9999 -9999 -9999 -9999 -9999 -9999 -9999 195 179 151 131 149 149 142 130 91 50 77 54 75 72 72 80 74 88 126 109 126 138 135 144 139 109 137 171 198 230 239 239 255 248 252 265 270 273 275 276 275 275 274 274 274 275 276 278 279 281 284 286 288 290 290 290 290 289 287 286 286 284 284 283 284 283 284
-9999 -9999 -9999 -9999 -9999 -9999 -9999 -9999 -9999 -9999 -9999 -9999 -9999 -9999 195 194 184 161 159 158 156 143 119 83 47 52 65 66 69 61 68 77 108 121 102 133 132 138 141 130 97 128 168 214 246 246 254 257 251 262 269 272 274 275 276 275 275 274 273 274 275 276 278 280 281 283 285 287 288 289 289 289 288 287 286 284 283 283 283 283 283 283
-9999 -9999 -9999 -9999 -9999 -9999 -9999 -9999 -9999 -9999 -9999 -9999 -9999 -9999 191 192 181 168 150 151 149 124 115 88 55 50 73 69 69 53 73 77 77 106 108 132 127 141 134 115 119 146 191 224 240 254 265 258 258 268 273 275 275 276 276 275 275 274 274 274 275 277 278 279 281 282 284 285 286 287 287 287 286 285 284 283 282 282 282 282 282 283
-9999 -9999 -9999 -9999 -9999 -9999 -9999 -9999 -9999 -9999 -9999 -9999 -9999 -9999 188 187 179 152 140 149 140 126 143 127 65 68 57 60 63 69 71 79 79 94 104 126 137 141 128 115 128 166 198 231 250 261 268 259 265 273 275 277 277 277 277 276 275 275 274 274 275 277 278 279 280 282 283 284 285 285 285 285 284 284 282 282 281 280 280 281 281 282
-9999 -9999 -9999 -9999 -9999 -9999 -9999 -9999 -9999 -9999 -9999 -9999 -9999 -9999 185 185 180 164 151 139 135 152 165 159 105 60 57 74 79 70 67 83 71 88 94 114 140 134 125 126 113 142 178 232 249 267 263 264 271 276 277 278 278 278 278 277 276 275 275 275 276 277 278 279 280 281 281 282 282 283 283 283 283 282 281 280 279 278 279 279 280 281
-9999 -9999 -9999 -9999 -9999 -9999 -9999 -9999 -9999 -9999 -9999 -9999 -9999 -9999 187 188 176 154 134 123 129 165 171 170 120 59 59 74 83 78 82 94 102 98 109 124 141 117 120 131 115 106 168 225 251 264 267 269 274 276 278 278 278 278 278 277 276 276 276 276 276 277 278 278 279 280 280 281 281 281 282 281 281 280 280 279 278 277 277 277 279 280
-9999 -9999 -9999 -9999 -9999 -9999 -9999 -9999 -9999 -9999 -9999 -9999 -9999 -9999 183 176 168 143 138 136 156 168 172 172 140 80 58 71 87 90 89 101 107 107 119 116 138 112 125 137 129 100 156 222 247 263 269 273 275 276 277 278 277 278 278 277 277 277 276 276 276 277 278 278 278 279 279 280 279 279 280 279 279 279 278 278 276 275 274 275 278 280
-9999 -9999 -9999 -9999 -9999 -9999 -9999 -9999 -9999 -9999 -9999 -9999 -9999 -9999 181 180 169 152 149 143 164 170 173 173 137 72 79 77 76 94 91 104 105 117 121 128 136 131 104 139 122 139 174 218 249 264 269 272 273 275 276 277 278 278 278 277 278 277 276 277 277 277 277 277 277 278 278 278 278 278 278 278 278 278 277 276 276 274 273 274 277 279
-9999 -9999 -9999 -9999 -9999 -9999 -9999 -9999 -9999 -9999 -9999 -9999 -9999 -9999 188 180 175 162 162 149 164 171 173 172 135 71 72 74 80 83 93 107 98 115 121 135 136 126 109 147 122 186 187 211 249 264 267 268 266 271 275 277 277 278 278 278 277 277 277 277 277 277 277 277 277 277 277 277 276 276 277 277 278 277 277 276 276 275 274 275 277 278
-9999 -9999 -9999 -9999 -9999 -9999 -9999 -9999 -9999 -9999 -9999 -9999 -9999 -9999 187 182 168 158 161 137 161 159 170 164 122 75 42 71 87 87 82 106 98 112 132 134 134 115 129 137 158 209 225 251 259 260 261 264 263 271 275 277 277 278 278 278 278 277 277 277 277 277 277 277 276 276 276 276 276 276 276 276 276 277 277 277 276 275 275 276 277 278
-9999 -9999 -9999 -9999 -9999 -9999 -9999 -9999 -9999 -9999 -9999 -9999 -9999 -9999 197 185 160 155 157 135 156 134 149 143 103 92 78 77 97 110 91 104 92 104 122 120 105 105 118 173 193 218 234 257 255 240 253 261 267 272 275 277 277 278 278 278 278 278 277 277 277 276 277 276 276 275 275 275 275 275 275 276 276 276 276 276 276 276 276 276 277 277
-9999 -9999 -9999 -9999 -9999 -9999 -9999 -9999 -9999 -9999 -9999 -9999 -9999 -9999 -9999 186 170 153 128 134 140 125 136 110 72 82 100 78 88 116 99 100 76 85 118 101 114 83 126 191 200 210 238 256 241 212 235 258 268 272 275 276 277 278 279 278 278 278 277 277 277 276 276 276 276 275 275 274 275 275 275 275 276 276 276 276 276 276 276 276 277 277
-9999 -9999 -9999 -9999 -9999 -9999 -9999 -9999 -9999 -9999 -9999 -9999 -9999 -9999 -9999 178 156 133 123 134 104 126 119 57 99 84 123 93 91 101 99 57 70 90 107 107 118 101 105 192 211 211 238 252 230 203 236 260 269 272 274 276 277 278 278 278 277 277 277 277 276 276 275 275 275 274 274 274 275 274 274 274 275 276 276 276 276 276 277 277 276 277
-9999 -9999 -9999 -9999 -9999 -9999 -9999 -9999 -9999 -9999 -9999 -9999 -9999 -9999 -9999 177 155 128 134 124 90 95 86 63 91 115 119 123 92 114 95 73 85 77 79 91 132 110 108 183 212 226 237 249 221 203 244 262 268 271 273 275 276 277 277 277 277 277 276 276 275 275 274 274 275 274 274 275 274 275 275 275 275 275 276 276 276 276 277 277 277 276
-9999 -9999 -9999 -9999 -9999 -9999 -9999 -9999 -9999 -9999 -9999 -9999 -9999 -9999 -9999 -9999 136 132 139 111 74 62 85 73 110 116 125 121 98 114 95 107 104 68 90 87 126 132 153 196 215 236 245 235 209 233 254 263 267 271 273 275 275 276 276 277 276 276 276 275 275 274 274 273 274 274 273 274 274 274 274 274 275 275 275 275 276 277 277 278 277 276
-9999 -9999 -9999 -9999 -9999 -9999 -9999 -9999 -9999 -9999 -9999 -9999 -9999 -9999 -9999 -9999 130 115 129 98 48 72 88 84 122 125 125 114 97 106 110 105 98 56 115 116 135 149 187 208 213 236 228 203 232 247 258 264 268 270 273 274 274 275 275 275 275 276 275 275 274 274 273 273 274 273 273 274 273 274 274 274 275 275 275 275 276 277 278 277 277 276
-9999 -9999 -9999 -9999 -9999 -9999 -9999 -9999 -9999 -9999 -9999 -9999 -9999 -9999 -9999 -9999 -9999 102 109 90 72 68 86 92 114 124 125 114 96 103 83 102 75 58 117 158 115 164 206 212 209 228 227 210 234 250 261 266 269 270 272 273 274 274 274 275 275 275 275 274 273 273 273 273 273 273 273 273 273 273 273 274 274 274 275 276 276 277 277 278 276 275
-9999 -9999 -9999 -9999 -9999 -9999 -9999 -9999 -9999 -9999 -9999 -9999 -9999 -9999 -9999 -9999 -9999 93 107 95 79 53 81 97 85 112 114 116 102 109 79 95 60 102 135 162 121 155 207 219 209 232 226 232 247 256 264 268 269 271 271 272 273 273 274 274 275 275 274 274 274 273 273 273 272 273 273 273 272 272 273 273 273 274 274 274 275 276 276 276 275 273
-9999 -9999 -9999 -9999 -9999 -9999 -9999 -9999 -9999 -9999 -9999 -9999 -9999 -9999 -9999 -9999 -9999 -9999 103 96 55 57 70 96 68 86 83 106 97 98 96 90 78 144 166 158 142 170 201 224 213 210 237 238 254 258 262 268 269 270 271 272 273 273 273 274 274 274 274 274 274 273 273 273 273 273 273 272 273 273 273 272 273 273 273 274 274 274 275 274 274 272
-9999 -9999 -9999 -9999 -9999 -9999 -9999 -9999 -9999 -9999 -9999 -9999 -9999 -9999 -9999 -9999 -9999 -9999 81 91 59 68 60 69 67 74 93 107 85 101 99 78 89 155 182 154 149 173 217 221 195 205 239 249 253 251 260 267 269 270 270 271 272 272 272 273 274 274 273 273 273 273 273 273 273 273 272 272 272 272 272 272 272 272 272 272 273 273 273 273 272 272
-9999 -9999 -9999 -9999 -9999 -9999 -9999 -9999 -9999 -9999 -9999 -9999 -9999 -9999 -9999 -9999 -9999 -9999 -9999 77 64 89 75 67 29 82 121 71 80 78 87 84 113 162 178 178 169 177 213 193 190 207 239 246 247 244 259 265 268 269 270 271 271 272 273 273 273 273 274 274 274 273 273 273 273 273 272 272 272 271 272 271 271 271 271 271 272 272 272 271 271 271
-9999 -9999 -9999 -9999 -9999 -9999 -9999 -9999 -9999 -9999 -9999 -9999 -9999 -9999 -9999 -9999 -9999 -9999 -9999 -9999 83 72 77 96 85 127 81 77 76 63 70 83 98 147 168 190 187 188 186 197 208 225 238 244 249 252 259 265 268 269 269 270 271 272 272 272 273 273 273 274 274 274 274 273 273 272 272 271 272 271 271 270 271 270 270 270 270 270 270 270 271 271
-9999 -9999 -9999 -9999 -9999 -9999 -9999 -9999 -9999 -9999 -9999 -9999 -9999 -9999 -9999 -9999 -9999 -9999 -9999 -9999 -9999 67 82 104 119 114 89 115 85 53 47 75 80 132 146 162 205 193 181 205 218 230 221 239 250 252 259 264 267 268 269 270 271 271 272 272 273 273 273 274 274 274 274 273 273 272 272 272 271 270 270 270 270 270 269 269 270 269 269 269 270 270
-9999 -9999 -9999 -9999 -9999 -9999 -9999 -9999 -9999 -9999 -9999 -9999 -9999 -9999 -9999 -9999 -9999 -9999 -9999 -9999 -9999 -9999 65 92 109 81 109 128 89 64 56 68 83 115 102 140 207 171 196 228 234 227 199 231 248 254 260 263 266 268 269 270 271 271 272 272 273 274 274 274 275 274 274 273 273 272 271 271 270 270 269 269 269 269 269 268 269 268 268 268 269 270
-9999 -9999 -9999 -9999 -9999 -9999 -9999 -9999 -9999 -9999 -9999 -9999 -9999 -9999 -9999 -9999 -9999 -9999 -9999 -9999 -9999 -9999 -9999 105 109 94 126 140 111 76 82 86 74 86 93 129 202 166 198 230 239 214 212 238 249 256 261 264 266 268 269 269 271 271 271 272 273 273 273 274 275 274 273 273 272 272 271 270 270 269 269 269 268 268 268 268 268 268 268 267 268 270
-9999 -9999 -9999 -9999 -9999 -9999 -9999 -9999 -9999 -9999 -9999 -9999 -9999 -9999 -9999 -9999 -9999 -9999 -9999 -9999 -9999 -9999 -9999 -9999 70 97 138 150 121 62 104 110 102 84 127 152 202 150 195 225 241 214 217 239 251 257 262 265 266 269 269 270 270 271 271 272 273 273 274 274 274 274 274 273 272 271 271 270 269 268 268 268 267 267 267 267 267 267 267 268 269 270
-9999 -9999 -9999 -9999 -9999 -9999 -9999 -9999 -9999 -9999 -9999 -9999 -9999 -9999 -9999 -9999 -9999 -9999 -9999 -9999 -9999 -9999 -9999 -9999 -9999 -9999 132 142 117 57 138 128 97 128 150 186 196 119 188 217 239 229 236 247 255 260 264 266 267 269 270 270 271 271 271 271 272 273 273 273 273 272 273 273 272 271 270 269 268 267 267 267 266 266 266 266 267 267 267 268 269 270
-9999 -9999 -9999 -9999 -9999 -9999 -9999 -9999 -9999 -9999 -9999 -9999 -9999 -9999 -9999 -9999 -9999 -9999 -9999 -9999 -9999 -9999 -9999 -9999 -9999 -9999 -9999 -9999 111 109 128 124 102 174 167 194 155 136 187 219 241 245 248 255 260 264 266 267 268 269 270 270 271 271 271 272 272 273 273 273 273 272 273 273 272 271 270 269 267 266 266 266 266 266 266 266 267 267 268 269 270 271
-9999 -9999 -9999 -9999 -9999 -9999 -9999 -9999 -9999 -9999 -9999 -9999 -9999 -9999 -9999 -9999 -9999 -9999 -9999 -9999 -9999 -9999 -9999 -9999 -9999 -9999 -9999 -9999 92 107 133 143 153 196 183 190 105 176 205 243 251 252 254 259 264 266 268 269 269 270 270 270 271 271 272 272 272 272 273 272 272 272 273 273 272 271 270 269 267 266 266 265 266 265 265 265 266 267 268 269 270 271
-9999 -9999 -9999 -9999 -9999 -9999 -9999 -9999 -9999 -9999 -9999 -9999 -9999 -9999 -9999 -9999 -9999 -9999 -9999 -9999 -9999 -9999 -9999 -9999 -9999 -9999 -9999 -9999 107 128 186 183 191 199 195 131 128 217 246 255 255 256 257 260 266 266 269 269 270 270 271 271 271 271 272 272 273 272 272 271 271 271 273 273 272 272 271 269 268 267 266 266 265 265 265 265 265 266 268 270 270 270
-9999 -9999 -9999 -9999 -9999 -9999 -9999 -9999 -9999 -9999 -9999 -9999 -9999 -9999 -9999 -9999 -9999 -9999 -9999 -9999 -9999 -9999 -9999 -9999 -9999 -9999 -9999 -9999 110 173 219 205 183 180 147 103 218 248 255 256 257 258 258 260 265 265 269 270 270 270 271 271 271 272 271 272 272 273 272 272 272 272 272 273 272 272 271 271 269 268 266 266 265 264 264 264 264 265 268 270 271 270
-9999 -9999 -9999 -9999 -9999 -9999 -9999 -9999 -9999 -9999 -9999 -9999 -9999 -9999 -9999 -9999 -9999 -9999 -9999 -9999 -9999 -9999 -9999 -9999 -9999 -9999 -9999 -9999 100 197 225 207 203 186 163 185 233 253 256 257 258 259 260 262 264 265 268 270 270 271 271 271 271 272 272 273 272 272 272 272 272 272 273 273 273 272 271 271 270 268 267 266 265 264 263 263 263 263 267 271 270 269
