data/studyarea/bio17.asc
NCOLS 462 
NROWS 586 
XLLCORNER -113 
YLLCORNER -53.1666666666667 
CELLSIZE 0.166666666666667 
NODATA_value -9999 
[rows 37 to 73 of 586, columns 164 to 245 of 462]
242 244 245 248 243 240 240 242 244 248 248 247 246 246 244 238 234 236 236 241 246 250 250 249 250 252 251 251 257 272 288 315 325 287 270 256 228 221 211 195 198 217 225 226 227 229 232 235 236 237 236 237 236 241 243 241 241 240 241 243 247 248 247 246 -9999 -9999 -9999 -9999 -9999 -9999 -9999 -9999 -9999 -9999 -9999 -9999 -9999 -9999 -9999 -9999 -9999 -9999
245 247 248 250 247 244 242 245 248 252 253 253 251 250 247 243 242 242 243 248 252 256 257 259 259 256 250 245 254 274 292 284 265 265 245 237 223 222 221 212 217 229 231 234 233 233 235 238 240 242 243 241 240 239 241 238 235 232 231 235 239 242 243 -9999 -9999 -9999 -9999 -9999 -9999 -9999 -9999 -9999 -9999 -9999 -9999 -9999 -9999 -9999 -9999 -9999 -9999 -9999
253 254 255 256 255 252 251 250 250 253 256 261 261 254 249 249 247 247 249 251 257 259 265 267 265 260 248 239 254 257 251 236 241 238 233 223 230 222 230 249 239 238 238 233 230 234 238 241 243 245 245 246 244 241 243 237 233 227 226 230 232 232 236 -9999 -9999 -9999 -9999 -9999 -9999 -9999 -9999 -9999 -9999 -9999 -9999 -9999 -9999 -9999 -9999 -9999 -9999 -9999
260 262 264 266 264 262 259 256 256 256 262 265 265 261 258 253 253 252 254 253 257 265 266 268 263 252 237 235 229 230 218 221 228 214 219 219 227 222 246 243 238 242 239 235 230 234 239 244 246 247 249 251 250 247 241 239 235 -9999 228 231 232 231 -9999 -9999 -9999 -9999 -9999 -9999 -9999 -9999 -9999 -9999 -9999 -9999 -9999 -9999 -9999 -9999 -9999 -9999 -9999 -9999
270 272 275 278 277 273 270 267 265 266 267 266 264 262 262 259 257 252 253 256 260 263 262 260 254 240 232 227 210 204 206 215 219 218 214 221 230 234 234 237 240 243 242 241 238 240 245 247 250 249 250 250 248 247 243 241 238 -9999 235 235 235 -9999 -9999 -9999 -9999 -9999 -9999 -9999 -9999 -9999 -9999 -9999 -9999 -9999 -9999 -9999 -9999 -9999 -9999 -9999 -9999 -9999
281 284 286 288 287 285 281 276 274 273 272 269 270 266 265 263 259 255 252 252 255 257 255 250 239 230 222 213 205 199 221 213 211 215 221 228 237 236 238 241 243 245 246 248 248 248 249 251 252 251 248 249 246 246 242 240 240 236 237 237 238 -9999 -9999 -9999 -9999 -9999 -9999 -9999 -9999 -9999 -9999 -9999 -9999 -9999 -9999 -9999 -9999 -9999 -9999 -9999 -9999 -9999
279 286 291 291 290 288 283 278 274 270 270 270 273 271 268 264 259 256 253 251 251 251 251 247 235 231 221 212 211 202 199 207 212 221 227 231 237 239 243 246 246 248 251 253 255 254 254 254 254 250 247 244 244 242 237 237 238 236 238 238 -9999 -9999 -9999 -9999 -9999 -9999 -9999 -9999 -9999 -9999 -9999 -9999 -9999 -9999 -9999 -9999 -9999 -9999 -9999 -9999 -9999 -9999
283 287 289 292 290 286 283 279 273 269 271 273 275 274 270 263 257 263 255 252 251 251 250 247 245 245 233 219 208 202 205 214 219 229 237 239 242 246 247 249 251 250 253 256 258 257 257 256 253 248 247 244 242 237 230 236 237 -9999 237 -9999 -9999 -9999 -9999 -9999 -9999 -9999 -9999 -9999 -9999 -9999 -9999 -9999 -9999 -9999 -9999 -9999 -9999 -9999 -9999 -9999 -9999 -9999
285 286 286 285 285 285 282 280 274 271 271 274 279 277 272 272 272 259 268 251 247 252 257 255 245 241 227 216 209 212 222 227 232 245 247 246 248 251 250 251 252 251 253 256 257 259 257 254 250 246 244 244 243 239 237 237 234 236 239 -9999 -9999 -9999 -9999 -9999 -9999 -9999 -9999 -9999 -9999 -9999 -9999 -9999 -9999 -9999 -9999 -9999 -9999 -9999 -9999 -9999 -9999 -9999
286 282 285 286 288 286 286 284 277 272 274 276 274 276 264 256 251 251 241 245 246 251 251 253 262 262 248 231 224 231 237 246 261 258 253 253 252 252 253 253 251 251 252 255 256 257 254 250 245 244 243 244 245 247 244 244 241 239 240 -9999 -9999 -9999 -9999 -9999 -9999 -9999 -9999 -9999 -9999 -9999 -9999 -9999 -9999 -9999 -9999 -9999 -9999 -9999 -9999 -9999 -9999 -9999
287 283 282 284 292 292 292 291 287 278 282 277 269 262 254 246 240 235 232 233 244 249 270 276 289 270 256 244 243 250 258 268 270 261 257 254 253 252 252 253 253 252 248 251 251 252 251 247 242 240 242 242 244 248 248 250 243 240 241 -9999 -9999 -9999 -9999 -9999 -9999 -9999 -9999 -9999 -9999 -9999 -9999 -9999 -9999 -9999 -9999 -9999 -9999 -9999 -9999 -9999 -9999 -9999
287 288 286 287 294 293 292 294 293 282 273 266 261 254 246 237 231 231 232 232 244 269 280 291 294 282 276 264 257 257 261 266 265 259 254 253 254 252 253 256 256 255 250 248 250 249 247 242 236 239 241 241 241 244 244 242 239 237 241 247 -9999 -9999 -9999 -9999 -9999 -9999 -9999 -9999 -9999 -9999 -9999 -9999 -9999 -9999 -9999 -9999 -9999 -9999 -9999 -9999 -9999 -9999
292 291 293 296 293 290 294 299 296 272 266 262 255 244 237 229 226 229 231 248 264 288 296 306 302 287 269 265 263 262 262 261 258 253 252 253 251 253 256 259 257 253 249 248 247 244 242 238 234 235 237 238 240 239 239 237 231 235 244 252 -9999 -9999 -9999 -9999 -9999 -9999 -9999 -9999 -9999 -9999 -9999 -9999 -9999 -9999 -9999 -9999 -9999 -9999 -9999 -9999 -9999 -9999
292 293 300 295 293 291 287 293 277 266 263 254 248 242 231 227 227 240 264 272 297 318 315 304 291 275 275 277 270 265 260 258 255 255 251 251 250 250 255 258 255 248 249 246 243 240 237 232 232 234 235 236 237 238 237 236 234 236 254 264 273 -9999 -9999 -9999 -9999 -9999 -9999 -9999 -9999 -9999 -9999 -9999 -9999 -9999 -9999 -9999 -9999 -9999 -9999 -9999 -9999 -9999
288 291 298 294 296 295 280 272 268 261 255 255 247 243 241 236 239 239 279 295 306 314 311 283 274 278 276 274 268 263 260 259 258 256 252 253 253 253 253 253 248 246 247 246 241 236 232 230 230 231 234 236 237 240 242 242 247 253 267 276 283 -9999 -9999 -9999 -9999 -9999 -9999 -9999 -9999 -9999 -9999 -9999 -9999 -9999 -9999 -9999 -9999 -9999 -9999 -9999 -9999 -9999
288 295 299 295 298 285 281 276 271 263 263 274 275 280 319 288 298 244 239 315 341 299 290 280 282 276 274 271 268 263 257 257 257 257 252 253 253 254 252 247 244 248 244 243 238 235 231 230 230 231 235 238 241 244 247 250 257 264 277 285 285 286 -9999 -9999 -9999 -9999 -9999 -9999 -9999 -9999 -9999 -9999 -9999 -9999 -9999 -9999 -9999 -9999 -9999 -9999 -9999 -9999
304 306 294 301 289 286 290 287 279 280 306 334 366 387 368 345 295 272 255 290 301 298 297 302 292 281 273 271 265 264 261 258 255 256 255 254 251 251 246 242 243 246 243 239 235 232 231 231 232 234 237 241 246 248 252 260 268 278 286 288 -9999 287 -9999 -9999 -9999 -9999 -9999 -9999 -9999 -9999 -9999 -9999 -9999 -9999 -9999 -9999 -9999 -9999 -9999 -9999 -9999 -9999
310 303 303 291 287 290 294 294 293 329 332 332 325 335 336 398 391 371 299 305 314 304 300 299 290 281 270 265 262 259 257 256 255 254 257 254 251 247 245 241 240 241 242 236 233 232 232 233 234 237 240 245 250 255 260 268 278 286 286 -9999 291 291 -9999 -9999 -9999 -9999 -9999 -9999 -9999 -9999 -9999 -9999 -9999 -9999 -9999 -9999 -9999 -9999 -9999 -9999 -9999 -9999
309 301 301 285 290 292 299 308 322 354 358 366 384 351 388 414 449 405 383 353 336 314 306 297 286 279 270 263 259 255 253 254 253 255 254 257 251 247 239 234 232 235 239 236 235 233 233 235 236 239 243 248 255 261 269 274 284 285 -9999 292 292 -9999 -9999 -9999 -9999 -9999 -9999 -9999 -9999 -9999 -9999 -9999 -9999 -9999 -9999 -9999 -9999 -9999 -9999 -9999 -9999 -9999
289 298 283 288 295 297 314 323 324 318 332 374 417 392 444 465 429 432 365 331 319 307 297 292 284 279 272 263 258 254 253 252 252 251 250 253 248 243 237 231 227 230 233 234 233 233 235 237 239 241 247 251 259 268 275 283 289 288 289 290 -9999 -9999 -9999 -9999 -9999 -9999 -9999 -9999 -9999 -9999 -9999 -9999 -9999 -9999 -9999 -9999 -9999 -9999 -9999 -9999 -9999 -9999
299 295 283 292 297 305 344 332 330 334 348 376 398 403 402 386 342 338 322 306 291 282 278 279 277 273 269 262 257 254 254 251 248 248 246 246 245 239 234 229 227 227 228 230 231 233 235 237 242 247 252 258 266 277 280 284 288 289 -9999 -9999 -9999 -9999 -9999 -9999 -9999 -9999 -9999 -9999 -9999 -9999 -9999 -9999 -9999 -9999 -9999 -9999 -9999 -9999 -9999 -9999 -9999 -9999
297 299 291 295 294 302 325 336 350 362 371 382 376 372 348 334 316 307 297 280 274 272 271 275 273 266 264 258 254 251 249 248 244 240 238 239 234 234 232 227 225 224 225 226 229 230 233 239 245 251 258 264 272 275 279 282 -9999 -9999 -9999 -9999 -9999 -9999 -9999 -9999 -9999 -9999 -9999 -9999 -9999 -9999 -9999 -9999 -9999 -9999 -9999 -9999 -9999 -9999 -9999 -9999 -9999 -9999
297 295 288 289 281 286 307 330 348 345 346 351 345 336 307 301 292 281 279 274 268 269 270 271 265 258 254 250 246 246 243 239 238 236 231 229 229 230 228 226 224 225 224 227 229 231 236 242 249 255 260 265 -9999 -9999 279 279 -9999 -9999 -9999 -9999 -9999 -9999 -9999 -9999 -9999 -9999 -9999 -9999 -9999 -9999 -9999 -9999 -9999 -9999 -9999 -9999 -9999 -9999 -9999 -9999 -9999 -9999
286 278 279 275 274 276 299 311 321 322 323 326 319 303 290 286 276 265 264 264 261 262 265 264 257 250 245 241 236 233 231 232 231 230 226 224 225 228 228 226 225 224 226 229 233 236 240 246 252 254 -9999 -9999 -9999 -9999 -9999 -9999 -9999 -9999 -9999 -9999 -9999 -9999 -9999 -9999 -9999 -9999 -9999 -9999 -9999 -9999 -9999 -9999 -9999 -9999 -9999 -9999 -9999 -9999 -9999 -9999 -9999 -9999
272 273 273 270 267 272 288 295 302 307 306 302 296 289 278 272 263 255 254 253 253 252 254 254 248 241 236 234 234 226 223 225 224 223 220 219 222 230 230 229 225 226 229 234 240 244 247 250 -9999 -9999 -9999 -9999 -9999 -9999 -9999 -9999 -9999 -9999 -9999 -9999 -9999 -9999 -9999 -9999 -9999 -9999 -9999 -9999 -9999 -9999 -9999 -9999 -9999 -9999 -9999 -9999 -9999 -9999 -9999 -9999 -9999 -9999
272 273 272 267 263 265 273 281 290 292 292 284 280 276 270 257 252 247 245 245 246 247 248 248 243 237 232 227 228 223 215 218 218 219 217 216 223 232 233 231 226 228 232 241 247 254 256 254 -9999 -9999 -9999 -9999 -9999 -9999 -9999 -9999 -9999 -9999 -9999 -9999 -9999 -9999 -9999 -9999 -9999 -9999 -9999 -9999 -9999 -9999 -9999 -9999 -9999 -9999 -9999 -9999 -9999 -9999 -9999 -9999 -9999 -9999
275 277 272 272 271 267 266 271 278 279 278 273 268 262 257 250 244 242 238 238 240 239 242 244 243 239 232 222 220 218 210 211 216 217 219 222 228 231 233 232 229 232 238 244 251 260 264 -9999 -9999 -9999 -9999 -9999 -9999 -9999 -9999 -9999 -9999 -9999 -9999 -9999 -9999 -9999 -9999 -9999 -9999 -9999 -9999 -9999 -9999 -9999 -9999 -9999 -9999 -9999 -9999 -9999 -9999 -9999 -9999 -9999 -9999 -9999
277 275 274 273 267 264 260 262 266 265 263 259 254 249 244 244 240 239 239 236 234 234 238 241 238 235 233 228 220 215 210 211 214 220 224 230 233 237 240 237 234 236 238 -9999 -9999 -9999 -9999 -9999 -9999 -9999 -9999 -9999 -9999 -9999 -9999 -9999 -9999 -9999 -9999 -9999 -9999 -9999 -9999 -9999 -9999 -9999 -9999 -9999 -9999 -9999 -9999 -9999 -9999 -9999 -9999 -9999 -9999 -9999 -9999 -9999 -9999 -9999
272 274 271 266 263 257 257 257 254 253 250 247 242 237 233 235 234 236 236 235 232 228 232 235 233 229 228 224 221 216 212 212 217 221 228 233 238 244 249 248 241 -9999 -9999 -9999 -9999 -9999 -9999 -9999 -9999 -9999 -9999 -9999 -9999 -9999 -9999 -9999 -9999 -9999 -9999 -9999 -9999 -9999 -9999 -9999 -9999 -9999 -9999 -9999 -9999 -9999 -9999 -9999 -9999 -9999 -9999 -9999 -9999 -9999 -9999 -9999 -9999 -9999
273 271 270 261 257 257 254 252 249 245 239 237 233 229 226 226 228 234 236 233 232 227 222 228 226 225 222 222 220 218 217 218 220 223 229 235 241 249 256 258 -9999 -9999 -9999 -9999 -9999 -9999 -9999 -9999 -9999 -9999 -9999 -9999 -9999 -9999 -9999 -9999 -9999 -9999 -9999 -9999 -9999 -9999 -9999 -9999 -9999 -9999 -9999 -9999 -9999 -9999 -9999 -9999 -9999 -9999 -9999 -9999 -9999 -9999 -9999 -9999 -9999 -9999
270 269 263 256 254 256 251 247 244 237 232 229 227 224 222 222 223 224 225 227 225 224 221 222 223 221 221 220 219 219 221 223 225 227 229 235 243 251 258 260 -9999 -9999 -9999 -9999 -9999 -9999 -9999 -9999 -9999 -9999 -9999 -9999 -9999 -9999 -9999 -9999 -9999 -9999 -9999 -9999 -9999 -9999 -9999 -9999 -9999 -9999 -9999 -9999 -9999 -9999 -9999 -9999 -9999 -9999 -9999 -9999 -9999 -9999 -9999 -9999 -9999 -9999
266 261 257 253 253 254 248 245 239 234 226 223 223 222 221 221 217 219 218 220 223 223 223 221 218 218 217 217 218 220 224 226 227 225 228 235 243 251 257 -9999 -9999 -9999 -9999 -9999 -9999 -9999 -9999 -9999 -9999 -9999 -9999 -9999 -9999 -9999 -9999 -9999 -9999 -9999 -9999 -9999 -9999 -9999 -9999 -9999 -9999 -9999 -9999 -9999 -9999 -9999 -9999 -9999 -9999 -9999 -9999 -9999 -9999 -9999 -9999 -9999 -9999 -9999
267 261 254 251 252 253 247 242 233 228 220 217 216 218 217 214 214 216 214 215 219 221 223 219 215 214 212 213 216 223 225 226 224 222 224 234 240 -9999 -9999 -9999 -9999 -9999 -9999 -9999 -9999 -9999 -9999 -9999 -9999 -9999 -9999 -9999 -9999 -9999 -9999 -9999 -9999 -9999 -9999 -9999 -9999 -9999 -9999 -9999 -9999 -9999 -9999 -9999 -9999 -9999 -9999 -9999 -9999 -9999 -9999 -9999 -9999 -9999 -9999 -9999 -9999 -9999
268 265 256 247 245 243 238 229 221 218 214 209 206 212 215 214 212 211 210 212 215 219 219 218 214 210 210 211 215 218 220 223 222 220 223 231 -9999 -9999 -9999 -9999 -9999 -9999 -9999 -9999 -9999 -9999 -9999 -9999 -9999 -9999 -9999 -9999 -9999 -9999 -9999 -9999 -9999 -9999 -9999 -9999 -9999 -9999 -9999 -9999 -9999 -9999 -9999 -9999 -9999 -9999 -9999 -9999 -9999 -9999 -9999 -9999 -9999 -9999 -9999 -9999 -9999 -9999
265 262 254 235 228 226 226 226 218 208 209 205 203 210 213 213 209 208 206 206 212 218 219 215 210 208 206 210 213 213 216 218 220 220 222 -9999 -9999 -9999 -9999 -9999 -9999 -9999 -9999 -9999 -9999 -9999 -9999 -9999 -9999 -9999 -9999 -9999 -9999 -9999 -9999 -9999 -9999 -9999 -9999 -9999 -9999 -9999 -9999 -9999 -9999 -9999 -9999 -9999 -9999 -9999 -9999 -9999 -9999 -9999 -9999 -9999 -9999 -9999 -9999 -9999 -9999 -9999
259 253 240 222 211 212 219 218 211 204 205 204 206 210 213 210 207 201 201 202 209 217 217 212 207 204 202 204 207 209 213 215 219 -9999 -9999 -9999 -9999 -9999 -9999 -9999 -9999 -9999 -9999 -9999 -9999 -9999 -9999 -9999 -9999 -9999 -9999 -9999 -9999 -9999 -9999 -9999 -9999 -9999 -9999 -9999 -9999 -9999 -9999 -9999 -9999 -9999 -9999 -9999 -9999 -9999 -9999 -9999 -9999 -9999 -9999 -9999 -9999 -9999 -9999 -9999 -9999 -9999
251 243 234 221 208 209 215 214 208 202 201 205 207 210 212 209 204 195 194 199 207 216 213 208 203 198 196 197 203 206 212 215 -9999 -9999 -9999 -9999 -9999 -9999 -9999 -9999 -9999 -9999 -9999 -9999 -9999 -9999 -9999 -9999 -9999 -9999 -9999 -9999 -9999 -9999 -9999 -9999 -9999 -9999 -9999 -9999 -9999 -9999 -9999 -9999 -9999 -9999 -9999 -9999 -9999 -9999 -9999 -9999 -9999 -9999 -9999 -9999 -9999 -9999 -9999 -9999 -9999 -9999
