data/studyarea/bio16.asc
NCOLS 462 
NROWS 586 
XLLCORNER -113 
YLLCORNER -53.1666666666667 
CELLSIZE 0.166666666666667 
NODATA_value -9999 
[rows 360 to 395 of 586, columns 246 to 327 of 462]
340 368 377 371 410 423 448 467 485 450 367 366 417 498 533 486 400 353 477 540 418 513 577 609 653 680 691 755 787 797 829 882 917 952 982 1011 1036 1058 1076 1089 1096 1094 1082 1057 1021 974 920 859 796 732 671 612 560 518 497 496 504 512 519 526 533 542 549 560 571 583 594 609 623 638 653 668 682 695 707 714 723 722 723 721 722 719
399 370 373 352 361 391 425 448 462 449 392 400 450 568 587 500 408 351 362 452 375 411 462 581 614 658 685 699 762 819 841 886 949 995 1035 1072 1106 1134 1157 1170 1176 1171 1153 1124 1079 1024 958 888 815 744 674 608 548 495 474 484 498 508 513 516 522 529 539 550 560 571 585 601 618 635 652 668 683 697 706 708 717 719 718 715 712 708
278 302 300 322 304 353 395 416 432 451 444 442 464 528 542 496 433 382 349 331 350 353 379 526 582 614 664 674 743 770 856 894 963 1034 1087 1135 1176 1212 1239 1254 1259 1252 1232 1195 1143 1077 1001 918 837 757 681 611 547 493 474 483 499 508 510 510 512 520 530 540 551 562 575 593 612 632 652 670 686 698 707 706 712 715 712 708 703 697
123 172 246 270 285 313 363 388 404 428 444 438 444 463 468 479 458 425 377 353 349 358 350 418 532 585 611 642 699 771 838 889 934 1047 1133 1194 1247 1290 1321 1339 1343 1336 1314 1274 1212 1133 1043 951 858 771 692 619 557 512 490 493 508 518 513 502 503 511 522 532 543 552 565 585 608 632 655 673 689 701 709 709 713 712 708 702 694 686
53 77 182 239 286 308 341 342 398 413 429 428 425 431 445 462 467 446 410 383 368 364 346 340 429 539 577 610 666 722 784 855 930 992 1129 1244 1313 1367 1405 1421 1421 1414 1398 1357 1283 1187 1084 978 878 786 701 629 568 525 500 495 509 531 512 500 497 505 515 527 538 543 550 578 608 634 659 680 696 706 713 714 713 708 703 694 686 676
9 32 66 128 271 301 310 285 379 396 413 420 423 426 429 445 457 442 404 377 361 361 341 324 326 445 554 585 637 602 656 800 879 919 1040 1242 1365 1441 1489 1500 1485 1476 1476 1443 1354 1237 1115 1000 891 794 709 635 575 532 505 493 497 504 498 492 491 498 508 522 536 548 553 583 612 641 666 687 703 713 717 717 713 705 697 687 677 666
4 20 70 102 169 220 274 231 347 375 399 411 417 396 415 431 439 433 374 358 345 334 321 309 308 333 445 566 609 565 518 704 727 823 890 1073 1327 1500 1572 1581 1519 1494 1544 1537 1411 1268 1131 1007 895 797 710 636 574 527 498 483 478 479 478 477 481 489 501 517 535 552 572 595 621 648 675 696 712 720 722 718 711 702 690 679 668 657
2 6 29 56 70 63 81 144 335 364 386 400 400 362 397 415 411 391 354 352 343 306 279 279 329 381 413 393 507 523 495 632 545 613 822 852 1140 1450 1640 1689 1534 1456 1545 1554 1414 1265 1126 999 888 791 707 631 568 518 484 466 460 458 459 462 469 478 492 509 528 549 573 599 628 657 686 710 725 732 730 721 708 696 684 671 659 647
1 3 5 12 27 56 85 218 320 351 366 384 391 361 391 387 374 351 333 316 326 311 272 254 282 377 331 321 393 493 536 550 461 496 624 672 983 1264 1504 1661 1541 1446 1467 1448 1353 1226 1099 979 869 780 700 625 557 500 464 446 440 441 443 447 454 466 482 500 521 544 569 597 629 662 695 724 740 742 733 719 704 688 673 660 648 636
5 5 3 6 14 24 41 122 264 323 332 360 373 369 357 362 335 322 314 297 302 298 272 238 248 286 324 308 333 432 487 520 484 470 473 604 697 1096 1250 1446 1428 1393 1374 1343 1265 1168 1061 951 847 772 695 618 547 481 439 426 423 423 426 432 441 453 469 488 510 535 562 592 626 661 700 737 758 755 739 714 694 677 661 647 636 624
9 9 4 3 6 9 15 52 136 181 195 286 335 313 300 332 315 315 295 277 264 266 262 233 228 245 264 291 312 348 430 457 469 448 472 446 544 522 639 1138 1228 1219 1217 1182 1156 1091 1016 933 859 786 697 613 545 477 432 418 410 408 410 416 425 438 455 474 497 522 550 582 615 653 694 740 774 759 727 701 681 661 645 631 620 609
-9999 -9999 -9999 2 3 4 6 9 18 43 76 160 293 309 272 274 278 288 273 261 249 243 234 220 212 209 236 265 295 326 373 411 434 447 377 381 405 358 372 483 872 993 978 936 910 902 892 888 844 788 688 608 555 527 456 416 399 393 394 400 408 421 438 458 480 506 535 565 595 629 670 712 743 731 704 677 658 640 625 614 604 594
-9999 -9999 -9999 4 2 1 2 3 5 12 56 121 233 278 246 232 243 258 261 259 247 235 225 214 207 207 221 248 278 306 329 366 416 420 386 389 324 312 326 346 383 457 541 540 642 589 612 682 720 703 654 589 540 522 446 407 387 378 378 382 390 405 420 438 461 486 515 541 564 594 626 655 674 673 656 640 629 614 603 593 586 579
-9999 -9999 -9999 -9999 2 1 2 3 5 5 13 44 166 232 251 246 249 267 259 252 247 232 225 217 209 212 222 241 263 288 309 338 372 401 398 402 375 331 328 386 417 390 415 431 446 418 428 475 513 529 560 549 523 488 436 401 378 365 360 365 373 385 400 416 437 461 487 508 526 551 575 595 604 609 605 600 595 586 578 571 567 562
-9999 -9999 -9999 -9999 -9999 2 2 4 6 8 5 14 119 204 209 247 250 263 269 250 245 238 227 219 214 215 221 231 240 257 286 307 339 361 379 423 454 394 385 400 381 380 379 366 349 343 353 386 399 432 438 488 482 461 420 388 367 352 344 346 354 364 378 394 412 432 449 465 486 508 528 541 546 544 554 563 564 563 558 551 549 544
-9999 -9999 -9999 -9999 -9999 -9999 2 2 3 6 10 8 75 175 204 251 253 265 262 245 239 244 232 218 213 217 217 222 225 232 260 278 307 327 337 386 398 461 439 405 355 333 336 313 284 280 298 318 344 364 400 451 430 426 397 369 349 336 329 328 335 344 357 370 385 401 417 433 453 472 490 499 500 486 494 508 521 529 533 531 531 529
-9999 -9999 -9999 -9999 -9999 -9999 -9999 -9999 2 2 5 5 32 116 169 241 251 258 253 241 239 236 223 217 214 214 215 217 220 225 241 255 279 315 304 395 460 477 450 429 375 341 305 301 307 282 324 312 337 358 390 414 399 389 367 345 330 319 312 310 315 324 334 346 361 374 390 404 422 438 452 464 458 473 469 474 488 498 511 514 513 515
-9999 -9999 -9999 -9999 -9999 -9999 -9999 -9999 -9999 0 3 3 13 88 139 234 256 251 245 232 223 219 217 216 217 217 217 220 221 223 227 235 256 279 302 338 443 481 460 418 369 347 314 317 316 321 340 341 381 393 395 404 379 355 337 320 309 300 294 292 297 305 314 325 337 350 364 378 394 409 421 437 440 435 449 459 471 477 486 493 496 499
-9999 -9999 -9999 -9999 -9999 -9999 -9999 -9999 -9999 1 3 3 11 68 139 206 246 250 224 221 217 215 214 215 217 220 224 228 228 224 221 221 234 259 301 309 356 454 486 458 371 345 327 323 338 355 388 405 432 440 427 405 362 333 309 298 289 282 276 276 279 286 295 305 316 328 341 354 370 384 399 412 423 427 432 443 454 463 470 474 478 480
-9999 -9999 -9999 -9999 -9999 -9999 -9999 -9999 -9999 0 1 2 9 33 116 194 226 235 230 224 211 208 212 212 216 221 227 235 240 232 224 222 213 233 271 294 296 356 413 474 410 345 364 328 358 388 443 465 495 483 486 406 350 315 293 279 270 264 260 260 263 270 276 285 295 307 320 334 349 363 378 391 405 417 424 433 443 451 457 461 465 466
-9999 -9999 -9999 -9999 -9999 -9999 -9999 -9999 -9999 0 0 2 7 20 60 145 192 217 218 217 207 200 204 206 213 219 225 235 240 232 226 210 195 193 217 267 253 311 368 417 399 350 365 328 351 379 486 537 539 542 512 411 340 298 281 266 255 248 245 246 248 254 260 268 277 288 300 313 329 343 359 375 389 403 416 427 435 443 447 451 453 455
-9999 -9999 -9999 -9999 -9999 -9999 -9999 -9999 -9999 -9999 0 1 3 14 54 143 169 199 202 201 196 195 194 200 206 212 218 222 221 216 211 197 178 179 194 228 270 289 359 385 379 367 372 341 335 366 449 563 577 570 507 420 343 286 269 254 242 236 235 235 237 240 245 252 260 270 281 295 309 325 342 360 376 393 409 421 430 435 439 441 443 446
-9999 -9999 -9999 -9999 -9999 -9999 -9999 -9999 -9999 -9999 -9999 1 2 7 33 85 147 177 182 178 174 178 184 190 199 203 207 205 202 195 187 177 151 161 185 213 234 297 315 349 353 353 353 366 352 352 414 578 597 562 504 442 367 304 267 249 238 230 227 228 228 230 233 238 245 254 265 278 292 310 327 346 367 387 407 422 429 430 431 431 435 438
-9999 -9999 -9999 -9999 -9999 -9999 -9999 -9999 -9999 -9999 -9999 -9999 2 6 17 49 108 149 168 162 161 166 173 180 189 195 193 188 180 171 162 149 135 132 151 202 237 267 278 310 329 330 323 347 356 363 418 566 621 558 501 462 398 323 283 258 240 230 225 222 220 222 223 226 231 238 249 262 279 296 315 337 359 381 403 424 429 425 423 423 424 428
-9999 -9999 -9999 -9999 -9999 -9999 -9999 -9999 -9999 -9999 -9999 -9999 -9999 -9999 11 27 73 140 153 154 155 155 160 167 177 178 175 172 163 148 138 129 126 126 131 166 219 241 261 289 313 319 331 339 363 380 438 621 608 541 490 462 414 337 297 269 246 233 224 218 215 214 213 214 218 224 235 248 265 285 305 327 349 372 395 417 422 416 410 411 412 417
-9999 -9999 -9999 -9999 -9999 -9999 -9999 -9999 -9999 -9999 -9999 -9999 -9999 -9999 -9999 -9999 57 113 137 148 143 142 147 155 160 160 161 156 148 134 122 114 117 121 136 163 197 220 235 275 297 305 332 337 375 398 470 570 551 510 488 462 429 353 316 283 256 237 225 217 212 209 207 206 207 211 222 237 256 275 296 317 338 360 380 395 403 401 397 397 400 404
-9999 -9999 -9999 -9999 -9999 -9999 -9999 -9999 -9999 -9999 -9999 -9999 -9999 -9999 -9999 -9999 -9999 -9999 122 128 127 133 134 139 144 146 144 141 134 124 115 111 110 119 143 164 185 215 239 258 281 308 325 345 378 420 450 504 473 486 466 452 436 383 340 300 267 243 227 217 210 207 203 200 199 200 212 230 248 268 288 308 327 346 363 375 382 383 381 383 384 390
-9999 -9999 -9999 -9999 -9999 -9999 -9999 -9999 -9999 -9999 -9999 -9999 -9999 -9999 -9999 -9999 -9999 -9999 -9999 -9999 -9999 -9999 -9999 124 128 131 129 127 122 116 111 106 111 122 139 166 180 208 232 254 269 304 304 316 379 421 437 468 455 455 453 452 446 411 358 311 274 244 225 215 210 208 205 200 197 198 210 228 246 264 283 300 316 333 346 357 364 366 369 370 371 372
-9999 -9999 -9999 -9999 -9999 -9999 -9999 -9999 -9999 -9999 -9999 -9999 -9999 -9999 -9999 -9999 -9999 -9999 -9999 -9999 -9999 -9999 109 110 114 116 116 113 111 110 107 103 108 122 135 153 174 212 233 256 263 290 309 341 380 401 430 451 445 446 453 448 442 418 362 313 272 242 221 212 213 215 213 208 206 208 217 232 248 262 278 294 308 321 333 343 349 353 357 360 362 362
-9999 -9999 -9999 -9999 -9999 -9999 -9999 -9999 -9999 -9999 -9999 -9999 -9999 -9999 -9999 -9999 -9999 -9999 -9999 -9999 -9999 94 96 98 101 104 104 104 103 103 104 103 110 114 131 150 170 212 240 254 242 285 305 349 385 406 430 439 442 445 444 435 424 396 349 306 268 236 215 211 221 225 223 221 221 223 230 240 252 264 277 289 301 313 322 331 337 344 349 354 358 362
-9999 -9999 -9999 -9999 -9999 -9999 -9999 -9999 -9999 -9999 -9999 -9999 -9999 -9999 -9999 -9999 -9999 -9999 -9999 -9999 82 89 88 89 91 92 94 94 95 96 98 102 109 115 124 145 172 201 238 248 260 284 295 347 367 391 431 435 435 434 431 421 402 375 332 296 260 232 216 221 240 243 239 237 238 239 244 250 258 268 277 286 296 306 312 320 329 337 345 352 358 366
-9999 -9999 -9999 -9999 -9999 -9999 -9999 -9999 -9999 -9999 -9999 -9999 -9999 -9999 -9999 -9999 -9999 -9999 -9999 72 76 79 80 80 81 83 84 85 86 88 92 97 105 111 118 141 168 202 232 251 275 278 305 332 354 398 440 436 435 426 418 404 386 358 322 286 254 230 219 230 253 253 254 253 255 256 259 262 266 271 279 285 291 298 305 315 324 333 342 352 361 372
-9999 -9999 -9999 -9999 -9999 -9999 -9999 -9999 -9999 -9999 -9999 -9999 -9999 -9999 -9999 -9999 -9999 -9999 55 70 71 75 71 74 71 73 76 76 77 81 86 91 98 106 122 131 158 200 225 221 274 293 298 362 370 384 439 452 447 433 416 402 384 353 319 285 251 226 215 222 240 256 266 272 273 272 273 273 275 277 280 283 288 293 301 309 319 330 341 352 364 378
-9999 -9999 -9999 -9999 -9999 -9999 -9999 -9999 -9999 -9999 -9999 -9999 -9999 -9999 -9999 -9999 -9999 -9999 43 63 64 67 64 64 63 62 63 66 69 74 80 87 95 101 112 129 148 186 214 224 278 288 304 333 378 395 423 446 468 452 427 410 389 355 322 288 255 228 212 218 240 262 282 291 291 288 286 284 283 282 282 283 284 289 297 305 316 327 339 354 369 385
-9999 -9999 -9999 -9999 -9999 -9999 -9999 -9999 -9999 -9999 -9999 -9999 -9999 -9999 -9999 -9999 -9999 13 37 52 59 64 59 58 59 58 61 59 65 70 76 83 90 96 107 136 157 187 210 225 281 283 293 321 338 364 402 461 466 465 441 430 398 362 328 295 265 240 227 231 250 274 300 313 308 302 296 293 290 287 284 282 283 286 292 300 311 324 340 355 373 392
-9999 -9999 -9999 -9999 -9999 -9999 -9999 -9999 -9999 -9999 -9999 -9999 -9999 -9999 -9999 -9999 -9999 12 36 45 49 51 53 58 58 56 53 56 61 66 73 80 88 97 111 136 155 199 217 216 271 269 287 344 341 344 389 446 442 463 444 441 410 373 339 307 279 256 245 248 262 282 308 319 315 310 305 301 297 291 285 283 281 282 287 294 306 321 339 359 379 400
