data/studyarea/bio17.asc
NCOLS 462 
NROWS 586 
XLLCORNER -113 
YLLCORNER -53.1666666666667 
CELLSIZE 0.166666666666667 
NODATA_value -9999 
[rows 259 to 295 of 586, columns 246 to 327 of 462]
311 325 341 357 376 395 415 435 457 480 504 539 571 589 600 612 621 627 630 635 654 683 710 726 726 719 708 694 675 649 616 620 632 623 607 587 582 564 541 518 497 478 456 443 394 349 321 315 302 293 231 225 219 216 217 217 216 215 221 211 206 201 195 189 182 176 168 163 160 162 169 184 199 214 227 226 218 226 226 217 221 219
325 342 357 374 393 413 436 457 481 505 534 575 605 619 633 645 655 661 665 672 686 706 724 728 727 724 706 700 684 667 660 673 681 677 647 617 604 582 557 534 512 488 459 416 389 364 339 314 293 289 317 316 249 236 233 231 230 229 226 222 218 212 206 198 192 184 176 172 170 171 182 198 218 239 244 236 223 220 229 219 214 218
340 356 373 392 412 432 455 479 504 532 563 597 625 644 662 677 689 695 698 703 715 716 718 716 711 702 691 676 668 663 670 694 704 685 665 648 621 595 566 549 524 483 456 432 407 385 361 340 318 299 286 339 325 260 251 247 246 245 243 239 233 227 218 210 200 192 186 182 182 187 199 216 237 255 259 239 226 222 230 236 221 224
355 372 389 409 429 451 475 503 528 555 585 616 643 666 686 706 721 722 716 715 718 716 712 706 694 677 658 642 630 636 659 702 706 684 661 656 628 594 585 561 519 492 471 448 428 407 386 366 346 326 308 295 296 277 271 267 266 264 261 257 250 242 233 222 211 202 196 192 194 202 215 233 253 266 266 238 219 220 229 235 227 227
370 387 405 426 446 469 494 521 548 577 606 635 661 682 704 719 724 719 714 714 719 716 710 698 682 656 627 597 587 603 632 644 651 643 630 613 613 600 593 582 536 507 485 467 447 430 413 395 374 354 334 317 305 296 292 288 287 285 283 280 271 262 249 237 225 213 205 203 205 216 230 249 267 273 265 245 230 227 227 228 231 233
385 403 421 441 463 487 512 538 566 596 626 655 678 687 698 707 710 707 703 708 719 715 707 698 677 644 603 560 546 561 572 567 569 586 590 604 589 599 601 585 553 518 502 484 467 452 439 425 406 381 359 340 327 317 312 310 309 309 307 304 296 283 269 253 238 226 216 211 216 229 247 268 275 273 268 252 244 239 236 235 238 241
400 419 437 458 480 504 528 557 582 610 640 662 656 665 680 694 700 701 699 708 717 713 708 697 679 639 597 555 536 540 542 536 537 551 560 562 561 558 553 549 546 529 513 499 485 471 461 454 436 405 378 358 344 335 332 331 332 334 336 333 323 308 289 272 257 241 229 222 230 247 267 279 278 278 270 258 253 248 246 244 246 249
416 434 453 474 497 519 547 571 596 621 648 647 644 655 671 687 696 701 704 712 711 708 702 694 674 638 599 567 548 541 535 530 531 537 543 545 545 542 539 535 533 532 525 511 499 487 476 468 451 419 391 370 358 352 351 349 351 358 361 364 354 331 311 292 276 263 251 245 254 271 278 280 284 279 271 263 258 257 256 257 257 258
431 450 469 491 513 537 562 588 610 632 652 644 642 655 671 685 695 703 707 710 708 704 697 686 667 637 605 579 559 547 537 532 530 532 534 533 533 530 528 524 521 519 520 523 511 498 484 469 449 422 396 377 368 364 359 359 362 372 383 384 373 350 330 312 298 287 279 278 283 283 286 288 288 281 274 269 264 260 262 265 265 269
446 464 485 506 530 554 578 603 627 648 657 650 651 663 680 685 693 698 704 705 705 700 692 680 659 635 611 587 568 555 544 538 532 530 529 528 525 523 518 514 510 506 508 513 518 507 490 472 449 422 397 379 375 366 359 357 362 375 390 393 379 362 347 334 322 315 311 302 296 295 295 294 288 285 278 273 268 266 270 271 270 273
462 481 502 523 548 572 595 621 645 668 664 660 662 666 672 683 690 696 701 703 702 697 688 675 657 637 615 595 577 562 551 543 536 530 527 525 522 518 513 508 502 490 498 504 507 506 497 477 453 426 398 378 372 353 337 335 347 362 380 395 389 373 364 355 349 338 324 313 308 306 300 296 293 288 284 280 274 272 275 275 272 279
477 496 518 542 565 590 614 640 666 661 639 619 613 635 659 672 678 684 690 693 694 692 687 676 659 641 622 601 584 568 557 548 539 534 528 524 519 516 512 507 500 492 494 499 501 498 491 479 462 437 409 381 356 325 304 302 317 340 365 383 393 392 384 376 361 348 335 325 315 308 305 303 300 293 289 285 280 277 278 275 275 280
493 513 535 558 582 607 633 659 666 642 617 595 585 608 636 661 667 674 681 686 688 687 684 677 663 646 626 608 591 576 563 554 544 537 530 525 520 515 511 507 501 496 495 498 499 493 483 469 451 428 400 370 334 296 267 267 290 319 347 370 385 390 387 379 369 356 341 328 317 311 307 308 304 298 294 290 283 280 278 279 277 281
511 531 553 575 599 625 651 672 652 631 610 593 590 605 626 649 657 664 673 680 686 688 685 680 667 650 633 615 599 584 571 559 550 540 534 527 521 516 513 510 504 501 499 499 497 493 481 467 446 421 392 358 319 279 233 239 274 308 338 361 377 386 385 379 369 358 344 332 320 316 315 316 312 308 301 294 289 284 279 281 281 281
530 548 570 592 617 642 669 665 644 626 609 598 596 605 622 638 646 654 665 676 685 690 689 685 674 657 640 623 606 591 577 566 555 546 538 531 524 520 517 511 507 506 505 504 501 496 484 467 447 421 393 359 323 284 245 249 281 313 339 360 373 377 377 378 371 361 351 341 329 324 323 324 323 316 307 300 292 288 283 280 280 281
547 567 587 610 634 660 669 657 641 625 610 601 599 606 620 628 634 642 659 676 688 695 695 691 681 665 647 630 614 599 584 571 559 550 542 534 529 524 518 513 512 513 514 514 509 501 489 474 453 428 401 371 339 311 290 292 311 334 353 366 369 369 368 368 368 367 361 352 343 335 339 340 338 327 316 308 297 289 283 279 276 274
565 583 603 626 651 670 663 650 636 620 609 602 602 608 615 614 615 626 653 680 696 703 703 700 689 672 653 636 619 605 591 576 564 555 548 541 534 526 518 516 517 523 528 528 521 512 498 482 463 440 416 391 368 349 339 342 354 368 377 376 372 367 364 364 365 365 364 364 364 364 368 366 360 344 328 316 302 291 282 278 273 269
581 598 619 642 668 665 658 648 633 620 608 602 602 606 602 593 586 603 654 694 710 713 711 705 696 677 660 642 626 610 596 582 569 560 553 548 538 529 522 518 525 538 546 547 539 527 510 491 472 452 434 415 399 388 385 394 406 411 403 390 381 377 368 363 354 352 356 360 367 376 385 388 376 356 335 314 299 288 279 273 267 263
596 612 634 658 665 660 653 644 632 620 611 603 600 601 597 587 573 588 666 717 722 721 715 709 701 682 664 648 632 617 602 589 575 567 560 549 541 535 530 523 538 563 574 572 561 544 524 503 483 464 448 434 425 422 423 434 450 457 435 404 381 389 381 357 343 341 348 355 368 383 399 406 395 368 336 309 296 286 278 272 265 261
608 625 646 660 659 654 648 641 628 616 607 599 596 596 598 596 597 622 677 719 729 727 719 710 699 687 670 653 638 624 610 598 589 577 562 550 546 547 550 557 581 609 617 605 586 561 536 513 492 474 459 448 443 441 447 460 479 489 465 431 410 409 400 351 331 333 341 351 366 385 409 426 411 377 338 304 287 279 274 270 265 260
620 637 654 654 653 647 638 633 622 609 598 591 588 592 599 608 623 651 690 720 731 730 719 707 694 680 665 651 637 622 608 598 588 575 555 544 546 559 581 610 643 662 653 628 598 571 546 522 499 482 467 458 454 454 461 473 485 492 480 454 436 427 407 364 333 329 334 344 359 380 405 427 411 372 333 294 279 275 272 268 266 262
633 645 643 645 643 635 627 623 613 600 589 582 581 585 594 612 640 675 706 730 737 731 716 700 683 667 653 641 628 616 602 585 569 550 531 525 534 557 591 633 687 713 679 636 598 565 538 516 499 484 471 463 460 461 465 474 481 482 470 452 432 413 389 359 336 323 324 331 345 363 382 395 386 359 328 298 284 280 274 268 263 260
637 638 638 636 628 624 619 612 598 585 576 569 567 573 587 609 643 681 717 740 742 732 710 688 667 652 641 629 616 599 583 565 545 522 500 495 514 545 585 633 689 715 673 624 584 550 523 501 483 471 464 459 459 459 463 465 464 460 448 433 415 394 372 349 328 314 311 316 327 340 352 363 361 347 328 309 295 288 281 272 265 258
625 623 623 620 618 613 609 598 585 571 559 552 548 551 566 593 634 683 727 751 743 719 691 665 644 627 616 603 593 581 565 546 527 505 485 478 498 530 566 605 638 649 626 591 554 524 499 479 464 453 446 442 442 443 446 446 444 437 427 412 395 375 354 334 316 301 294 299 307 315 323 334 337 331 326 317 303 291 282 273 263 259
602 600 599 599 596 594 588 579 568 557 544 534 527 524 537 567 614 672 736 764 736 696 659 628 605 593 584 577 571 562 547 531 515 498 484 481 492 515 541 566 583 586 569 544 516 490 469 452 440 430 425 423 424 425 427 428 424 418 406 393 376 358 339 319 303 292 285 286 290 291 293 297 304 311 322 323 302 287 277 266 257 256
579 577 576 577 578 575 571 564 555 544 531 518 507 497 499 530 578 638 706 740 699 657 619 585 560 553 552 551 549 544 532 518 505 491 483 481 487 499 514 526 532 527 513 493 471 452 436 423 412 405 401 401 402 405 408 409 406 400 387 374 359 342 324 307 292 281 278 277 274 267 261 258 265 282 300 307 294 279 266 253 245 252
554 553 557 560 561 559 557 550 543 532 520 505 490 479 477 499 533 578 622 643 630 602 572 542 519 519 523 526 526 523 515 505 494 485 479 476 478 483 489 491 487 478 462 443 427 413 401 392 382 377 375 376 380 385 390 393 391 382 370 358 343 328 312 295 280 271 267 264 257 247 235 222 230 253 274 283 280 269 250 222 225 251
535 534 540 545 546 546 543 539 532 521 510 496 481 467 459 464 485 514 537 552 555 547 531 512 498 498 500 502 504 502 498 491 485 479 474 471 470 467 465 459 449 437 418 397 385 377 368 360 353 350 349 352 356 363 372 378 377 367 354 342 331 318 304 288 270 264 260 254 246 236 226 215 222 242 260 269 268 258 240 200 213 248
528 525 527 531 532 531 531 529 524 517 505 492 475 456 440 432 441 459 470 481 497 500 497 489 482 482 483 483 485 483 480 476 473 469 466 464 459 452 443 433 419 403 384 364 353 347 340 332 325 323 321 325 332 342 351 362 362 350 339 328 319 311 302 289 273 265 259 253 244 236 228 225 230 243 258 266 268 263 251 230 233 255
517 514 513 516 519 521 521 520 517 514 505 491 473 451 425 406 409 -9999 432 444 459 468 470 469 468 468 467 467 467 466 464 461 459 458 457 455 446 435 424 410 395 380 363 347 337 328 318 309 300 295 297 302 309 318 329 339 339 332 321 312 308 309 306 299 288 276 266 257 249 242 238 236 241 251 262 269 275 275 267 259 260 269
503 502 501 502 505 509 512 510 -9999 -9999 -9999 -9999 -9999 -9999 -9999 -9999 -9999 -9999 -9999 424 434 443 449 452 453 455 452 453 451 450 448 446 445 442 442 439 429 419 407 393 379 363 349 336 324 315 303 290 278 271 275 280 289 296 306 316 319 316 302 286 293 304 314 315 305 289 275 264 256 250 248 248 254 260 269 277 283 287 280 272 268 272
489 488 490 490 492 495 499 502 -9999 -9999 -9999 -9999 -9999 -9999 -9999 -9999 -9999 -9999 -9999 -9999 418 426 432 438 442 441 440 438 436 435 433 431 428 425 424 419 412 402 391 379 366 352 341 329 316 305 294 281 266 256 261 266 271 276 288 298 307 307 294 283 292 306 318 328 318 298 283 271 264 259 257 260 265 271 279 284 288 289 284 277 273 272
474 475 477 477 482 485 489 492 -9999 -9999 -9999 -9999 -9999 -9999 -9999 -9999 -9999 -9999 -9999 -9999 -9999 412 419 426 430 430 428 424 421 418 417 414 412 408 405 401 395 387 377 367 357 345 334 322 310 299 288 277 267 260 259 260 262 264 276 291 301 303 299 296 301 312 322 325 315 301 287 277 269 265 265 268 274 282 289 291 291 289 283 278 275 272
457 459 462 465 468 470 474 -9999 -9999 -9999 -9999 -9999 -9999 -9999 -9999 -9999 -9999 -9999 -9999 -9999 -9999 -9999 -9999 414 419 417 413 409 406 402 400 397 394 391 388 384 380 372 365 356 346 334 325 313 303 293 284 275 268 265 262 262 263 266 275 289 301 304 308 310 314 319 324 318 308 298 286 277 271 269 270 275 282 290 297 295 292 288 281 275 270 268
441 443 446 449 453 456 460 -9999 -9999 -9999 -9999 -9999 -9999 -9999 -9999 -9999 -9999 -9999 -9999 -9999 -9999 -9999 -9999 -9999 -9999 400 398 395 390 388 383 379 374 372 369 366 361 355 349 342 333 326 316 307 298 289 282 275 271 267 268 268 268 271 280 291 299 306 316 324 324 325 320 312 301 292 283 276 272 269 271 276 284 294 302 297 291 285 277 271 266 263
425 428 432 435 440 443 445 -9999 -9999 -9999 -9999 -9999 -9999 -9999 -9999 -9999 -9999 -9999 -9999 -9999 -9999 -9999 -9999 -9999 -9999 -9999 -9999 376 370 364 359 355 352 350 348 347 344 340 336 330 324 317 309 -9999 -9999 -9999 282 277 272 269 269 270 272 276 281 287 295 306 321 334 329 326 316 304 294 286 279 273 269 267 269 275 282 290 294 292 286 280 273 265 260 255
411 415 419 422 426 428 -9999 -9999 -9999 -9999 -9999 -9999 -9999 -9999 -9999 -9999 -9999 -9999 -9999 -9999 -9999 -9999 -9999 -9999 -9999 -9999 -9999 -9999 -9999 -9999 -9999 334 331 330 331 329 328 326 324 -9999 -9999 -9999 -9999 -9999 -9999 -9999 282 279 276 272 270 269 270 272 276 282 289 297 309 317 319 318 308 296 286 279 273 267 264 263 265 270 277 282 286 284 279 273 266 258 252 243
