data/studyarea/bio16.asc
NCOLS 462 
NROWS 586 
XLLCORNER -113 
YLLCORNER -53.1666666666667 
CELLSIZE 0.166666666666667 
NODATA_value -9999 
[rows 36 to 71 of 586, columns 0 to 81 of 462]
-9999 -9999 -9999 -9999 -9999 -9999 -9999 -9999 -9999 -9999 -9999 -9999 -9999 -9999 -9999 -9999 -9999 -9999 -9999 -9999 -9999 -9999 -9999 -9999 -9999 106 132 159 165 138 108 120 148 149 134 131 141 133 137 152 189 156 157 136 143 150 148 145 155 161 155 148 149 147 141 140 147 151 158 167 171 174 180 186 195 198 202 204 207 210 215 222 227 233 238 241 243 243 241 244 249 255
-9999 -9999 -9999 -9999 -9999 -9999 -9999 -9999 -9999 -9999 -9999 -9999 -9999 -9999 -9999 -9999 -9999 -9999 -9999 -9999 -9999 -9999 -9999 -9999 110 115 109 121 157 180 168 141 183 196 162 158 183 159 175 168 166 160 137 188 150 158 186 161 147 144 139 136 133 135 133 133 139 146 153 160 168 171 177 182 190 195 198 200 204 208 213 219 225 230 236 240 243 244 246 246 249 254
-9999 -9999 -9999 -9999 -9999 -9999 -9999 -9999 -9999 -9999 -9999 -9999 -9999 -9999 -9999 -9999 -9999 -9999 -9999 -9999 -9999 -9999 -9999 122 114 117 124 145 160 180 200 187 225 240 212 198 215 191 171 154 133 116 115 170 203 162 204 203 165 149 144 137 133 128 128 130 135 141 148 154 161 167 175 180 184 189 193 196 201 206 212 217 223 231 236 241 244 246 248 250 253 255
-9999 -9999 -9999 -9999 -9999 -9999 -9999 -9999 -9999 -9999 -9999 -9999 -9999 -9999 -9999 -9999 -9999 -9999 -9999 -9999 -9999 -9999 122 125 135 130 133 168 203 219 223 253 262 259 235 247 239 235 226 174 123 104 107 118 203 181 180 216 179 155 152 147 136 130 129 130 136 143 149 156 162 171 177 182 186 189 190 193 196 203 210 216 222 231 239 246 249 248 251 253 256 257
-9999 -9999 -9999 -9999 -9999 -9999 -9999 -9999 -9999 -9999 -9999 -9999 -9999 -9999 -9999 -9999 -9999 -9999 -9999 -9999 -9999 126 114 121 126 143 164 177 208 234 252 255 266 261 233 212 208 204 174 137 108 100 101 109 131 182 157 160 160 152 157 160 144 135 133 138 140 147 153 160 168 176 180 185 188 190 190 191 194 200 209 217 224 232 240 248 250 250 253 257 260 261
-9999 -9999 -9999 -9999 -9999 -9999 -9999 -9999 -9999 -9999 -9999 -9999 -9999 -9999 -9999 -9999 -9999 -9999 -9999 -9999 91 97 97 107 120 131 147 166 203 230 228 229 268 264 240 253 262 221 213 169 116 98 96 103 146 218 186 169 160 159 162 157 148 145 143 143 146 155 162 169 176 180 183 186 189 190 191 191 192 199 209 218 225 233 239 246 249 251 256 261 266 264
-9999 -9999 -9999 -9999 -9999 -9999 -9999 -9999 -9999 -9999 -9999 -9999 -9999 -9999 -9999 -9999 -9999 -9999 -9999 82 77 81 84 90 103 118 121 141 178 242 203 206 216 225 194 209 206 241 260 230 150 102 96 100 112 137 198 198 200 175 162 155 151 149 145 152 161 169 174 178 181 183 183 187 190 193 194 194 195 202 211 219 227 234 239 242 243 248 255 260 264 265
-9999 -9999 -9999 -9999 -9999 -9999 -9999 -9999 -9999 -9999 -9999 -9999 -9999 -9999 -9999 -9999 -9999 -9999 75 71 71 73 76 83 97 118 123 135 146 165 152 162 167 184 178 169 172 234 268 221 157 114 103 109 118 144 232 234 184 182 176 157 153 154 157 166 176 180 182 184 185 186 187 190 191 194 195 198 202 209 215 222 226 231 237 238 239 242 248 254 257 261
-9999 -9999 -9999 -9999 -9999 -9999 -9999 -9999 -9999 -9999 -9999 -9999 -9999 -9999 -9999 -9999 -9999 -9999 66 70 73 78 82 78 83 89 106 116 123 125 130 141 137 151 157 160 171 196 247 232 182 132 116 118 124 163 251 212 185 182 185 211 180 168 176 182 190 185 181 183 184 187 190 192 191 193 196 200 207 213 219 224 228 230 233 234 235 235 240 248 253 256
-9999 -9999 -9999 -9999 -9999 -9999 -9999 -9999 -9999 -9999 -9999 -9999 -9999 -9999 -9999 -9999 -9999 74 71 72 75 83 90 87 78 82 90 100 100 105 110 124 127 131 151 164 169 179 181 236 204 165 135 127 143 211 249 193 197 205 210 211 230 215 204 190 185 180 178 179 182 184 186 189 193 197 199 202 208 213 218 222 226 230 232 233 233 231 236 246 253 252
-9999 -9999 -9999 -9999 -9999 -9999 -9999 -9999 -9999 -9999 -9999 -9999 -9999 -9999 -9999 -9999 -9999 73 73 75 78 86 113 104 80 79 79 83 87 89 96 103 118 128 154 164 177 175 164 220 220 182 148 141 169 243 234 195 193 198 197 192 209 218 216 202 195 189 186 185 187 188 191 193 196 197 198 202 206 211 216 219 223 227 231 231 230 229 232 242 247 247
-9999 -9999 -9999 -9999 -9999 -9999 -9999 -9999 -9999 -9999 -9999 -9999 -9999 -9999 -9999 -9999 105 81 77 79 77 84 108 97 89 81 79 85 92 90 96 105 114 125 148 158 168 161 161 197 214 175 152 139 191 271 226 206 192 186 186 197 221 222 213 208 201 196 190 184 187 189 192 193 194 197 198 202 206 210 216 218 224 229 231 233 231 231 230 235 241 247
-9999 -9999 -9999 -9999 -9999 -9999 -9999 -9999 -9999 -9999 -9999 -9999 -9999 -9999 -9999 -9999 108 110 105 86 78 89 111 153 108 85 79 84 96 97 106 110 118 120 142 158 172 172 170 178 188 152 147 141 160 231 242 241 192 187 188 196 207 207 206 207 200 195 189 184 185 189 192 192 194 196 198 204 208 213 217 220 225 227 229 232 233 230 230 230 238 247
-9999 -9999 -9999 -9999 -9999 -9999 -9999 -9999 -9999 -9999 -9999 -9999 -9999 -9999 -9999 97 101 111 114 93 84 103 123 147 137 89 82 84 90 93 104 112 123 122 137 154 171 195 159 146 139 134 141 172 215 270 251 235 212 199 195 194 201 204 200 201 199 192 189 186 185 190 193 195 193 196 200 204 209 214 217 222 223 224 224 226 228 228 227 230 241 249
-9999 -9999 -9999 -9999 -9999 -9999 -9999 -9999 -9999 -9999 -9999 -9999 -9999 -9999 -9999 90 97 102 103 92 89 108 128 132 161 115 86 89 92 95 100 106 115 128 135 152 199 238 229 230 168 131 159 214 281 251 229 227 221 210 205 198 202 202 200 195 191 193 190 188 188 192 196 198 197 198 202 206 209 212 218 222 222 223 223 226 230 231 232 239 244 252
-9999 -9999 -9999 -9999 -9999 -9999 -9999 -9999 -9999 -9999 -9999 -9999 -9999 -9999 -9999 91 96 105 118 98 97 118 145 137 147 131 93 96 99 102 106 112 120 121 126 139 176 220 239 245 177 135 175 280 313 249 215 216 224 210 206 194 201 203 198 188 190 199 195 192 195 196 198 201 202 202 204 209 211 215 215 215 219 221 222 221 225 229 232 239 247 255
-9999 -9999 -9999 -9999 -9999 -9999 -9999 -9999 -9999 -9999 -9999 -9999 -9999 -9999 -9999 89 101 109 109 108 111 123 145 135 133 107 111 116 115 113 116 123 122 124 121 131 164 179 216 196 159 163 203 274 290 251 221 214 216 215 209 192 193 195 202 186 192 199 199 200 198 198 198 202 206 207 206 207 210 214 217 221 226 231 230 229 229 230 236 243 249 255
-9999 -9999 -9999 -9999 -9999 -9999 -9999 -9999 -9999 -9999 -9999 -9999 -9999 -9999 88 94 103 104 101 107 117 133 144 130 124 124 126 133 145 137 136 130 123 134 135 128 128 130 158 132 140 158 195 224 244 230 212 219 222 220 204 180 178 182 192 190 190 195 197 199 198 197 197 200 206 209 213 210 217 220 223 226 231 234 236 233 232 235 241 246 251 258
-9999 -9999 -9999 -9999 -9999 -9999 -9999 -9999 -9999 -9999 -9999 -9999 -9999 -9999 92 103 112 104 101 107 112 125 135 130 127 134 149 152 151 137 141 146 154 192 155 128 130 127 121 121 141 154 167 204 209 198 194 201 199 194 181 176 174 177 188 186 186 189 191 192 193 200 203 206 207 208 212 217 227 227 228 231 232 234 233 230 230 233 240 248 255 260
-9999 -9999 -9999 -9999 -9999 -9999 -9999 -9999 -9999 -9999 -9999 -9999 -9999 -9999 96 105 105 100 101 104 113 116 118 129 140 144 144 170 177 161 132 157 211 177 139 122 120 119 109 181 169 170 172 197 200 182 172 175 177 184 181 178 186 192 188 185 190 192 196 195 199 207 210 213 215 218 221 226 230 232 231 235 236 236 238 233 229 232 240 248 253 256
-9999 -9999 -9999 -9999 -9999 -9999 -9999 -9999 -9999 -9999 -9999 -9999 -9999 -9999 100 102 104 102 106 106 110 118 129 137 134 140 148 152 172 179 150 142 138 133 128 119 114 109 107 174 178 159 165 192 196 178 173 174 178 178 180 183 185 187 190 192 192 197 198 197 206 207 210 212 215 220 223 227 230 233 232 232 234 233 230 226 227 231 239 247 252 250
-9999 -9999 -9999 -9999 -9999 -9999 -9999 -9999 -9999 -9999 -9999 -9999 -9999 -9999 114 111 108 107 110 114 122 136 135 135 140 156 160 162 168 166 153 163 142 127 121 115 113 104 111 166 188 158 161 183 189 177 170 171 175 174 176 185 192 202 193 197 200 211 208 205 205 205 206 208 213 219 223 226 223 224 229 226 231 230 226 222 223 227 236 244 249 249
-9999 -9999 -9999 -9999 -9999 -9999 -9999 -9999 -9999 -9999 -9999 -9999 -9999 -9999 144 140 132 123 121 124 127 131 131 142 147 155 160 167 171 161 173 181 161 138 149 125 110 104 115 193 172 157 157 168 176 174 169 169 171 174 172 175 185 198 199 202 204 206 202 202 200 201 202 205 211 217 220 223 227 223 218 219 219 222 218 216 218 224 233 240 246 246
-9999 -9999 -9999 -9999 -9999 -9999 -9999 -9999 -9999 -9999 -9999 -9999 -9999 -9999 175 162 157 145 141 137 139 136 140 145 155 162 159 168 171 167 181 182 162 148 150 124 113 109 123 203 172 163 163 172 170 172 169 166 168 169 172 172 177 188 193 196 199 200 197 199 199 200 202 206 209 214 217 220 223 224 221 214 210 209 209 210 213 221 229 237 242 243
-9999 -9999 -9999 -9999 -9999 -9999 -9999 -9999 -9999 -9999 -9999 -9999 -9999 -9999 -9999 193 179 166 170 174 168 158 165 165 163 160 167 176 179 181 184 175 161 149 144 147 116 117 140 163 187 184 180 176 172 177 168 169 169 170 172 174 174 178 184 190 194 197 198 199 199 200 201 204 207 211 213 216 218 223 226 218 212 209 210 209 213 219 227 234 239 240
-9999 -9999 -9999 -9999 -9999 -9999 -9999 -9999 -9999 -9999 -9999 -9999 -9999 -9999 -9999 213 211 202 207 215 216 188 185 193 193 185 191 193 191 197 213 198 190 187 169 144 122 133 164 170 185 183 191 208 193 179 168 162 163 164 166 168 170 178 187 190 191 196 199 199 199 197 200 204 207 208 209 211 216 219 221 215 210 208 208 208 211 217 224 232 235 237
-9999 -9999 -9999 -9999 -9999 -9999 -9999 -9999 -9999 -9999 -9999 -9999 -9999 -9999 -9999 202 200 216 232 259 285 249 223 218 226 216 222 228 220 197 198 186 186 193 201 172 130 145 162 151 178 181 182 193 191 176 163 159 158 162 161 164 167 174 184 190 193 199 200 201 202 202 203 204 206 205 206 208 213 216 217 216 212 209 209 210 213 218 222 224 229 232
-9999 -9999 -9999 -9999 -9999 -9999 -9999 -9999 -9999 -9999 -9999 -9999 -9999 -9999 -9999 200 189 210 219 277 320 297 274 270 228 220 208 215 200 196 194 195 227 211 203 191 135 137 140 151 185 180 166 187 196 181 168 159 157 159 163 163 165 174 185 192 194 201 203 204 204 204 205 203 203 201 202 205 208 210 211 215 213 210 210 212 213 215 218 222 225 231
-9999 -9999 -9999 -9999 -9999 -9999 -9999 -9999 -9999 -9999 -9999 -9999 -9999 -9999 -9999 200 192 204 222 258 279 270 274 246 233 203 231 237 211 223 232 217 221 225 161 142 128 133 134 171 186 167 162 208 206 189 176 165 159 159 156 160 166 176 183 192 195 198 200 202 204 205 203 201 197 196 199 202 205 207 208 212 213 212 212 212 214 215 218 221 224 230
-9999 -9999 -9999 -9999 -9999 -9999 -9999 -9999 -9999 -9999 -9999 -9999 -9999 -9999 -9999 -9999 210 215 220 241 249 273 256 241 218 229 244 250 241 235 235 229 205 238 160 129 132 133 134 165 152 145 174 221 226 239 216 173 159 158 156 156 167 174 181 190 196 197 199 201 203 205 202 200 194 199 199 203 206 208 209 208 209 207 208 210 213 215 217 220 225 232
-9999 -9999 -9999 -9999 -9999 -9999 -9999 -9999 -9999 -9999 -9999 -9999 -9999 -9999 -9999 -9999 179 204 233 231 232 235 226 229 206 257 282 254 259 233 250 232 212 176 144 139 135 144 153 145 128 146 218 296 234 215 194 180 163 157 153 156 165 171 180 192 193 196 198 200 202 202 200 197 194 199 202 205 207 204 204 204 204 205 204 208 212 214 215 220 226 230
-9999 -9999 -9999 -9999 -9999 -9999 -9999 -9999 -9999 -9999 -9999 -9999 -9999 -9999 -9999 -9999 -9999 171 201 219 220 225 203 217 211 253 278 260 229 234 272 240 199 160 136 139 148 191 177 125 124 135 206 269 271 235 208 189 171 159 154 155 163 169 180 192 194 195 196 197 197 198 195 193 194 198 201 204 206 205 202 201 201 201 203 208 212 213 215 219 224 231
-9999 -9999 -9999 -9999 -9999 -9999 -9999 -9999 -9999 -9999 -9999 -9999 -9999 -9999 -9999 -9999 -9999 -9999 159 194 198 196 187 225 220 204 206 232 234 249 283 249 201 158 142 146 147 183 148 119 121 131 184 287 283 244 217 192 170 159 156 156 160 169 180 191 192 193 193 192 193 192 190 187 190 193 197 199 202 202 198 200 202 203 206 209 212 214 214 219 224 230
-9999 -9999 -9999 -9999 -9999 -9999 -9999 -9999 -9999 -9999 -9999 -9999 -9999 -9999 -9999 -9999 -9999 -9999 133 137 157 167 166 183 226 218 185 213 252 253 249 259 198 159 161 154 143 161 160 120 122 129 179 307 279 236 213 185 168 159 155 154 161 169 179 188 189 187 186 188 186 186 183 182 182 185 188 193 198 197 200 203 204 203 208 213 213 213 214 217 224 232
-9999 -9999 -9999 -9999 -9999 -9999 -9999 -9999 -9999 -9999 -9999 -9999 -9999 -9999 -9999 -9999 -9999 -9999 -9999 149 132 152 168 158 181 180 200 207 213 220 215 225 192 160 146 148 142 144 165 125 123 128 178 298 273 229 204 179 165 158 155 154 160 165 171 179 183 181 180 182 181 179 178 177 178 180 183 186 189 192 193 198 201 205 212 216 216 216 216 219 224 232
-9999 -9999 -9999 -9999 -9999 -9999 -9999 -9999 -9999 -9999 -9999 -9999 -9999 -9999 -9999 -9999 -9999 -9999 -9999 191 143 148 165 162 161 169 196 220 191 176 180 198 172 159 161 150 140 139 165 138 128 132 143 200 219 202 182 179 162 156 153 153 157 160 165 169 171 172 172 175 174 174 173 174 174 178 180 185 186 187 190 193 199 209 217 219 217 214 213 218 224 229
