data/studyarea/bio16.asc
NCOLS 462 
NROWS 586 
XLLCORNER -113 
YLLCORNER -53.1666666666667 
CELLSIZE 0.166666666666667 
NODATA_value -9999 
[rows 252 to 287 of 586, columns 328 to 409 of 462]
897 904 908 916 925 935 951 963 968 962 941 918 877 843 821 836 840 867 903 932 966 970 957 954 956 953 955 958 950 949 953 949 952 958 971 993 1026 1072 1123 1170 1231 1296 1370 1453 1546 1619 -9999 -9999 -9999 -9999 -9999 -9999 -9999 -9999 -9999 -9999 -9999 -9999 -9999 -9999 -9999 -9999 -9999 -9999 -9999 -9999 -9999 -9999 -9999 -9999 -9999 -9999 -9999 -9999 -9999 -9999 -9999 -9999 -9999 -9999 -9999 -9999
895 899 904 920 934 947 961 975 979 973 953 929 894 850 793 847 867 868 901 928 952 964 964 961 954 954 960 959 958 956 958 949 950 961 975 997 1028 1062 1105 1158 1207 1259 1324 1394 1468 1538 1602 1610 -9999 -9999 -9999 -9999 -9999 -9999 -9999 -9999 -9999 -9999 -9999 -9999 -9999 -9999 -9999 -9999 -9999 -9999 -9999 -9999 -9999 -9999 -9999 -9999 -9999 -9999 -9999 -9999 -9999 -9999 -9999 -9999 -9999 -9999
893 902 915 930 942 956 973 980 982 976 968 952 934 896 842 843 867 882 903 930 950 955 953 953 956 957 957 954 956 954 960 954 955 968 984 1002 1026 1052 1087 1128 1175 1215 1269 1325 1384 1445 1483 1542 1537 -9999 -9999 -9999 -9999 -9999 -9999 -9999 -9999 -9999 -9999 -9999 -9999 -9999 -9999 -9999 -9999 -9999 -9999 -9999 -9999 -9999 -9999 -9999 -9999 -9999 -9999 -9999 -9999 -9999 -9999 -9999 -9999 -9999
906 917 928 942 953 972 978 980 982 982 981 975 960 934 891 867 866 887 908 924 939 943 943 942 944 946 948 947 952 951 956 966 960 964 981 996 1017 1039 1068 1101 1137 1175 1211 1255 1308 1360 1396 1462 1489 -9999 -9999 -9999 -9999 -9999 -9999 -9999 -9999 -9999 -9999 -9999 -9999 -9999 -9999 -9999 -9999 -9999 -9999 -9999 -9999 -9999 -9999 -9999 -9999 -9999 -9999 -9999 -9999 -9999 -9999 -9999 -9999 -9999
926 932 940 952 962 975 977 980 980 980 982 981 966 942 913 890 881 893 908 919 929 931 931 932 933 937 940 942 944 951 961 969 960 965 974 990 1007 1023 1046 1074 1098 1126 1153 1184 1228 1273 1319 1362 1406 1435 1453 -9999 -9999 -9999 -9999 -9999 -9999 -9999 -9999 -9999 -9999 -9999 -9999 -9999 -9999 -9999 -9999 -9999 -9999 -9999 -9999 -9999 -9999 -9999 -9999 -9999 -9999 -9999 -9999 -9999 -9999 -9999
975 961 958 962 968 976 978 982 979 979 981 978 963 944 922 904 897 904 911 917 922 926 921 923 926 929 934 936 939 945 952 961 970 967 971 982 996 1009 1024 1041 1059 1078 1103 1121 1149 1191 1239 1291 1343 1391 1419 -9999 -9999 -9999 -9999 -9999 -9999 -9999 -9999 -9999 -9999 -9999 -9999 -9999 -9999 -9999 -9999 -9999 -9999 -9999 -9999 -9999 -9999 -9999 -9999 -9999 -9999 -9999 -9999 -9999 -9999 -9999
971 982 983 977 977 974 979 981 978 979 975 972 962 943 929 918 911 913 918 916 917 917 918 927 934 926 927 930 935 943 949 958 972 962 968 976 989 994 1003 1013 1023 1035 1047 1056 1076 1112 1167 1225 1282 1335 -9999 -9999 -9999 -9999 -9999 -9999 -9999 -9999 -9999 -9999 -9999 -9999 -9999 -9999 -9999 -9999 -9999 -9999 -9999 -9999 -9999 -9999 -9999 -9999 -9999 -9999 -9999 -9999 -9999 -9999 -9999 -9999
1007 1013 1010 997 984 978 980 981 980 977 978 970 960 945 936 931 922 920 922 919 915 913 918 915 922 927 929 930 932 938 945 955 960 958 963 969 982 987 988 989 990 997 1005 1007 1014 1048 1110 1174 1234 -9999 -9999 -9999 -9999 -9999 -9999 -9999 -9999 -9999 -9999 -9999 -9999 -9999 -9999 -9999 -9999 -9999 -9999 -9999 -9999 -9999 -9999 -9999 -9999 -9999 -9999 -9999 -9999 -9999 -9999 -9999 -9999 -9999
990 1018 1027 1006 1003 994 986 979 977 972 976 967 960 954 946 940 934 929 928 924 920 915 921 914 909 915 942 942 935 937 941 947 958 953 959 965 973 980 978 967 958 963 967 973 987 1020 1074 1137 -9999 -9999 -9999 -9999 -9999 -9999 -9999 -9999 -9999 -9999 -9999 -9999 -9999 -9999 -9999 -9999 -9999 -9999 -9999 -9999 -9999 -9999 -9999 -9999 -9999 -9999 -9999 -9999 -9999 -9999 -9999 -9999 -9999 -9999
1000 1017 1022 1013 1001 994 996 980 973 973 976 982 973 966 956 949 943 937 931 927 924 917 916 919 918 913 919 945 941 933 946 943 960 965 955 960 969 970 968 950 932 940 944 955 973 1006 1054 -9999 -9999 -9999 -9999 -9999 -9999 -9999 -9999 -9999 -9999 -9999 -9999 -9999 -9999 -9999 -9999 -9999 -9999 -9999 -9999 -9999 -9999 -9999 -9999 -9999 -9999 -9999 -9999 -9999 -9999 -9999 -9999 -9999 -9999 -9999
1004 1008 1016 1007 996 991 991 990 989 989 988 995 988 978 968 960 950 943 934 933 924 920 916 915 922 935 919 929 944 943 932 936 954 978 966 960 961 957 946 936 923 930 942 953 970 997 -9999 -9999 -9999 -9999 -9999 -9999 -9999 -9999 -9999 -9999 -9999 -9999 -9999 -9999 -9999 -9999 -9999 -9999 -9999 -9999 -9999 -9999 -9999 -9999 -9999 -9999 -9999 -9999 -9999 -9999 -9999 -9999 -9999 -9999 -9999 -9999
996 994 999 1005 1005 1006 1005 1012 1006 1003 1000 997 990 985 977 969 956 945 940 942 921 912 909 906 908 918 931 916 922 936 934 936 953 969 979 959 954 950 944 936 932 942 954 965 -9999 -9999 -9999 -9999 -9999 -9999 -9999 -9999 -9999 -9999 -9999 -9999 -9999 -9999 -9999 -9999 -9999 -9999 -9999 -9999 -9999 -9999 -9999 -9999 -9999 -9999 -9999 -9999 -9999 -9999 -9999 -9999 -9999 -9999 -9999 -9999 -9999 -9999
994 999 1004 1009 1014 1022 1023 1022 1021 1019 1012 1007 999 988 986 973 960 947 947 939 934 917 903 900 904 907 916 917 919 919 921 928 945 954 957 962 954 950 948 944 947 962 -9999 -9999 -9999 -9999 -9999 -9999 -9999 -9999 -9999 -9999 -9999 -9999 -9999 -9999 -9999 -9999 -9999 -9999 -9999 -9999 -9999 -9999 -9999 -9999 -9999 -9999 -9999 -9999 -9999 -9999 -9999 -9999 -9999 -9999 -9999 -9999 -9999 -9999 -9999 -9999
1006 1011 1016 1020 1026 1033 1036 1037 1036 1035 1027 1022 1012 1000 996 979 967 952 936 933 928 917 904 896 891 902 909 920 910 913 918 920 929 939 946 954 951 947 947 948 -9999 -9999 -9999 -9999 -9999 -9999 -9999 -9999 -9999 -9999 -9999 -9999 -9999 -9999 -9999 -9999 -9999 -9999 -9999 -9999 -9999 -9999 -9999 -9999 -9999 -9999 -9999 -9999 -9999 -9999 -9999 -9999 -9999 -9999 -9999 -9999 -9999 -9999 -9999 -9999 -9999 -9999
1018 1027 1035 1035 1037 1044 1044 1050 1050 1049 1043 1039 1030 1012 1003 987 971 953 939 927 918 903 891 888 882 884 895 907 908 907 912 915 924 935 942 952 958 946 945 947 959 991 1051 1112 -9999 -9999 -9999 -9999 -9999 -9999 -9999 -9999 -9999 -9999 -9999 -9999 -9999 -9999 -9999 -9999 -9999 -9999 -9999 -9999 -9999 -9999 -9999 -9999 -9999 -9999 -9999 -9999 -9999 -9999 -9999 -9999 -9999 -9999 -9999 -9999 -9999 -9999
1024 1028 1039 1049 1051 1054 1056 1063 1063 1061 1058 1053 1047 1025 1010 992 973 949 936 917 902 885 876 873 864 868 882 895 899 905 907 910 918 933 944 952 957 949 940 939 951 984 1037 1092 1189 1303 -9999 -9999 -9999 -9999 -9999 -9999 -9999 -9999 -9999 -9999 -9999 -9999 -9999 -9999 -9999 -9999 -9999 -9999 -9999 -9999 -9999 -9999 -9999 -9999 -9999 -9999 -9999 -9999 -9999 -9999 -9999 -9999 -9999 -9999 -9999 -9999
1030 1034 1052 1054 1067 1069 1069 1075 1075 1075 1073 1063 1058 1038 1022 998 973 949 931 908 890 866 854 851 846 853 867 886 895 894 896 906 919 934 950 962 965 954 944 931 933 963 1027 1106 1188 1279 1453 1566 -9999 -9999 -9999 -9999 -9999 -9999 -9999 -9999 -9999 -9999 -9999 -9999 -9999 -9999 -9999 -9999 -9999 -9999 -9999 -9999 -9999 -9999 -9999 -9999 -9999 -9999 -9999 -9999 -9999 -9999 -9999 -9999 -9999 -9999
1028 1033 1046 1060 1063 1072 1080 1085 1088 1089 1087 1078 1068 1050 1031 1006 974 946 922 895 875 848 831 827 829 835 854 875 883 882 886 897 916 938 961 973 971 958 947 932 921 941 1003 1079 1163 1257 1368 1447 1466 1451 -9999 -9999 -9999 -9999 -9999 -9999 -9999 -9999 -9999 -9999 -9999 -9999 -9999 -9999 -9999 -9999 -9999 -9999 -9999 -9999 -9999 -9999 -9999 -9999 -9999 -9999 -9999 -9999 -9999 -9999 -9999 -9999
1027 1030 1038 1049 1060 1075 1089 1097 1100 1102 1099 1094 1081 1064 1039 1010 975 941 912 883 860 831 804 802 806 815 828 844 852 857 867 897 911 932 964 978 976 969 960 946 936 944 991 1049 1116 1193 1273 1338 1378 1396 1397 -9999 -9999 -9999 -9999 -9999 -9999 -9999 -9999 -9999 -9999 -9999 -9999 -9999 -9999 -9999 -9999 -9999 -9999 -9999 -9999 -9999 -9999 -9999 -9999 -9999 -9999 -9999 -9999 -9999 -9999 -9999
1019 1026 1034 1045 1059 1074 1092 1107 1112 1115 1112 1106 1096 1078 1049 1015 976 937 902 872 840 808 776 761 767 792 795 809 820 835 848 856 873 907 942 968 979 983 977 966 955 957 975 1016 1066 1122 1183 1239 1286 1323 1351 1344 -9999 -9999 -9999 -9999 -9999 -9999 -9999 -9999 -9999 -9999 -9999 -9999 -9999 -9999 -9999 -9999 -9999 -9999 -9999 -9999 -9999 -9999 -9999 -9999 -9999 -9999 -9999 -9999 -9999 -9999
1008 1016 1031 1042 1053 1074 1092 1111 1122 1124 1120 1117 1108 1093 1059 1019 977 933 894 854 821 791 760 723 740 772 793 806 813 811 809 814 833 869 914 951 981 998 999 985 971 965 964 979 1010 1051 1100 1152 1207 1255 1295 1309 1277 -9999 -9999 -9999 -9999 -9999 -9999 -9999 -9999 -9999 -9999 -9999 -9999 -9999 -9999 -9999 -9999 -9999 -9999 -9999 -9999 -9999 -9999 -9999 -9999 -9999 -9999 -9999 -9999 -9999
999 1001 1012 1028 1043 1060 1082 1108 1119 1118 1119 1117 1113 1099 1063 1017 973 924 882 844 810 783 742 719 732 754 800 791 784 776 769 768 792 841 891 939 981 1015 1021 1000 979 967 957 942 955 983 1023 1074 1138 1193 1235 1256 1255 1246 -9999 -9999 -9999 -9999 -9999 -9999 -9999 -9999 -9999 -9999 -9999 -9999 -9999 -9999 -9999 -9999 -9999 -9999 -9999 -9999 -9999 -9999 -9999 -9999 -9999 -9999 -9999 -9999
986 983 993 1002 1018 1036 1056 1079 1093 1100 1104 1107 1103 1087 1053 1006 956 911 868 834 816 789 759 734 754 761 761 761 765 762 752 739 756 822 879 933 981 1015 1020 997 973 956 941 908 919 934 969 1023 1089 1144 1187 1214 1233 1250 1258 -9999 -9999 -9999 -9999 -9999 -9999 -9999 -9999 -9999 -9999 -9999 -9999 -9999 -9999 -9999 -9999 -9999 -9999 -9999 -9999 -9999 -9999 -9999 -9999 -9999 -9999 -9999
967 963 963 972 987 1006 1026 1047 1063 1078 1088 1093 1092 1077 1044 996 941 890 846 814 795 782 778 749 754 745 748 756 763 761 760 752 773 816 873 936 986 1012 1008 985 957 934 913 885 901 915 947 1004 1064 1117 1154 1179 1205 1247 1292 1260 -9999 -9999 -9999 -9999 -9999 -9999 -9999 -9999 -9999 -9999 -9999 -9999 -9999 -9999 -9999 -9999 -9999 -9999 -9999 -9999 -9999 -9999 -9999 -9999 -9999 -9999
940 938 939 944 954 970 987 1009 1034 1055 1072 1081 1079 1069 1040 988 929 873 825 787 763 748 737 728 739 755 769 774 775 777 786 787 806 839 889 954 1007 1021 1005 973 937 913 900 891 903 918 954 1007 1066 1111 1140 1152 1162 1210 1284 1269 -9999 -9999 -9999 -9999 -9999 -9999 -9999 -9999 -9999 -9999 -9999 -9999 -9999 -9999 -9999 -9999 -9999 -9999 -9999 -9999 -9999 -9999 -9999 -9999 -9999 -9999
911 910 912 916 924 934 947 966 1000 1030 1052 1062 1063 1061 1052 995 921 865 820 776 734 711 721 739 756 777 789 798 802 805 812 822 843 877 922 979 1028 1031 1005 969 926 904 917 923 931 949 987 1040 1089 1125 1145 1143 1130 1162 1204 1226 1208 -9999 -9999 -9999 -9999 -9999 -9999 -9999 -9999 -9999 -9999 -9999 -9999 -9999 -9999 -9999 -9999 -9999 -9999 -9999 -9999 -9999 -9999 -9999 -9999 -9999
881 878 880 884 893 906 919 936 971 1008 1038 1052 1056 1051 1029 973 904 856 818 776 725 688 734 764 786 808 822 836 843 845 850 860 879 910 953 998 1027 1028 1008 980 953 948 974 988 978 986 1042 1112 1162 1174 1181 1168 1152 1164 1202 1215 1211 -9999 -9999 -9999 -9999 -9999 -9999 -9999 -9999 -9999 -9999 -9999 -9999 -9999 -9999 -9999 -9999 -9999 -9999 -9999 -9999 -9999 -9999 -9999 -9999 -9999
857 847 851 857 868 880 895 921 970 1027 1053 1052 1043 1028 995 946 896 858 830 805 783 777 803 823 841 853 873 890 897 894 890 893 906 931 969 1009 1026 1023 1011 998 995 1016 1060 1084 1040 1028 1108 1194 1219 1216 1210 1191 1174 1178 1202 1218 1222 1212 -9999 -9999 -9999 -9999 -9999 -9999 -9999 -9999 -9999 -9999 -9999 -9999 -9999 -9999 -9999 -9999 -9999 -9999 -9999 -9999 -9999 -9999 -9999 -9999
841 827 842 860 874 888 908 939 984 1041 1053 1040 1023 998 960 922 889 865 851 850 872 907 919 909 907 915 934 958 960 944 921 910 912 929 962 1000 1012 1009 1007 1009 1021 1052 1114 1150 1136 1132 1182 1235 1253 1247 1233 1213 1194 1196 1218 1236 1244 1243 -9999 -9999 -9999 -9999 -9999 -9999 -9999 -9999 -9999 -9999 -9999 -9999 -9999 -9999 -9999 -9999 -9999 -9999 -9999 -9999 -9999 -9999 -9999 -9999
844 843 853 868 882 895 914 942 974 1006 1021 1015 999 970 930 899 882 868 866 884 936 1022 1021 980 960 957 987 1024 1023 980 943 924 918 922 933 955 973 983 992 1005 1025 1070 1126 1180 1218 1215 1234 1261 1272 1268 1254 1238 1227 1231 1247 1260 1269 1277 1284 -9999 -9999 -9999 -9999 -9999 -9999 -9999 -9999 -9999 -9999 -9999 -9999 -9999 -9999 -9999 -9999 -9999 -9999 -9999 -9999 -9999 -9999 -9999
866 868 879 895 900 905 922 943 958 968 986 992 982 957 920 891 879 872 872 897 955 1058 1054 992 956 957 1006 1063 1067 1004 952 918 904 903 912 924 939 953 971 994 1024 1064 1113 1170 1217 1238 1258 1280 1287 1282 1272 1262 1258 1262 1276 1284 1290 1299 1312 -9999 -9999 -9999 -9999 -9999 -9999 -9999 -9999 -9999 -9999 -9999 -9999 -9999 -9999 -9999 -9999 -9999 -9999 -9999 -9999 -9999 -9999 -9999
889 886 892 907 919 916 926 945 949 950 964 977 980 963 934 905 885 872 873 903 971 1091 1038 953 900 938 983 1032 1033 980 927 889 872 873 884 898 916 936 961 986 1011 1041 1080 1130 1179 1219 1256 1287 1292 1288 1284 1279 1278 1281 1289 1294 1299 1305 1307 -9999 -9999 -9999 -9999 -9999 -9999 -9999 -9999 -9999 -9999 -9999 -9999 -9999 -9999 -9999 -9999 -9999 -9999 -9999 -9999 -9999 -9999 -9999
905 888 884 902 929 915 914 930 934 938 953 977 995 987 958 921 891 871 870 890 952 1005 977 914 894 918 948 969 962 923 877 869 864 862 862 874 893 920 952 978 995 1010 1036 1081 1135 1185 1229 1264 1279 1284 1285 1286 1288 1292 1296 1297 1299 1295 1288 -9999 -9999 -9999 -9999 -9999 -9999 -9999 -9999 -9999 -9999 -9999 -9999 -9999 -9999 -9999 -9999 -9999 -9999 -9999 -9999 -9999 -9999 -9999
910 873 847 848 873 882 888 905 915 921 939 989 1034 1029 990 941 893 862 854 867 895 923 915 899 894 901 913 914 899 865 860 862 861 860 862 864 875 911 956 980 986 983 989 1034 1098 1152 1196 1230 1254 1269 1280 1286 1291 1295 1296 1295 1291 1281 1266 -9999 -9999 -9999 -9999 -9999 -9999 -9999 -9999 -9999 -9999 -9999 -9999 -9999 -9999 -9999 -9999 -9999 -9999 -9999 -9999 -9999 -9999 -9999
897 849 798 763 794 840 867 890 905 911 927 1012 1117 1111 1044 972 909 860 831 838 858 876 886 885 884 884 883 875 853 832 836 844 849 852 861 870 887 925 977 1001 996 976 997 1025 1082 1127 1164 1198 1226 1251 1270 1283 1290 1295 1293 1288 1279 1265 1244 -9999 -9999 -9999 -9999 -9999 -9999 -9999 -9999 -9999 -9999 -9999 -9999 -9999 -9999 -9999 -9999 -9999 -9999 -9999 -9999 -9999 -9999 -9999
878 832 781 735 771 829 866 888 910 925 953 1098 1263 1168 1067 980 909 857 824 811 832 853 866 873 875 870 861 846 821 802 807 816 826 840 859 905 936 969 1009 1032 1037 1038 1052 1069 1089 1112 1138 1168 1201 1232 1259 1278 1287 1290 1287 1280 1266 1250 1225 1193 -9999 -9999 -9999 -9999 -9999 -9999 -9999 -9999 -9999 -9999 -9999 -9999 -9999 -9999 -9999 -9999 -9999 -9999 -9999 -9999 -9999 -9999
