data/studyarea/bio13.asc
NCOLS 462 
NROWS 586 
XLLCORNER -113 
YLLCORNER -53.1666666666667 
CELLSIZE 0.166666666666667 
NODATA_value -9999 
[rows 252 to 287 of 586, columns 328 to 409 of 462]
334 340 349 360 371 380 391 402 409 410 402 394 378 366 360 370 376 389 400 409 419 414 401 393 388 381 378 376 369 366 366 362 362 363 366 373 384 399 416 431 451 473 498 527 559 583 -9999 -9999 -9999 -9999 -9999 -9999 -9999 -9999 -9999 -9999 -9999 -9999 -9999 -9999 -9999 -9999 -9999 -9999 -9999 -9999 -9999 -9999 -9999 -9999 -9999 -9999 -9999 -9999 -9999 -9999 -9999 -9999 -9999 -9999 -9999 -9999
335 344 353 364 375 385 396 408 414 415 408 399 387 372 351 379 392 392 402 411 417 415 407 399 389 383 382 377 373 369 367 360 358 360 363 369 379 389 403 420 437 454 477 501 527 550 567 567 -9999 -9999 -9999 -9999 -9999 -9999 -9999 -9999 -9999 -9999 -9999 -9999 -9999 -9999 -9999 -9999 -9999 -9999 -9999 -9999 -9999 -9999 -9999 -9999 -9999 -9999 -9999 -9999 -9999 -9999 -9999 -9999 -9999 -9999
340 348 357 368 377 388 401 409 414 415 414 409 403 390 373 378 394 398 404 413 418 412 403 396 391 386 381 375 372 367 366 360 357 359 362 366 372 379 390 403 419 432 451 471 495 516 522 539 534 -9999 -9999 -9999 -9999 -9999 -9999 -9999 -9999 -9999 -9999 -9999 -9999 -9999 -9999 -9999 -9999 -9999 -9999 -9999 -9999 -9999 -9999 -9999 -9999 -9999 -9999 -9999 -9999 -9999 -9999 -9999 -9999 -9999
345 353 362 372 381 394 402 407 412 415 418 419 414 406 393 387 392 398 404 408 410 405 398 391 386 381 377 372 369 365 363 363 356 354 356 358 363 368 376 386 398 411 424 440 464 483 485 505 511 -9999 -9999 -9999 -9999 -9999 -9999 -9999 -9999 -9999 -9999 -9999 -9999 -9999 -9999 -9999 -9999 -9999 -9999 -9999 -9999 -9999 -9999 -9999 -9999 -9999 -9999 -9999 -9999 -9999 -9999 -9999 -9999 -9999
352 358 365 375 384 394 399 405 409 412 417 420 416 409 401 395 394 396 400 401 401 396 390 385 380 377 373 369 365 364 363 362 353 350 349 350 353 355 361 369 377 386 396 407 427 443 453 463 475 483 489 -9999 -9999 -9999 -9999 -9999 -9999 -9999 -9999 -9999 -9999 -9999 -9999 -9999 -9999 -9999 -9999 -9999 -9999 -9999 -9999 -9999 -9999 -9999 -9999 -9999 -9999 -9999 -9999 -9999 -9999 -9999
373 369 371 377 384 392 397 403 405 409 414 416 413 408 402 398 395 396 396 395 393 390 383 379 375 372 369 366 362 360 358 356 354 347 343 342 342 343 345 351 359 367 376 382 390 405 420 438 455 470 479 -9999 -9999 -9999 -9999 -9999 -9999 -9999 -9999 -9999 -9999 -9999 -9999 -9999 -9999 -9999 -9999 -9999 -9999 -9999 -9999 -9999 -9999 -9999 -9999 -9999 -9999 -9999 -9999 -9999 -9999 -9999
367 376 380 381 385 388 395 400 403 407 409 411 410 405 402 399 394 393 393 389 386 382 378 378 377 369 365 362 359 358 355 353 353 342 338 334 333 332 338 344 349 355 359 361 366 377 397 418 437 454 -9999 -9999 -9999 -9999 -9999 -9999 -9999 -9999 -9999 -9999 -9999 -9999 -9999 -9999 -9999 -9999 -9999 -9999 -9999 -9999 -9999 -9999 -9999 -9999 -9999 -9999 -9999 -9999 -9999 -9999 -9999 -9999
381 388 390 388 386 387 392 397 400 403 407 407 406 403 400 397 392 390 389 385 380 376 375 370 370 368 365 361 357 355 352 350 346 338 332 327 332 336 337 338 341 345 348 348 347 358 381 404 424 -9999 -9999 -9999 -9999 -9999 -9999 -9999 -9999 -9999 -9999 -9999 -9999 -9999 -9999 -9999 -9999 -9999 -9999 -9999 -9999 -9999 -9999 -9999 -9999 -9999 -9999 -9999 -9999 -9999 -9999 -9999 -9999 -9999
369 387 395 389 392 392 392 393 396 397 403 403 401 399 396 393 390 387 385 382 378 373 373 367 362 361 369 365 358 354 350 346 344 334 328 324 334 341 340 333 334 338 340 342 345 356 375 396 -9999 -9999 -9999 -9999 -9999 -9999 -9999 -9999 -9999 -9999 -9999 -9999 -9999 -9999 -9999 -9999 -9999 -9999 -9999 -9999 -9999 -9999 -9999 -9999 -9999 -9999 -9999 -9999 -9999 -9999 -9999 -9999 -9999 -9999
370 383 390 390 388 389 394 390 391 393 396 400 397 395 391 388 386 383 380 378 375 370 368 367 364 359 358 366 360 352 352 345 345 339 326 324 334 341 339 330 329 334 337 342 349 361 376 -9999 -9999 -9999 -9999 -9999 -9999 -9999 -9999 -9999 -9999 -9999 -9999 -9999 -9999 -9999 -9999 -9999 -9999 -9999 -9999 -9999 -9999 -9999 -9999 -9999 -9999 -9999 -9999 -9999 -9999 -9999 -9999 -9999 -9999 -9999
378 376 384 384 383 385 386 387 388 389 390 395 393 390 387 385 381 379 376 375 371 368 365 363 364 367 357 358 361 357 347 343 343 345 331 323 330 334 331 328 328 333 339 346 356 368 -9999 -9999 -9999 -9999 -9999 -9999 -9999 -9999 -9999 -9999 -9999 -9999 -9999 -9999 -9999 -9999 -9999 -9999 -9999 -9999 -9999 -9999 -9999 -9999 -9999 -9999 -9999 -9999 -9999 -9999 -9999 -9999 -9999 -9999 -9999 -9999
387 381 378 379 380 381 381 386 384 384 384 385 383 383 382 380 376 373 372 374 365 361 359 357 356 358 361 352 352 354 349 345 345 343 338 320 324 328 329 328 331 336 343 351 -9999 -9999 -9999 -9999 -9999 -9999 -9999 -9999 -9999 -9999 -9999 -9999 -9999 -9999 -9999 -9999 -9999 -9999 -9999 -9999 -9999 -9999 -9999 -9999 -9999 -9999 -9999 -9999 -9999 -9999 -9999 -9999 -9999 -9999 -9999 -9999 -9999 -9999
394 389 384 379 375 377 378 378 379 380 378 378 377 374 376 373 370 367 369 367 366 360 354 352 352 352 354 352 350 348 346 344 344 340 332 323 324 327 330 332 335 341 -9999 -9999 -9999 -9999 -9999 -9999 -9999 -9999 -9999 -9999 -9999 -9999 -9999 -9999 -9999 -9999 -9999 -9999 -9999 -9999 -9999 -9999 -9999 -9999 -9999 -9999 -9999 -9999 -9999 -9999 -9999 -9999 -9999 -9999 -9999 -9999 -9999 -9999 -9999 -9999
398 394 389 385 381 378 374 374 374 375 373 373 372 369 371 367 365 362 358 359 359 356 351 348 345 348 349 352 346 346 346 344 342 338 331 323 325 328 331 334 -9999 -9999 -9999 -9999 -9999 -9999 -9999 -9999 -9999 -9999 -9999 -9999 -9999 -9999 -9999 -9999 -9999 -9999 -9999 -9999 -9999 -9999 -9999 -9999 -9999 -9999 -9999 -9999 -9999 -9999 -9999 -9999 -9999 -9999 -9999 -9999 -9999 -9999 -9999 -9999 -9999 -9999
401 398 395 390 386 383 379 377 373 370 369 370 369 364 364 361 359 355 353 352 351 347 344 343 340 339 342 345 344 343 345 346 345 341 332 325 329 331 334 336 339 348 372 396 -9999 -9999 -9999 -9999 -9999 -9999 -9999 -9999 -9999 -9999 -9999 -9999 -9999 -9999 -9999 -9999 -9999 -9999 -9999 -9999 -9999 -9999 -9999 -9999 -9999 -9999 -9999 -9999 -9999 -9999 -9999 -9999 -9999 -9999 -9999 -9999 -9999 -9999
401 397 396 394 390 387 384 382 379 375 371 367 365 359 357 354 351 346 345 342 340 337 335 335 331 331 334 337 338 341 343 346 347 342 334 326 331 334 336 337 337 346 370 395 436 485 -9999 -9999 -9999 -9999 -9999 -9999 -9999 -9999 -9999 -9999 -9999 -9999 -9999 -9999 -9999 -9999 -9999 -9999 -9999 -9999 -9999 -9999 -9999 -9999 -9999 -9999 -9999 -9999 -9999 -9999 -9999 -9999 -9999 -9999 -9999 -9999
400 397 397 394 394 391 388 386 384 381 378 372 368 359 352 347 342 338 337 333 331 326 325 325 323 324 326 330 333 334 336 341 343 339 334 329 335 337 338 334 330 340 369 403 438 476 548 590 -9999 -9999 -9999 -9999 -9999 -9999 -9999 -9999 -9999 -9999 -9999 -9999 -9999 -9999 -9999 -9999 -9999 -9999 -9999 -9999 -9999 -9999 -9999 -9999 -9999 -9999 -9999 -9999 -9999 -9999 -9999 -9999 -9999 -9999
396 393 393 393 391 391 390 390 388 386 383 378 373 365 356 345 334 329 326 322 321 316 314 315 316 316 319 322 325 326 328 331 334 334 333 333 338 338 338 332 324 332 359 391 427 466 508 534 532 514 -9999 -9999 -9999 -9999 -9999 -9999 -9999 -9999 -9999 -9999 -9999 -9999 -9999 -9999 -9999 -9999 -9999 -9999 -9999 -9999 -9999 -9999 -9999 -9999 -9999 -9999 -9999 -9999 -9999 -9999 -9999 -9999
392 389 387 387 387 389 391 392 391 390 387 384 378 371 361 349 335 320 315 311 309 306 303 305 307 308 309 311 312 314 317 324 325 327 329 337 341 342 340 335 328 329 351 377 406 437 467 486 493 489 493 -9999 -9999 -9999 -9999 -9999 -9999 -9999 -9999 -9999 -9999 -9999 -9999 -9999 -9999 -9999 -9999 -9999 -9999 -9999 -9999 -9999 -9999 -9999 -9999 -9999 -9999 -9999 -9999 -9999 -9999 -9999
385 383 381 381 382 385 389 393 393 392 390 388 384 377 366 353 337 322 307 299 296 293 291 291 293 298 296 298 300 303 306 307 310 317 324 335 342 347 346 341 335 332 340 361 384 407 428 445 456 462 468 466 -9999 -9999 -9999 -9999 -9999 -9999 -9999 -9999 -9999 -9999 -9999 -9999 -9999 -9999 -9999 -9999 -9999 -9999 -9999 -9999 -9999 -9999 -9999 -9999 -9999 -9999 -9999 -9999 -9999 -9999
377 375 375 374 374 379 384 391 396 396 394 390 388 384 371 356 340 323 307 290 281 280 280 278 281 287 291 293 294 292 290 290 295 305 318 331 343 352 354 348 341 336 331 345 362 379 394 408 423 435 443 445 433 -9999 -9999 -9999 -9999 -9999 -9999 -9999 -9999 -9999 -9999 -9999 -9999 -9999 -9999 -9999 -9999 -9999 -9999 -9999 -9999 -9999 -9999 -9999 -9999 -9999 -9999 -9999 -9999 -9999
369 365 363 363 364 375 389 403 408 407 405 400 395 386 374 357 340 323 307 291 276 266 264 265 270 275 286 284 281 277 274 272 279 295 313 331 347 362 363 353 343 337 330 330 344 355 364 376 395 411 422 426 424 422 -9999 -9999 -9999 -9999 -9999 -9999 -9999 -9999 -9999 -9999 -9999 -9999 -9999 -9999 -9999 -9999 -9999 -9999 -9999 -9999 -9999 -9999 -9999 -9999 -9999 -9999 -9999 -9999
360 353 350 349 364 380 394 407 413 413 411 407 400 391 376 358 338 321 305 292 284 271 255 253 264 268 269 270 271 269 264 259 265 288 309 329 348 362 363 350 340 333 325 320 331 340 346 357 377 393 405 412 418 424 426 -9999 -9999 -9999 -9999 -9999 -9999 -9999 -9999 -9999 -9999 -9999 -9999 -9999 -9999 -9999 -9999 -9999 -9999 -9999 -9999 -9999 -9999 -9999 -9999 -9999 -9999 -9999
348 340 334 349 365 382 397 409 416 418 416 411 404 394 379 361 340 320 303 290 283 275 268 254 253 254 258 263 266 265 266 263 268 286 307 328 345 355 353 343 332 322 312 315 325 333 340 352 368 384 394 401 411 431 447 430 -9999 -9999 -9999 -9999 -9999 -9999 -9999 -9999 -9999 -9999 -9999 -9999 -9999 -9999 -9999 -9999 -9999 -9999 -9999 -9999 -9999 -9999 -9999 -9999 -9999 -9999
333 326 336 349 365 382 397 410 418 420 418 413 405 396 383 363 340 318 300 287 277 271 267 261 255 257 264 269 273 275 278 277 280 289 308 327 345 352 347 336 322 313 306 317 325 332 340 352 368 382 391 393 399 423 450 438 -9999 -9999 -9999 -9999 -9999 -9999 -9999 -9999 -9999 -9999 -9999 -9999 -9999 -9999 -9999 -9999 -9999 -9999 -9999 -9999 -9999 -9999 -9999 -9999 -9999 -9999
317 324 335 348 363 379 395 410 418 420 417 411 402 393 383 361 334 313 297 281 266 258 264 271 265 268 275 281 286 289 290 291 295 303 316 336 354 355 346 333 317 308 314 326 332 338 347 360 378 389 394 392 384 404 419 420 416 -9999 -9999 -9999 -9999 -9999 -9999 -9999 -9999 -9999 -9999 -9999 -9999 -9999 -9999 -9999 -9999 -9999 -9999 -9999 -9999 -9999 -9999 -9999 -9999 -9999
315 322 332 344 358 375 391 405 414 417 414 404 392 381 369 348 323 306 293 279 261 247 266 277 274 282 288 295 301 303 304 307 312 320 332 346 355 355 347 337 327 325 338 348 345 348 364 387 409 415 419 404 391 395 411 413 420 -9999 -9999 -9999 -9999 -9999 -9999 -9999 -9999 -9999 -9999 -9999 -9999 -9999 -9999 -9999 -9999 -9999 -9999 -9999 -9999 -9999 -9999 -9999 -9999 -9999
316 319 328 338 351 366 382 395 406 413 408 394 379 364 350 334 317 304 295 287 281 280 291 299 294 298 305 312 317 318 318 320 325 332 342 353 356 354 349 344 343 352 374 383 369 365 394 417 429 431 430 417 401 394 408 412 424 436 -9999 -9999 -9999 -9999 -9999 -9999 -9999 -9999 -9999 -9999 -9999 -9999 -9999 -9999 -9999 -9999 -9999 -9999 -9999 -9999 -9999 -9999 -9999 -9999
317 317 322 331 343 357 371 381 391 400 393 379 364 350 336 323 312 304 300 301 312 329 336 332 325 322 326 334 335 332 327 326 329 334 342 351 352 350 350 353 359 374 396 410 409 414 439 438 437 437 432 423 412 405 415 420 428 445 -9999 -9999 -9999 -9999 -9999 -9999 -9999 -9999 -9999 -9999 -9999 -9999 -9999 -9999 -9999 -9999 -9999 -9999 -9999 -9999 -9999 -9999 -9999 -9999
319 318 317 320 333 347 358 363 366 369 367 359 349 337 324 314 307 302 302 311 336 368 372 359 352 348 358 373 374 359 342 331 327 328 333 341 347 351 356 362 370 384 403 424 442 446 455 454 446 437 432 426 420 419 434 434 429 448 464 -9999 -9999 -9999 -9999 -9999 -9999 -9999 -9999 -9999 -9999 -9999 -9999 -9999 -9999 -9999 -9999 -9999 -9999 -9999 -9999 -9999 -9999 -9999
324 320 316 317 330 340 345 345 342 338 342 342 336 326 315 306 301 299 306 327 360 415 403 361 350 355 375 401 405 375 350 333 325 325 330 337 345 352 359 366 374 384 399 420 439 449 457 459 453 443 432 427 424 436 451 446 434 448 463 -9999 -9999 -9999 -9999 -9999 -9999 -9999 -9999 -9999 -9999 -9999 -9999 -9999 -9999 -9999 -9999 -9999 -9999 -9999 -9999 -9999 -9999 -9999
328 323 321 326 335 338 335 330 327 326 329 330 334 329 316 303 298 300 311 340 384 460 415 356 326 347 369 392 392 367 342 324 316 317 323 332 342 352 362 370 372 376 385 401 420 436 450 458 454 446 437 428 433 442 449 446 436 447 457 -9999 -9999 -9999 -9999 -9999 -9999 -9999 -9999 -9999 -9999 -9999 -9999 -9999 -9999 -9999 -9999 -9999 -9999 -9999 -9999 -9999 -9999 -9999
331 322 319 328 342 335 328 324 323 325 326 334 351 353 340 321 301 296 309 336 377 410 387 342 322 338 354 365 362 344 322 305 300 306 316 326 337 352 367 375 370 363 363 377 398 418 435 447 448 445 439 433 437 443 445 441 437 444 450 -9999 -9999 -9999 -9999 -9999 -9999 -9999 -9999 -9999 -9999 -9999 -9999 -9999 -9999 -9999 -9999 -9999 -9999 -9999 -9999 -9999 -9999 -9999
330 315 305 307 319 321 320 320 322 326 327 344 382 388 368 339 311 291 294 316 343 359 351 328 324 331 339 341 335 320 300 315 318 300 312 324 332 354 381 383 368 348 357 352 379 402 420 432 439 441 440 437 438 441 440 436 439 442 444 -9999 -9999 -9999 -9999 -9999 -9999 -9999 -9999 -9999 -9999 -9999 -9999 -9999 -9999 -9999 -9999 -9999 -9999 -9999 -9999 -9999 -9999 -9999
320 302 283 271 284 301 311 317 321 323 322 366 440 434 396 355 318 288 286 294 310 322 322 318 322 325 327 325 316 302 285 320 321 298 317 332 339 361 392 393 368 343 376 345 371 392 408 421 430 436 440 441 440 440 439 439 440 440 439 -9999 -9999 -9999 -9999 -9999 -9999 -9999 -9999 -9999 -9999 -9999 -9999 -9999 -9999 -9999 -9999 -9999 -9999 -9999 -9999 -9999 -9999 -9999
307 291 272 256 270 292 306 315 319 319 329 429 516 463 408 359 317 293 280 291 299 308 314 319 322 322 319 314 304 291 279 291 296 299 326 351 361 374 389 390 378 363 359 365 376 388 400 412 423 432 440 444 445 444 443 442 440 439 435 430 -9999 -9999 -9999 -9999 -9999 -9999 -9999 -9999 -9999 -9999 -9999 -9999 -9999 -9999 -9999 -9999 -9999 -9999 -9999 -9999 -9999 -9999
