data/studyarea/bio13.asc
NCOLS 462 
NROWS 586 
XLLCORNER -113 
YLLCORNER -53.1666666666667 
CELLSIZE 0.166666666666667 
NODATA_value -9999 
[rows 36 to 71 of 586, columns 82 to 163 of 462]
95 97 99 100 101 102 104 107 109 113 116 119 123 129 133 134 135 137 141 146 148 146 143 143 144 146 147 146 144 140 137 133 131 129 127 126 128 130 129 129 128 127 125 124 123 122 120 118 116 113 111 109 108 105 103 104 105 105 106 106 108 110 112 113 115 117 119 121 122 123 125 126 126 125 123 122 122 121 119 119 120 120
94 97 99 100 101 102 105 107 110 113 117 120 124 128 132 134 136 139 143 147 148 146 145 144 144 145 145 144 143 141 138 133 129 127 126 127 128 129 129 127 126 126 125 125 124 122 121 119 117 115 113 111 109 106 105 106 107 108 109 108 109 111 112 115 116 118 121 123 123 124 124 124 125 123 121 121 121 119 117 116 117 117
94 96 98 98 100 102 105 108 110 113 116 119 123 128 132 134 136 138 141 143 144 145 145 144 143 143 143 142 142 140 137 132 129 126 126 126 128 128 128 127 126 126 126 126 124 122 120 118 117 115 114 112 111 110 108 108 109 111 111 110 110 112 114 116 118 119 121 123 125 124 122 120 121 121 120 120 120 118 117 116 116 117
94 96 97 98 100 103 105 108 110 113 115 118 122 127 131 134 135 136 137 138 139 141 141 140 141 142 141 141 141 139 137 133 130 126 126 126 126 127 127 126 125 125 125 124 123 122 118 116 115 114 113 113 113 114 113 111 111 112 114 113 113 114 116 118 120 121 122 123 124 122 120 119 118 118 119 121 120 119 118 118 117 119
96 96 97 98 100 103 105 107 109 111 113 115 119 125 130 132 133 132 132 132 133 136 136 136 138 140 140 141 140 138 136 133 130 126 126 126 126 126 125 125 124 123 123 122 121 119 116 114 114 113 113 112 115 117 117 115 114 115 116 117 117 118 120 120 122 123 122 122 122 121 121 120 118 118 120 123 123 122 120 120 122 123
98 97 97 98 101 104 106 107 108 109 111 113 116 122 126 127 128 127 128 129 130 131 132 132 134 136 139 140 139 137 135 132 129 126 125 125 125 125 124 123 122 122 121 120 118 117 115 114 114 113 113 114 116 116 117 118 119 120 121 122 124 123 123 123 124 125 124 123 123 123 122 121 118 119 121 124 126 126 124 123 124 127
98 97 97 98 101 105 107 108 108 108 109 112 115 119 121 122 125 129 132 134 134 134 133 133 133 134 135 137 137 136 134 132 129 125 123 122 123 123 122 122 122 121 121 119 117 117 116 115 115 113 113 114 116 116 118 120 122 124 127 126 127 124 123 124 125 126 126 125 124 123 123 121 119 120 121 125 129 130 128 128 129 130
96 96 96 98 100 104 107 109 108 106 107 111 114 116 120 123 126 130 134 136 135 135 135 136 135 135 135 133 132 134 134 132 129 126 122 120 121 122 122 123 122 121 121 119 118 119 118 116 115 114 114 115 117 120 122 123 123 126 128 129 127 125 123 124 126 127 127 126 125 124 124 122 121 121 121 123 127 129 130 131 132 131
93 92 93 96 99 103 105 108 106 103 105 110 114 119 122 124 126 129 134 133 132 133 133 134 134 134 134 132 129 132 132 130 128 125 122 119 120 122 123 123 122 121 120 120 120 120 119 118 117 116 117 119 121 125 129 129 128 128 130 130 129 126 125 125 126 127 127 126 126 126 126 125 124 124 124 125 126 128 130 131 130 130
94 94 95 96 98 101 102 103 104 105 108 112 117 121 123 124 127 130 130 127 127 128 128 130 131 132 131 130 129 128 129 128 127 124 121 119 120 121 121 121 120 118 117 117 119 119 120 120 120 119 121 122 124 128 132 134 132 130 131 132 130 127 128 129 129 129 128 127 127 127 129 130 130 130 130 129 128 128 129 130 129 130
95 95 97 99 100 102 103 105 108 110 112 115 118 121 122 124 127 129 128 125 124 124 126 127 128 129 130 129 128 127 126 125 124 122 121 120 120 120 120 121 119 119 117 117 118 119 120 121 122 122 123 124 125 128 130 133 132 131 132 133 131 128 130 132 132 131 130 130 130 132 133 134 134 133 133 132 130 130 132 131 132 132
100 99 100 102 102 103 106 110 114 116 117 118 120 121 122 122 125 126 125 125 123 123 124 125 126 127 129 129 129 129 128 127 126 125 124 123 122 122 123 122 121 121 119 119 120 120 120 122 122 124 126 127 126 127 129 132 131 131 133 133 131 130 131 133 133 133 132 133 134 136 137 138 136 135 134 133 133 134 135 136 137 137
103 104 104 104 104 105 110 116 123 123 123 123 123 124 124 123 123 123 124 124 125 125 126 125 125 127 130 132 134 135 134 131 130 130 129 128 128 128 126 125 124 123 121 121 122 122 121 123 124 125 126 128 129 129 130 131 130 130 131 132 132 130 132 133 134 135 134 135 138 139 139 140 138 137 134 132 132 134 136 138 141 141
107 108 110 109 108 109 113 120 126 126 127 128 129 128 128 126 125 124 126 127 128 129 128 127 127 130 134 136 137 138 137 135 134 135 134 134 135 134 132 130 127 125 124 124 124 124 123 124 125 126 126 128 131 132 133 133 131 129 129 129 130 131 132 134 135 137 136 138 141 143 143 142 140 137 133 127 127 132 137 141 143 143
111 113 114 114 113 114 117 121 125 127 128 131 132 133 132 131 129 129 130 130 131 131 129 129 131 135 138 139 140 140 139 138 138 139 139 141 141 138 136 133 130 129 128 125 125 125 126 125 127 128 127 129 132 133 133 133 130 128 127 131 134 133 133 134 136 138 138 140 143 145 145 144 142 140 134 128 126 133 142 146 146 146
112 115 117 117 117 117 119 122 125 128 131 133 135 136 136 136 135 135 135 134 132 132 132 132 134 139 141 142 143 145 144 144 143 144 145 145 144 141 139 135 135 134 131 129 128 127 128 128 128 129 129 130 132 133 133 131 129 128 128 133 134 132 133 133 135 137 139 141 144 145 145 144 144 144 140 136 134 138 145 150 151 149
113 116 119 119 119 119 121 124 128 131 134 137 138 139 139 138 138 139 138 137 136 135 135 136 138 142 144 146 147 149 148 147 147 144 145 145 144 144 143 143 140 140 138 136 134 131 130 129 129 129 130 130 131 132 133 132 130 131 133 134 132 133 133 134 135 137 140 143 145 146 146 145 146 147 145 144 143 145 150 153 153 151
113 116 119 120 120 121 124 129 133 135 137 139 140 141 140 139 138 139 139 139 138 138 138 140 142 145 147 148 149 149 148 144 141 142 142 142 141 141 142 143 142 142 140 139 138 136 134 130 129 129 130 131 131 132 132 132 132 135 135 135 134 134 134 135 137 139 141 144 147 149 151 150 150 150 149 149 149 152 156 157 156 156
112 114 117 120 122 123 126 130 134 136 138 140 142 143 143 140 139 139 140 141 141 141 142 144 145 147 148 148 148 147 142 137 137 136 137 138 138 137 138 140 142 144 143 142 140 137 136 132 130 130 131 132 131 131 131 132 136 137 137 136 135 134 136 138 140 143 144 147 150 153 154 156 157 156 156 156 156 157 160 161 162 166
110 110 112 116 122 125 126 129 132 134 135 138 141 143 143 141 139 139 140 142 145 146 146 148 150 151 152 150 147 142 133 129 134 138 142 141 140 139 139 140 140 140 140 141 140 139 137 134 132 132 133 134 133 134 134 134 136 137 138 138 138 138 139 142 145 147 148 151 154 157 158 159 160 159 160 159 159 161 163 163 166 169
106 102 102 110 121 125 127 128 129 132 135 138 142 143 143 142 141 141 143 145 148 149 151 154 155 157 158 156 148 138 120 122 134 141 143 143 142 141 143 141 138 136 137 137 137 137 137 134 134 135 136 138 137 138 137 135 136 137 140 141 141 144 144 146 148 150 151 155 157 159 159 161 162 162 161 162 162 163 165 169 169 167
101 85 87 106 121 128 131 133 133 134 136 139 142 143 144 144 143 143 145 147 149 152 155 159 161 162 163 161 155 146 138 136 145 146 146 147 146 145 146 143 139 135 135 134 134 135 134 134 135 136 138 139 139 140 139 138 139 139 142 143 147 149 149 150 149 152 154 156 158 159 159 160 162 163 165 164 164 165 169 170 167 165
102 87 91 110 123 132 136 137 137 137 138 140 141 143 145 145 143 143 144 147 151 156 161 163 166 168 168 168 164 158 152 152 153 153 153 151 151 150 148 144 140 136 134 133 132 133 133 134 135 136 138 140 141 140 140 141 140 140 143 148 151 153 153 153 153 154 156 157 159 159 158 160 162 164 165 165 165 165 168 167 165 168
108 103 106 113 123 133 136 136 136 135 136 137 139 141 144 145 143 142 142 145 151 159 164 166 168 170 172 172 169 164 162 161 161 157 156 154 153 152 148 143 139 136 135 133 132 132 133 132 133 135 137 140 142 142 143 144 142 144 147 150 154 155 154 154 154 155 158 160 161 162 161 162 163 164 164 164 164 164 165 165 167 167
108 110 112 114 120 127 131 131 131 132 133 134 137 138 141 142 142 140 141 142 148 156 161 164 167 170 171 172 170 167 167 168 168 164 162 159 156 153 148 143 139 136 134 134 133 132 132 132 136 138 138 139 140 140 142 143 146 148 150 153 155 155 154 153 154 156 160 162 164 165 166 165 165 164 164 164 165 164 163 165 166 166
105 108 110 112 116 121 124 125 126 127 129 130 131 132 134 136 138 140 140 141 144 150 155 159 162 164 167 169 170 168 165 164 163 161 160 157 154 151 146 143 138 135 132 134 134 131 133 136 138 140 140 139 138 140 142 144 148 151 152 154 155 155 155 155 156 158 161 163 166 167 169 167 166 166 165 165 165 164 164 164 165 166
101 104 106 109 112 115 119 120 122 123 125 127 128 129 132 134 136 140 142 143 144 147 150 153 157 158 160 162 163 162 161 156 153 152 152 150 148 146 143 140 137 133 131 131 131 133 136 139 140 140 141 142 142 143 145 148 150 153 155 155 154 154 156 155 154 157 161 164 166 168 168 167 166 165 164 163 164 165 165 164 165 166
99 100 101 105 109 112 115 117 118 120 123 125 126 128 130 133 135 140 143 144 145 146 147 149 151 152 152 153 154 154 153 149 146 144 143 142 142 141 138 135 133 132 134 135 137 138 139 140 140 140 142 146 147 148 149 150 153 155 156 153 153 154 155 154 154 157 160 165 167 169 169 167 166 165 164 163 164 167 166 164 165 167
99 99 101 104 109 112 115 116 117 120 123 126 127 128 132 134 137 141 145 147 147 147 147 146 146 145 145 145 146 145 144 141 139 138 137 136 136 136 134 132 132 135 138 140 142 143 141 139 138 139 143 149 150 150 150 150 153 154 155 154 155 156 155 154 154 154 160 165 169 171 170 169 168 166 163 161 165 166 165 164 164 168
100 102 103 107 110 114 117 118 119 121 123 127 130 132 136 140 143 146 148 149 148 146 144 141 139 138 137 137 137 136 135 134 133 132 132 132 132 132 131 130 132 136 140 144 145 146 142 139 139 138 142 146 148 149 148 148 154 156 157 158 158 157 155 155 155 154 159 165 170 171 170 169 168 166 161 159 164 167 166 165 166 169
100 102 105 111 113 116 118 119 121 122 124 129 132 137 143 145 147 149 149 148 146 143 140 135 132 131 129 130 129 128 127 128 128 127 127 129 130 129 130 130 132 135 140 143 144 144 141 143 142 138 140 144 147 149 149 151 156 158 158 158 158 157 155 155 155 155 160 164 168 168 167 167 166 165 161 160 165 167 168 168 172 175
100 101 104 110 113 116 118 119 121 124 126 129 133 137 142 146 147 148 146 145 144 141 138 133 128 127 126 125 123 122 121 120 121 122 122 124 126 128 131 132 132 135 138 141 143 142 145 147 146 142 142 146 151 153 152 154 157 158 158 158 158 156 156 155 155 156 159 164 165 164 163 163 164 165 164 164 165 168 170 174 176 175
97 98 102 106 111 114 115 117 120 122 123 126 129 132 137 143 145 145 143 142 142 140 136 132 128 125 124 122 120 121 122 121 118 118 120 122 125 129 132 134 134 135 138 141 143 143 147 150 150 147 146 149 153 154 153 153 155 156 157 158 157 157 157 156 156 158 160 163 163 161 159 158 159 163 166 167 165 167 172 174 174 174
93 95 98 103 107 109 110 112 116 119 118 120 124 126 130 138 139 140 139 138 139 138 134 129 126 123 121 120 121 121 119 120 119 118 120 122 126 130 134 136 138 137 137 139 143 144 148 151 152 150 151 152 153 154 153 152 153 154 155 156 157 158 157 158 158 159 161 162 161 159 158 156 153 160 165 166 164 165 170 173 173 173
93 93 96 101 105 107 108 109 114 117 116 115 121 125 128 132 134 134 133 135 136 134 130 126 123 121 119 120 122 120 119 120 119 120 123 125 129 133 137 140 141 139 136 136 141 145 149 152 154 155 155 153 151 151 149 149 152 154 153 155 158 159 160 159 160 161 162 162 160 159 159 158 157 162 165 166 164 163 166 171 172 173
90 91 95 101 104 105 108 112 114 118 119 121 124 127 129 130 130 130 129 131 132 131 128 124 122 120 120 120 121 121 123 124 125 125 127 129 133 138 143 146 145 141 138 138 138 144 149 153 156 157 155 152 150 146 143 144 149 153 153 156 159 160 160 160 161 162 163 163 161 160 161 162 161 163 166 165 162 159 159 166 170 170
