data/studyarea/bio19.asc
NCOLS 462 
NROWS 586 
XLLCORNER -113 
YLLCORNER -53.1666666666667 
CELLSIZE 0.166666666666667 
NODATA_value -9999 
[rows 72 to 107 of 586, columns 0 to 81 of 462]
-9999 -9999 -9999 -9999 -9999 -9999 -9999 -9999 -9999 -9999 -9999 -9999 -9999 -9999 -9999 -9999 -9999 -9999 -9999 -9999 68 62 66 81 70 68 76 80 67 59 53 51 48 46 46 44 41 40 48 38 37 38 40 43 39 38 32 32 30 28 31 32 32 33 32 32 32 31 32 33 35 35 36 37 40 43 46 47 49 52 53 56 60 66 73 76 79 80 83 85 90 95
-9999 -9999 -9999 -9999 -9999 -9999 -9999 -9999 -9999 -9999 -9999 -9999 -9999 -9999 -9999 -9999 -9999 -9999 -9999 -9999 -9999 68 63 69 67 69 62 62 60 55 50 46 43 41 42 41 39 37 46 36 36 37 40 41 35 31 29 26 24 24 28 33 35 33 32 31 31 30 31 32 34 34 35 38 41 44 48 49 49 52 55 57 60 66 73 76 79 81 83 85 89 95
-9999 -9999 -9999 -9999 -9999 -9999 -9999 -9999 -9999 -9999 -9999 -9999 -9999 -9999 -9999 -9999 -9999 -9999 -9999 -9999 -9999 -9999 88 63 66 68 60 55 55 51 46 42 44 37 38 39 37 36 36 35 35 36 41 38 34 29 26 24 20 22 24 31 33 33 33 31 31 29 30 31 32 34 35 37 42 44 45 48 49 54 57 60 62 66 72 74 75 78 82 84 89 95
-9999 -9999 -9999 -9999 -9999 -9999 -9999 -9999 -9999 -9999 -9999 -9999 -9999 -9999 -9999 -9999 -9999 -9999 -9999 -9999 -9999 -9999 -9999 71 69 62 55 58 53 52 44 40 34 34 36 37 36 36 35 36 33 35 38 34 31 27 25 23 22 17 23 29 32 32 32 30 29 29 27 29 32 34 36 38 43 43 43 46 48 53 57 61 65 69 71 72 75 78 81 86 90 94
-9999 -9999 -9999 -9999 -9999 -9999 -9999 -9999 -9999 -9999 -9999 -9999 -9999 -9999 -9999 -9999 -9999 -9999 -9999 -9999 -9999 -9999 -9999 -9999 -9999 67 56 53 52 48 42 37 32 32 32 33 34 35 36 35 34 32 34 33 30 27 24 23 21 15 21 26 30 32 32 30 30 29 27 29 33 34 35 37 41 42 44 46 48 52 57 60 64 69 73 74 76 80 83 87 91 95
-9999 -9999 -9999 -9999 -9999 -9999 -9999 -9999 -9999 -9999 -9999 -9999 -9999 -9999 -9999 -9999 -9999 -9999 -9999 -9999 -9999 -9999 -9999 -9999 -9999 -9999 -9999 58 50 46 43 36 33 31 30 30 31 33 36 35 32 30 31 32 30 27 24 22 23 19 19 26 29 32 32 33 31 30 30 31 34 35 37 38 41 42 45 47 50 52 56 60 66 67 70 73 76 81 86 88 91 95
-9999 -9999 -9999 -9999 -9999 -9999 -9999 -9999 -9999 -9999 -9999 -9999 -9999 -9999 -9999 -9999 -9999 -9999 -9999 -9999 -9999 -9999 -9999 -9999 -9999 -9999 -9999 -9999 -9999 47 44 41 33 30 28 27 29 31 33 34 31 27 28 29 29 28 25 22 23 25 24 28 30 33 34 34 33 32 32 33 35 35 37 38 39 42 45 47 51 54 57 62 66 68 69 70 76 79 85 87 90 94
-9999 -9999 -9999 -9999 -9999 -9999 -9999 -9999 -9999 -9999 -9999 -9999 -9999 -9999 -9999 -9999 -9999 -9999 -9999 -9999 -9999 -9999 -9999 -9999 -9999 -9999 -9999 -9999 -9999 -9999 48 43 35 30 27 25 26 29 31 33 31 27 28 27 27 28 27 25 24 28 28 28 32 34 36 36 35 34 35 35 35 36 37 38 42 43 45 49 53 56 60 64 68 71 70 71 77 80 84 88 90 95
-9999 -9999 -9999 -9999 -9999 -9999 -9999 -9999 -9999 -9999 -9999 -9999 -9999 -9999 -9999 -9999 -9999 -9999 -9999 -9999 -9999 -9999 -9999 -9999 -9999 -9999 65 58 54 50 50 44 36 31 27 27 26 28 30 30 30 27 30 24 22 26 27 27 28 32 31 31 32 34 37 38 38 37 37 37 37 37 37 38 40 43 46 48 53 57 60 64 68 71 72 74 77 79 82 85 88 94
-9999 -9999 -9999 -9999 -9999 -9999 -9999 -9999 -9999 -9999 -9999 -9999 -9999 -9999 -9999 -9999 -9999 -9999 -9999 -9999 -9999 -9999 64 78 77 66 62 59 54 49 46 42 36 31 28 27 26 27 29 29 29 31 28 28 22 21 25 28 28 31 31 31 32 34 36 39 38 38 37 38 38 38 39 38 40 41 42 47 50 54 59 63 67 71 72 74 76 78 81 83 87 93
-9999 -9999 -9999 -9999 -9999 -9999 -9999 -9999 -9999 -9999 -9999 -9999 -9999 -9999 -9999 -9999 -9999 -9999 -9999 -9999 75 75 75 68 77 70 65 60 53 47 42 40 35 32 29 26 25 26 25 27 29 30 28 28 28 23 23 26 27 31 32 32 31 34 35 37 38 39 38 38 39 38 38 40 41 41 42 44 49 53 57 61 65 69 71 74 77 79 81 84 87 91
-9999 -9999 -9999 -9999 -9999 -9999 -9999 -9999 -9999 -9999 -9999 -9999 -9999 -9999 -9999 -9999 -9999 -9999 80 104 96 81 90 85 73 72 70 60 52 46 39 38 35 32 29 28 26 25 23 25 30 31 29 25 24 22 22 23 26 29 32 30 30 31 32 35 37 37 38 38 39 39 39 38 38 39 41 44 47 52 56 60 64 67 71 75 78 80 82 84 87 93
-9999 -9999 -9999 -9999 -9999 -9999 -9999 -9999 -9999 -9999 -9999 -9999 -9999 -9999 -9999 -9999 94 84 94 106 108 83 89 95 77 74 67 58 49 44 39 35 32 32 30 28 27 24 23 25 31 31 28 22 19 19 19 21 23 27 28 29 28 27 28 34 37 37 40 40 41 39 39 38 38 39 40 42 47 50 55 58 62 66 71 75 79 82 85 87 92 96
-9999 -9999 -9999 -9999 -9999 -9999 -9999 -9999 -9999 -9999 -9999 -9999 -9999 -9999 -9999 110 94 113 107 99 115 93 92 97 86 80 69 55 47 44 38 35 33 30 30 30 26 25 23 23 27 27 23 20 17 15 16 17 20 24 26 27 27 27 30 33 37 37 37 37 38 38 37 36 36 38 39 42 46 50 52 57 60 65 71 75 79 84 88 92 96 102
-9999 -9999 -9999 -9999 -9999 -9999 -9999 -9999 -9999 -9999 -9999 -9999 -9999 -9999 100 106 93 106 94 83 116 98 96 105 100 88 73 56 47 49 41 37 33 31 29 29 28 27 26 24 23 22 17 15 12 12 12 15 19 22 24 25 28 28 30 33 35 35 35 36 37 36 34 34 34 35 38 42 45 49 52 55 59 63 69 74 82 86 91 96 101 106
-9999 -9999 -9999 -9999 -9999 -9999 -9999 -9999 -9999 -9999 -9999 -9999 -9999 83 83 105 87 107 98 75 103 105 106 110 110 103 88 77 82 58 51 45 36 33 30 30 27 26 26 26 25 20 16 13 10 9 10 14 18 22 24 25 26 28 30 32 33 34 33 36 34 32 33 32 33 34 37 41 45 47 50 52 56 62 69 76 81 87 92 98 104 109
-9999 -9999 -9999 -9999 -9999 -9999 -9999 -9999 -9999 -9999 -9999 -9999 65 77 83 96 92 85 105 96 92 112 109 114 116 120 110 109 112 81 58 48 45 32 32 26 28 23 25 26 24 21 16 12 8 7 9 14 17 20 23 24 25 27 29 29 32 33 33 31 31 31 31 31 32 32 35 40 44 46 46 49 52 59 66 74 81 86 93 97 102 109
-9999 -9999 -9999 -9999 -9999 -9999 -9999 -9999 -9999 -9999 -9999 70 72 79 83 79 92 83 98 100 99 112 114 117 118 117 132 143 121 110 84 55 56 36 38 27 32 32 25 24 21 19 14 11 8 10 11 15 18 19 20 24 25 26 28 29 30 32 32 32 30 31 32 31 29 30 33 36 40 44 42 44 48 56 65 74 82 87 92 95 99 105
-9999 -9999 -9999 -9999 -9999 -9999 -9999 -9999 -9999 -9999 -9999 76 80 83 82 73 82 93 92 95 100 118 106 110 109 120 138 138 133 120 84 63 61 39 39 30 31 35 30 22 20 17 13 11 11 12 14 20 18 19 20 21 22 25 27 28 27 31 32 32 33 30 31 30 31 28 29 32 35 38 39 40 48 54 63 73 79 84 89 91 94 101
-9999 -9999 -9999 -9999 -9999 -9999 -9999 -9999 -9999 -9999 56 65 73 76 79 75 79 89 99 88 97 106 99 109 110 131 126 156 146 123 94 68 66 41 38 32 30 31 33 24 19 17 14 13 14 14 17 22 22 20 22 17 21 26 24 21 21 28 38 28 29 36 32 29 30 28 25 29 32 35 39 44 52 57 64 73 78 81 83 88 92 100
-9999 -9999 -9999 -9999 -9999 -9999 -9999 -9999 -9999 46 48 49 55 64 71 70 84 80 95 96 104 95 85 107 121 107 131 146 124 109 81 68 57 42 40 33 32 31 33 25 20 19 17 16 15 16 17 19 20 19 20 21 26 29 24 19 22 21 25 27 27 35 40 30 32 38 28 28 30 34 39 48 56 60 65 71 74 77 79 84 89 94
-9999 -9999 -9999 -9999 -9999 -9999 -9999 -9999 43 43 42 46 55 64 66 68 73 78 90 96 107 103 96 99 114 93 123 123 122 96 73 61 56 42 42 35 34 33 33 26 21 20 19 19 17 16 17 19 20 19 20 25 29 29 26 25 23 22 23 29 28 29 40 33 33 34 28 28 30 32 38 45 53 59 64 67 71 72 74 78 83 90
-9999 -9999 -9999 -9999 -9999 -9999 -9999 36 40 39 40 48 61 67 65 70 78 85 88 98 102 115 114 106 115 95 111 110 120 83 69 67 57 47 36 33 33 32 30 26 22 22 24 20 19 18 22 22 20 19 20 23 28 28 26 31 29 26 25 27 30 30 32 32 30 31 27 27 30 32 36 42 47 54 60 63 67 70 72 76 80 85
-9999 -9999 -9999 -9999 -9999 -9999 36 37 37 36 37 44 72 72 69 75 74 83 84 102 99 113 129 116 116 99 99 96 114 105 79 72 55 43 39 36 31 27 24 24 22 22 22 22 20 19 23 22 20 20 22 22 25 26 27 29 34 31 30 29 29 30 37 34 34 27 28 29 31 32 35 40 46 52 56 59 64 69 72 75 78 81
-9999 -9999 -9999 -9999 -9999 -9999 -9999 35 34 33 35 41 66 47 44 61 69 81 80 94 96 112 120 130 119 104 99 97 116 120 98 76 62 47 44 39 29 25 23 20 21 22 21 22 21 21 21 21 22 22 25 25 27 27 26 28 30 31 32 33 32 32 37 34 35 35 32 34 33 32 33 39 46 51 54 56 61 67 72 78 81 79
-9999 -9999 -9999 -9999 -9999 -9999 -9999 -9999 -9999 33 34 36 40 27 31 57 63 70 70 84 91 102 110 126 118 109 101 108 138 136 117 102 87 60 54 41 32 23 22 20 19 21 21 22 23 21 22 21 21 26 27 28 29 29 27 29 31 32 32 39 34 35 35 36 35 36 36 39 39 35 36 39 47 54 53 52 58 64 72 77 82 80
-9999 -9999 -9999 -9999 -9999 -9999 -9999 -9999 -9999 -9999 38 43 29 29 28 50 57 61 63 70 83 98 111 122 116 112 108 109 132 138 130 116 101 80 64 49 36 27 23 21 20 20 21 21 21 22 22 22 24 25 27 29 29 28 29 29 31 33 33 36 37 36 36 36 36 37 39 45 45 41 40 42 46 49 47 51 56 62 68 73 78 80
-9999 -9999 -9999 -9999 -9999 -9999 -9999 -9999 -9999 30 31 32 31 26 29 43 62 60 60 64 79 90 106 119 116 116 110 112 126 132 132 128 112 96 73 51 43 29 26 22 20 19 20 22 23 22 23 24 25 27 29 30 28 28 29 32 33 32 33 35 35 36 35 36 36 37 39 46 49 47 42 42 45 47 46 50 55 60 63 67 70 73
-9999 -9999 -9999 -9999 -9999 -9999 -9999 -9999 -9999 -9999 -9999 -9999 -9999 -9999 33 37 54 52 55 62 73 86 101 113 113 117 104 113 126 128 132 137 117 98 79 57 54 35 27 26 22 23 24 24 23 24 24 25 26 26 29 29 28 29 32 33 35 34 33 34 34 37 35 34 36 36 39 43 45 47 44 45 46 46 47 50 54 59 59 57 62 70
-9999 -9999 46 38 23 -9999 -9999 -9999 -9999 -9999 -9999 -9999 -9999 -9999 34 36 38 41 44 54 64 69 80 104 107 112 107 115 126 141 136 128 123 102 79 62 48 36 30 27 25 25 24 22 23 23 23 23 25 25 28 28 29 31 34 35 38 36 36 35 33 38 37 34 36 36 38 43 46 48 46 46 48 50 49 52 55 60 57 52 59 66
-9999 -9999 48 37 22 -9999 24 -9999 -9999 -9999 -9999 -9999 -9999 -9999 33 34 34 33 35 40 46 55 67 83 94 112 110 113 116 136 141 128 117 103 88 73 55 39 38 28 27 26 26 25 24 24 23 23 24 26 27 28 29 33 35 39 41 38 35 35 33 36 37 32 33 34 37 41 45 47 46 45 49 54 51 52 54 56 54 51 59 66
-9999 40 46 37 25 25 -9999 -9999 -9999 -9999 -9999 -9999 -9999 -9999 33 33 31 30 30 32 39 45 58 70 86 99 87 111 115 137 131 126 102 87 69 57 63 49 48 33 29 28 26 28 26 23 22 21 23 25 27 27 29 33 36 39 40 38 34 33 32 33 36 31 30 34 36 39 45 45 45 46 48 52 52 51 51 48 47 51 58 63
-9999 45 61 48 34 25 24 -9999 -9999 -9999 -9999 -9999 -9999 -9999 -9999 -9999 31 30 30 35 42 45 57 76 93 101 100 113 114 127 122 129 126 91 80 66 73 62 55 36 31 30 29 31 28 23 22 20 21 22 25 26 29 31 33 36 35 33 34 31 32 32 36 37 32 32 34 37 43 45 45 45 47 49 50 49 49 46 48 52 57 64
-9999 46 59 67 41 27 28 30 -9999 -9999 -9999 -9999 -9999 -9999 -9999 -9999 -9999 -9999 37 42 45 46 53 71 82 98 109 116 117 112 101 110 122 99 89 79 87 75 63 42 32 33 29 27 26 23 22 21 21 23 23 25 27 29 32 33 32 31 34 30 29 29 30 29 28 29 31 32 37 40 41 44 44 47 50 50 48 46 49 54 60 64
-9999 46 54 61 51 37 34 36 36 -9999 -9999 -9999 -9999 -9999 -9999 -9999 -9999 -9999 43 45 45 46 50 59 67 79 92 103 109 119 126 113 118 128 100 113 99 85 73 56 38 37 35 27 26 25 25 24 22 22 22 22 26 28 29 30 31 31 30 32 32 31 31 31 29 29 29 31 31 33 33 38 41 45 48 49 48 45 51 57 62 63
51 48 47 48 55 61 47 37 35 34 -9999 -9999 -9999 -9999 -9999 -9999 -9999 -9999 -9999 -9999 -9999 46 48 53 63 66 77 93 109 112 137 146 134 150 141 128 113 96 84 73 53 49 34 28 27 25 25 23 22 21 20 22 24 25 27 28 30 28 30 29 32 27 26 26 27 28 29 29 28 27 28 32 38 44 46 49 49 45 57 65 64 65
