data/studyarea/bio15.asc
NCOLS 462 
NROWS 586 
XLLCORNER -113 
YLLCORNER -53.1666666666667 
CELLSIZE 0.166666666666667 
NODATA_value -9999 
[rows 266 to 303 of 586, columns 336 to 419 of 462]
49 49 49 49 50 50 50 51 51 52 52 53 53 53 53 52 52 51 50 49 48 48 48 48 48 48 48 48 48 49 51 53 56 59 62 64 -9999 -9999 -9999 -9999 -9999 -9999 -9999 -9999 -9999 -9999 -9999 -9999 -9999 -9999 -9999 -9999 -9999 -9999 -9999 -9999 -9999 -9999 -9999 -9999 -9999 -9999 -9999 -9999 -9999 -9999 -9999 -9999 -9999 -9999 -9999 -9999 -9999 -9999 -9999 -9999 -9999 -9999 -9999 -9999 -9999 -9999 -9999 -9999
48 48 48 48 48 49 49 50 50 51 51 52 52 53 53 52 52 51 49 48 48 48 48 49 49 49 49 49 50 51 53 55 56 58 60 61 61 62 -9999 -9999 -9999 -9999 -9999 -9999 -9999 -9999 -9999 -9999 -9999 -9999 -9999 -9999 -9999 -9999 -9999 -9999 -9999 -9999 -9999 -9999 -9999 -9999 -9999 -9999 -9999 -9999 -9999 -9999 -9999 -9999 -9999 -9999 -9999 -9999 -9999 -9999 -9999 -9999 -9999 -9999 -9999 -9999 -9999 -9999
47 47 47 47 48 48 48 49 49 50 51 51 52 53 53 53 52 51 49 48 48 48 48 49 49 50 50 50 50 52 53 54 55 56 57 58 58 59 61 62 -9999 -9999 -9999 -9999 -9999 -9999 -9999 -9999 -9999 -9999 -9999 -9999 -9999 -9999 -9999 -9999 -9999 -9999 -9999 -9999 -9999 -9999 -9999 -9999 -9999 -9999 -9999 -9999 -9999 -9999 -9999 -9999 -9999 -9999 -9999 -9999 -9999 -9999 -9999 -9999 -9999 -9999 -9999 -9999
47 47 47 47 47 47 47 48 49 49 50 51 52 53 53 53 53 51 49 48 48 48 48 49 49 50 51 51 51 52 52 53 53 54 53 54 55 55 57 59 60 63 -9999 -9999 -9999 -9999 -9999 -9999 -9999 -9999 -9999 -9999 -9999 -9999 -9999 -9999 -9999 -9999 -9999 -9999 -9999 -9999 -9999 -9999 -9999 -9999 -9999 -9999 -9999 -9999 -9999 -9999 -9999 -9999 -9999 -9999 -9999 -9999 -9999 -9999 -9999 -9999 -9999 -9999
47 47 46 46 46 47 47 47 48 49 50 51 52 53 54 54 54 52 51 49 49 49 49 49 49 51 52 52 51 51 51 51 50 50 50 50 50 51 53 54 57 60 62 -9999 -9999 -9999 -9999 -9999 -9999 -9999 -9999 -9999 -9999 -9999 -9999 -9999 -9999 -9999 -9999 -9999 -9999 -9999 -9999 -9999 -9999 -9999 -9999 -9999 -9999 -9999 -9999 -9999 -9999 -9999 -9999 -9999 -9999 -9999 -9999 -9999 -9999 -9999 -9999 -9999
47 47 46 46 46 46 46 47 48 48 50 51 52 54 55 56 55 54 52 51 50 50 50 50 50 51 52 52 51 51 50 49 48 47 46 46 46 47 48 50 53 56 59 62 -9999 -9999 -9999 -9999 -9999 -9999 -9999 -9999 -9999 -9999 -9999 -9999 -9999 -9999 -9999 -9999 -9999 -9999 -9999 -9999 -9999 -9999 -9999 -9999 -9999 -9999 -9999 -9999 -9999 -9999 -9999 -9999 -9999 -9999 -9999 -9999 -9999 -9999 -9999 -9999
47 47 47 47 46 46 46 47 48 49 49 50 52 53 56 58 57 55 54 52 52 51 51 51 51 52 52 52 51 50 49 47 46 44 43 42 42 42 43 44 48 53 57 60 62 -9999 -9999 -9999 -9999 -9999 -9999 -9999 -9999 -9999 -9999 -9999 -9999 -9999 -9999 -9999 -9999 -9999 -9999 -9999 -9999 -9999 -9999 -9999 -9999 -9999 -9999 -9999 -9999 -9999 -9999 -9999 -9999 -9999 -9999 -9999 -9999 -9999 -9999 -9999
48 48 48 48 47 47 47 48 48 49 49 50 51 53 55 58 57 56 54 54 53 53 52 51 52 52 52 52 51 50 49 47 45 42 40 39 40 39 38 40 45 50 55 59 61 64 -9999 -9999 -9999 -9999 -9999 -9999 -9999 -9999 -9999 -9999 -9999 -9999 -9999 -9999 -9999 -9999 -9999 -9999 -9999 -9999 -9999 -9999 -9999 -9999 -9999 -9999 -9999 -9999 -9999 -9999 -9999 -9999 -9999 -9999 -9999 -9999 -9999 -9999
50 50 50 50 49 49 49 50 50 50 50 50 50 52 54 56 57 57 56 56 55 54 53 52 52 53 53 53 52 51 50 47 45 41 39 39 40 40 38 39 45 50 55 58 61 64 66 -9999 -9999 -9999 -9999 -9999 -9999 -9999 -9999 -9999 -9999 -9999 -9999 -9999 -9999 -9999 -9999 -9999 -9999 -9999 -9999 -9999 -9999 -9999 -9999 -9999 -9999 -9999 -9999 -9999 -9999 -9999 -9999 -9999 -9999 -9999 -9999 -9999
53 53 53 52 52 51 52 52 52 52 51 50 50 51 53 55 57 58 59 58 58 57 56 55 54 55 55 55 54 53 51 49 46 44 42 42 43 43 42 44 48 52 56 58 61 63 65 66 -9999 -9999 -9999 -9999 -9999 -9999 -9999 -9999 -9999 -9999 -9999 -9999 -9999 -9999 -9999 -9999 -9999 -9999 -9999 -9999 -9999 -9999 -9999 -9999 -9999 -9999 -9999 -9999 -9999 -9999 -9999 -9999 -9999 -9999 -9999 -9999
56 55 55 55 54 54 54 55 55 55 54 52 51 51 53 56 58 60 61 61 60 59 58 57 57 57 57 56 55 54 53 51 49 48 46 46 46 47 48 50 52 55 58 60 61 63 65 65 -9999 -9999 -9999 -9999 -9999 -9999 -9999 -9999 -9999 -9999 -9999 -9999 -9999 -9999 -9999 -9999 -9999 -9999 -9999 -9999 -9999 -9999 -9999 -9999 -9999 -9999 -9999 -9999 -9999 -9999 -9999 -9999 -9999 -9999 -9999 -9999
59 58 57 57 56 57 57 58 58 58 56 55 55 55 56 58 61 63 64 64 63 62 61 60 60 59 58 57 57 55 54 53 52 52 51 50 50 50 52 55 56 58 60 61 62 63 64 63 62 -9999 -9999 -9999 -9999 -9999 -9999 -9999 -9999 -9999 -9999 -9999 -9999 -9999 -9999 -9999 -9999 -9999 -9999 -9999 -9999 -9999 -9999 -9999 -9999 -9999 -9999 -9999 -9999 -9999 -9999 -9999 -9999 -9999 -9999 -9999
62 60 59 59 58 59 59 61 62 61 59 59 59 59 60 62 64 67 67 66 66 65 64 63 63 61 59 58 57 56 56 55 55 55 56 55 53 53 56 59 61 62 64 63 63 63 63 63 63 -9999 -9999 -9999 -9999 -9999 -9999 -9999 -9999 -9999 -9999 -9999 -9999 -9999 -9999 -9999 -9999 -9999 -9999 -9999 -9999 -9999 -9999 -9999 -9999 -9999 -9999 -9999 -9999 -9999 -9999 -9999 -9999 -9999 -9999 -9999
61 61 60 60 60 60 61 62 63 62 62 62 63 63 64 65 67 69 68 68 68 67 66 66 65 63 61 58 57 57 57 57 58 59 60 59 56 55 60 63 64 65 65 64 63 63 64 65 65 64 -9999 -9999 -9999 -9999 -9999 -9999 -9999 -9999 -9999 -9999 -9999 -9999 -9999 -9999 -9999 -9999 -9999 -9999 -9999 -9999 -9999 -9999 -9999 -9999 -9999 -9999 -9999 -9999 -9999 -9999 -9999 -9999 -9999 -9999
60 60 60 60 60 60 61 62 63 63 63 64 66 67 68 67 68 69 70 70 70 69 69 68 67 65 62 59 58 58 58 59 60 61 62 62 60 61 65 66 66 67 67 66 64 64 67 68 68 67 -9999 -9999 -9999 -9999 -9999 -9999 -9999 -9999 -9999 -9999 -9999 -9999 -9999 -9999 -9999 -9999 -9999 -9999 -9999 -9999 -9999 -9999 -9999 -9999 -9999 -9999 -9999 -9999 -9999 -9999 -9999 -9999 -9999 -9999
57 57 57 58 59 60 61 62 62 63 64 65 67 70 70 68 67 68 70 71 72 71 70 70 69 67 64 61 60 59 60 60 61 62 62 63 64 65 67 68 69 69 68 68 67 69 71 71 71 70 70 -9999 -9999 -9999 -9999 -9999 -9999 -9999 -9999 -9999 -9999 -9999 -9999 -9999 -9999 -9999 -9999 -9999 -9999 -9999 -9999 -9999 -9999 -9999 -9999 -9999 -9999 -9999 -9999 -9999 -9999 -9999 -9999 -9999
53 52 54 56 57 59 60 61 62 63 63 64 66 70 69 67 66 68 70 72 73 73 73 72 71 69 66 64 62 62 62 62 62 62 63 64 65 67 69 70 70 71 70 70 71 73 76 75 74 73 72 -9999 -9999 -9999 -9999 -9999 -9999 -9999 -9999 -9999 -9999 -9999 -9999 -9999 -9999 -9999 -9999 -9999 -9999 -9999 -9999 -9999 -9999 -9999 -9999 -9999 -9999 -9999 -9999 -9999 -9999 -9999 -9999 -9999
50 50 52 54 56 58 59 60 61 62 62 64 66 70 69 66 66 67 70 72 73 73 74 75 74 72 69 67 65 64 64 64 63 63 63 64 66 68 70 72 72 72 72 73 74 75 76 77 76 75 75 -9999 -9999 -9999 -9999 -9999 -9999 -9999 -9999 -9999 -9999 -9999 -9999 -9999 -9999 -9999 -9999 -9999 -9999 -9999 -9999 -9999 -9999 -9999 -9999 -9999 -9999 -9999 -9999 -9999 -9999 -9999 -9999 -9999
48 50 51 53 56 58 59 60 61 61 62 64 65 68 67 66 65 66 69 70 72 74 77 79 79 76 72 69 67 66 66 65 65 64 64 65 66 69 70 72 73 73 74 74 75 76 77 78 77 77 77 -9999 -9999 -9999 -9999 -9999 -9999 -9999 -9999 -9999 -9999 -9999 -9999 -9999 -9999 -9999 -9999 -9999 -9999 -9999 -9999 -9999 -9999 -9999 -9999 -9999 -9999 -9999 -9999 -9999 -9999 -9999 -9999 -9999
48 49 51 54 57 59 60 60 60 60 62 62 63 65 65 65 65 66 67 69 71 75 80 85 85 80 75 71 68 68 69 68 66 66 67 67 68 70 71 73 74 74 75 75 76 77 78 78 79 79 79 -9999 -9999 -9999 -9999 -9999 -9999 -9999 -9999 -9999 -9999 -9999 -9999 -9999 -9999 -9999 -9999 -9999 -9999 -9999 -9999 -9999 -9999 -9999 -9999 -9999 -9999 -9999 -9999 -9999 -9999 -9999 -9999 -9999
47 49 50 54 60 61 61 61 60 60 61 61 62 63 64 64 64 65 66 67 70 74 79 87 87 81 75 72 69 68 70 69 67 68 69 69 70 71 72 74 74 75 76 76 77 78 78 79 79 80 81 -9999 -9999 -9999 -9999 -9999 -9999 -9999 -9999 -9999 -9999 -9999 -9999 -9999 -9999 -9999 -9999 -9999 -9999 -9999 -9999 -9999 -9999 -9999 -9999 -9999 -9999 -9999 -9999 -9999 -9999 -9999 -9999 -9999
47 48 50 57 64 63 61 60 60 60 61 60 61 62 63 63 63 64 64 65 67 70 76 81 81 78 75 71 69 68 67 68 69 71 72 72 72 73 74 75 75 75 76 77 77 78 79 79 80 81 82 83 -9999 -9999 -9999 -9999 -9999 -9999 -9999 -9999 -9999 -9999 -9999 -9999 -9999 -9999 -9999 -9999 -9999 -9999 -9999 -9999 -9999 -9999 -9999 -9999 -9999 -9999 -9999 -9999 -9999 -9999 -9999 -9999
47 49 52 57 61 61 60 59 58 60 60 59 60 61 62 63 63 63 63 63 63 66 71 75 77 75 73 70 68 65 64 66 70 76 77 76 75 75 75 75 76 76 76 77 77 78 79 80 81 82 82 84 -9999 -9999 -9999 -9999 -9999 -9999 -9999 -9999 -9999 -9999 -9999 -9999 -9999 -9999 -9999 -9999 -9999 -9999 -9999 -9999 -9999 -9999 -9999 -9999 -9999 -9999 -9999 -9999 -9999 -9999 -9999 -9999
48 49 52 55 57 57 57 56 57 57 58 58 59 61 62 63 63 63 62 61 61 64 68 72 73 72 71 68 66 64 63 64 69 76 77 76 76 76 75 76 76 76 76 77 78 78 79 81 82 83 83 85 -9999 -9999 -9999 -9999 -9999 -9999 -9999 -9999 -9999 -9999 -9999 -9999 -9999 -9999 -9999 -9999 -9999 -9999 -9999 -9999 -9999 -9999 -9999 -9999 -9999 -9999 -9999 -9999 -9999 -9999 -9999 -9999
49 49 51 53 54 54 54 54 54 54 56 57 59 60 62 63 63 62 62 62 62 64 66 69 71 70 69 67 65 63 63 63 67 72 75 76 76 76 76 76 76 76 77 77 78 79 80 81 82 83 84 85 -9999 -9999 -9999 -9999 -9999 -9999 -9999 -9999 -9999 -9999 -9999 -9999 -9999 -9999 -9999 -9999 -9999 -9999 -9999 -9999 -9999 -9999 -9999 -9999 -9999 -9999 -9999 -9999 -9999 -9999 -9999 -9999
49 49 50 51 52 52 52 52 52 53 54 56 58 60 61 62 62 62 62 62 63 64 66 68 69 68 67 66 64 64 63 64 67 71 73 75 75 75 76 75 75 76 76 77 78 79 80 81 82 83 84 -9999 -9999 -9999 -9999 -9999 -9999 -9999 -9999 -9999 -9999 -9999 -9999 -9999 -9999 -9999 -9999 -9999 -9999 -9999 -9999 -9999 -9999 -9999 -9999 -9999 -9999 -9999 -9999 -9999 -9999 -9999 -9999 -9999
48 48 49 49 51 52 52 50 50 52 54 56 58 59 61 61 62 62 63 63 63 64 65 66 67 67 66 65 65 64 65 66 68 70 72 74 75 75 75 75 75 76 76 77 78 79 80 81 82 83 84 -9999 -9999 -9999 -9999 -9999 -9999 -9999 -9999 -9999 -9999 -9999 -9999 -9999 -9999 -9999 -9999 -9999 -9999 -9999 -9999 -9999 -9999 -9999 -9999 -9999 -9999 -9999 -9999 -9999 -9999 -9999 -9999 -9999
48 48 48 48 48 49 49 50 50 52 54 56 58 59 61 62 63 63 63 64 64 64 65 66 66 66 66 65 65 65 65 67 68 70 72 73 74 74 74 75 75 76 76 77 78 79 80 81 82 83 84 -9999 -9999 -9999 -9999 -9999 -9999 -9999 -9999 -9999 -9999 -9999 -9999 -9999 -9999 -9999 -9999 -9999 -9999 -9999 -9999 -9999 -9999 -9999 -9999 -9999 -9999 -9999 -9999 -9999 -9999 -9999 -9999 -9999
47 47 47 46 46 47 48 49 51 53 55 57 59 60 62 63 63 63 63 64 64 64 65 66 65 66 65 65 65 65 66 67 69 71 72 72 73 74 74 74 75 75 76 77 78 79 80 81 82 83 84 -9999 -9999 -9999 -9999 -9999 -9999 -9999 -9999 -9999 -9999 -9999 -9999 -9999 -9999 -9999 -9999 -9999 -9999 -9999 -9999 -9999 -9999 -9999 -9999 -9999 -9999 -9999 -9999 -9999 -9999 -9999 -9999 -9999
48 47 47 46 46 47 49 50 52 54 55 57 59 61 63 63 63 63 63 64 64 64 65 65 65 65 65 65 65 66 66 68 70 71 72 72 72 73 73 74 74 75 76 76 77 78 80 81 81 82 83 -9999 -9999 -9999 -9999 -9999 -9999 -9999 -9999 -9999 -9999 -9999 -9999 -9999 -9999 -9999 -9999 -9999 -9999 -9999 -9999 -9999 -9999 -9999 -9999 -9999 -9999 -9999 -9999 -9999 -9999 -9999 -9999 -9999
48 47 47 47 47 49 50 51 53 54 56 58 60 61 63 63 63 63 64 64 64 65 65 66 66 66 65 65 65 66 67 68 70 71 71 72 72 72 72 73 73 74 75 76 77 78 79 80 81 82 83 -9999 -9999 -9999 -9999 -9999 -9999 -9999 -9999 -9999 -9999 -9999 -9999 -9999 -9999 -9999 -9999 -9999 -9999 -9999 -9999 -9999 -9999 -9999 -9999 -9999 -9999 -9999 -9999 -9999 -9999 -9999 -9999 -9999
48 48 48 48 48 50 51 53 54 55 57 58 60 61 62 62 62 63 63 64 64 65 65 66 66 66 65 65 65 65 66 67 68 70 70 70 70 71 71 72 72 73 74 75 76 77 79 79 80 81 -9999 -9999 -9999 -9999 -9999 -9999 -9999 -9999 -9999 -9999 -9999 -9999 -9999 -9999 -9999 -9999 -9999 -9999 -9999 -9999 -9999 -9999 -9999 -9999 -9999 -9999 -9999 -9999 -9999 -9999 -9999 -9999 -9999 -9999
49 49 49 49 50 51 52 53 55 56 57 58 60 60 61 62 62 62 63 63 64 65 65 66 66 66 65 64 64 64 65 66 67 68 68 69 69 69 70 70 71 72 73 74 75 76 78 79 79 -9999 -9999 -9999 -9999 -9999 -9999 -9999 -9999 -9999 -9999 -9999 -9999 -9999 -9999 -9999 -9999 -9999 -9999 -9999 -9999 -9999 -9999 -9999 -9999 -9999 -9999 -9999 -9999 -9999 -9999 -9999 -9999 -9999 -9999 -9999
50 49 49 50 51 52 53 54 55 57 58 59 60 60 60 61 61 62 62 63 63 64 64 65 66 65 64 64 64 63 64 65 65 66 66 67 67 68 68 69 70 71 72 73 74 75 76 77 77 -9999 -9999 -9999 -9999 -9999 -9999 -9999 -9999 -9999 -9999 -9999 -9999 -9999 -9999 -9999 -9999 -9999 -9999 -9999 -9999 -9999 -9999 -9999 -9999 -9999 -9999 -9999 -9999 -9999 -9999 -9999 -9999 -9999 -9999 -9999
-9999 50 51 51 52 53 54 54 56 58 59 60 60 60 60 60 61 61 61 63 63 63 64 64 64 64 63 62 62 62 63 63 63 64 65 65 65 66 67 68 68 70 71 71 73 74 75 75 -9999 -9999 -9999 -9999 -9999 -9999 -9999 -9999 -9999 -9999 -9999 -9999 -9999 -9999 -9999 -9999 -9999 -9999 -9999 -9999 -9999 -9999 -9999 -9999 -9999 -9999 -9999 -9999 -9999 -9999 -9999 -9999 -9999 -9999 -9999 -9999
-9999 -9999 -9999 -9999 -9999 54 55 56 59 60 61 61 61 61 60 60 61 61 61 61 62 63 63 63 62 62 61 60 60 60 61 61 61 62 62 63 63 64 65 66 67 68 69 70 71 71 73 73 -9999 -9999 -9999 -9999 -9999 -9999 -9999 -9999 -9999 -9999 -9999 -9999 -9999 -9999 -9999 -9999 -9999 -9999 -9999 -9999 -9999 -9999 -9999 -9999 -9999 -9999 -9999 -9999 -9999 -9999 -9999 -9999 -9999 -9999 -9999 -9999
-9999 -9999 -9999 -9999 -9999 -9999 -9999 -9999 62 62 62 62 62 61 61 61 61 61 61 62 62 62 62 62 61 60 60 59 59 59 59 60 60 60 60 61 61 62 63 64 65 67 68 68 69 70 70 -9999 -9999 -9999 -9999 -9999 -9999 -9999 -9999 -9999 -9999 -9999 -9999 -9999 -9999 -9999 -9999 -9999 -9999 -9999 -9999 -9999 -9999 -9999 -9999 -9999 -9999 -9999 -9999 -9999 -9999 -9999 -9999 -9999 -9999 -9999 -9999 -9999
-9999 -9999 -9999 -9999 -9999 -9999 -9999 -9999 -9999 63 63 63 62 62 61 61 61 61 61 61 61 62 62 62 61 60 59 59 59 59 58 58 58 58 58 59 60 61 61 62 63 64 66 67 67 68 68 -9999 -9999 -9999 -9999 -9999 -9999 -9999 -9999 -9999 -9999 -9999 -9999 -9999 -9999 -9999 -9999 -9999 -9999 -9999 -9999 -9999 -9999 -9999 -9999 -9999 -9999 -9999 -9999 -9999 -9999 -9999 -9999 -9999 -9999 -9999 -9999 -9999
