data/studyarea/bio10.asc
NCOLS 462 
NROWS 586 
XLLCORNER -113 
YLLCORNER -53.1666666666667 
CELLSIZE 0.166666666666667 
NODATA_value -9999 
[rows 36 to 71 of 586, columns 0 to 81 of 462]
-9999 -9999 -9999 -9999 -9999 -9999 -9999 -9999 -9999 -9999 -9999 -9999 -9999 -9999 -9999 -9999 -9999 -9999 -9999 -9999 -9999 -9999 -9999 -9999 -9999 213 180 154 148 170 194 178 145 135 142 139 129 134 133 122 99 127 135 161 168 174 193 210 211 214 220 224 222 221 223 227 225 229 229 227 228 230 230 229 227 229 231 233 235 236 237 238 240 240 242 242 243 245 246 247 247 249
-9999 -9999 -9999 -9999 -9999 -9999 -9999 -9999 -9999 -9999 -9999 -9999 -9999 -9999 -9999 -9999 -9999 -9999 -9999 -9999 -9999 -9999 -9999 -9999 209 203 209 191 160 139 147 168 121 104 124 123 105 119 110 115 118 126 149 116 156 160 147 190 213 222 228 230 231 229 230 232 233 235 235 232 231 233 233 233 232 232 232 234 236 237 238 240 241 241 242 243 244 246 247 248 249 250
-9999 -9999 -9999 -9999 -9999 -9999 -9999 -9999 -9999 -9999 -9999 -9999 -9999 -9999 -9999 -9999 -9999 -9999 -9999 -9999 -9999 -9999 -9999 190 202 199 191 175 163 147 125 134 95 80 98 103 93 106 116 128 143 159 165 130 113 152 124 140 194 214 221 228 231 234 234 234 237 240 240 239 237 236 236 237 239 239 238 238 238 239 241 243 243 242 244 244 245 246 248 250 250 251
-9999 -9999 -9999 -9999 -9999 -9999 -9999 -9999 -9999 -9999 -9999 -9999 -9999 -9999 -9999 -9999 -9999 -9999 -9999 -9999 -9999 -9999 189 186 180 187 184 157 128 114 110 81 74 75 89 82 86 88 93 119 150 165 167 168 112 135 145 122 176 207 212 217 227 232 233 235 237 238 239 238 236 233 234 235 238 240 240 241 242 243 245 244 244 244 244 243 244 247 249 249 250 252
-9999 -9999 -9999 -9999 -9999 -9999 -9999 -9999 -9999 -9999 -9999 -9999 -9999 -9999 -9999 -9999 -9999 -9999 -9999 -9999 -9999 188 201 194 190 175 161 153 127 105 89 85 77 79 95 105 109 110 125 142 157 161 166 170 162 132 163 174 190 207 207 207 221 228 231 231 234 236 235 234 232 230 230 233 236 239 242 243 243 245 245 245 245 245 245 244 245 247 249 250 251 252
-9999 -9999 -9999 -9999 -9999 -9999 -9999 -9999 -9999 -9999 -9999 -9999 -9999 -9999 -9999 -9999 -9999 -9999 -9999 -9999 229 224 224 211 199 191 176 163 134 113 114 113 82 84 99 92 89 109 111 128 152 161 165 169 149 108 134 160 185 198 202 209 218 221 225 229 231 230 229 228 227 228 230 233 236 239 242 244 246 247 246 246 246 246 246 245 245 247 249 250 251 252
-9999 -9999 -9999 -9999 -9999 -9999 -9999 -9999 -9999 -9999 -9999 -9999 -9999 -9999 -9999 -9999 -9999 -9999 -9999 234 239 237 236 228 215 202 199 184 156 106 138 135 128 117 134 122 122 105 92 102 137 161 165 168 167 158 126 135 146 180 201 211 218 221 227 225 221 220 221 222 225 228 231 234 237 240 243 245 247 247 248 249 248 248 247 247 249 248 248 250 252 254
-9999 -9999 -9999 -9999 -9999 -9999 -9999 -9999 -9999 -9999 -9999 -9999 -9999 -9999 -9999 -9999 -9999 -9999 239 243 242 243 243 235 219 201 198 189 180 165 176 172 169 152 151 154 146 110 91 110 137 157 165 165 165 153 106 112 156 174 189 211 219 221 221 218 212 213 216 220 225 228 232 235 238 241 244 246 247 248 249 250 252 250 250 250 251 253 253 254 257 258
-9999 -9999 -9999 -9999 -9999 -9999 -9999 -9999 -9999 -9999 -9999 -9999 -9999 -9999 -9999 -9999 -9999 -9999 250 244 240 237 234 237 230 223 210 204 198 196 193 184 187 176 168 163 151 133 103 107 128 152 162 165 166 144 99 127 159 176 185 169 201 214 211 210 206 212 220 226 230 231 234 237 240 243 245 246 247 248 250 251 253 254 253 254 255 257 259 259 261 261
-9999 -9999 -9999 -9999 -9999 -9999 -9999 -9999 -9999 -9999 -9999 -9999 -9999 -9999 -9999 -9999 -9999 241 246 242 238 230 223 225 233 227 220 213 215 212 208 197 194 191 174 163 157 146 142 108 122 140 158 167 160 120 103 142 152 159 167 176 165 181 194 207 214 221 226 231 235 237 238 240 240 241 243 246 247 250 251 253 254 254 254 254 256 259 260 260 263 264
-9999 -9999 -9999 -9999 -9999 -9999 -9999 -9999 -9999 -9999 -9999 -9999 -9999 -9999 -9999 -9999 -9999 241 241 240 236 225 201 206 226 226 226 225 225 226 220 215 202 194 172 165 154 155 160 120 117 137 158 167 151 107 114 147 165 173 184 196 187 183 188 201 209 216 221 226 230 233 235 237 238 241 244 247 250 252 254 255 256 255 254 256 257 259 260 260 263 265
-9999 -9999 -9999 -9999 -9999 -9999 -9999 -9999 -9999 -9999 -9999 -9999 -9999 -9999 -9999 -9999 208 231 234 234 235 226 204 213 217 224 226 222 219 222 217 212 204 195 177 171 163 168 167 138 126 149 165 177 143 98 125 148 174 191 199 196 181 183 194 201 208 213 219 226 230 233 236 237 239 241 245 247 249 252 253 255 253 251 252 253 255 256 258 260 261 262
-9999 -9999 -9999 -9999 -9999 -9999 -9999 -9999 -9999 -9999 -9999 -9999 -9999 -9999 -9999 -9999 203 202 209 227 234 221 201 169 203 221 225 222 214 215 207 206 199 197 182 171 162 164 166 158 149 176 179 185 173 127 124 132 184 196 202 200 194 198 201 203 210 217 222 226 231 234 236 238 240 241 244 246 249 251 252 253 251 250 251 252 254 255 256 259 262 263
-9999 -9999 -9999 -9999 -9999 -9999 -9999 -9999 -9999 -9999 -9999 -9999 -9999 -9999 -9999 212 209 202 199 220 230 209 192 174 181 219 224 223 219 216 207 201 193 195 185 175 165 150 181 192 197 200 195 174 146 113 129 149 176 192 201 205 202 202 208 211 215 221 226 230 233 235 236 238 240 242 245 247 248 250 252 252 252 252 253 255 255 257 257 258 258 260
-9999 -9999 -9999 -9999 -9999 -9999 -9999 -9999 -9999 -9999 -9999 -9999 -9999 -9999 -9999 218 211 209 210 221 226 206 189 185 165 199 222 220 217 214 209 204 198 190 187 178 151 128 136 139 185 210 192 156 113 136 157 168 177 190 196 205 205 208 213 221 226 226 230 232 234 236 238 239 240 243 245 247 249 251 251 252 252 253 253 254 253 254 256 255 256 259
-9999 -9999 -9999 -9999 -9999 -9999 -9999 -9999 -9999 -9999 -9999 -9999 -9999 -9999 -9999 219 214 206 197 216 218 200 178 184 176 188 218 216 213 210 205 201 196 197 199 192 171 143 134 135 190 215 191 120 100 149 176 180 180 193 201 213 211 212 219 231 232 226 231 235 236 238 240 240 240 243 246 247 249 251 254 257 257 257 257 258 258 257 257 258 259 260
-9999 -9999 -9999 -9999 -9999 -9999 -9999 -9999 -9999 -9999 -9999 -9999 -9999 -9999 -9999 224 212 205 206 208 206 196 180 189 189 208 206 202 204 205 202 196 198 199 208 205 186 181 159 179 207 206 181 132 122 155 179 186 188 193 202 218 222 225 221 238 236 231 232 235 238 240 244 243 241 243 247 251 254 255 256 254 252 251 253 254 256 257 257 258 260 263
-9999 -9999 -9999 -9999 -9999 -9999 -9999 -9999 -9999 -9999 -9999 -9999 -9999 -9999 232 224 215 214 218 214 205 193 183 195 198 197 196 191 183 190 190 195 202 198 202 213 218 221 207 224 221 212 191 173 162 173 187 186 188 193 208 231 238 239 234 240 243 239 239 240 242 245 247 248 248 247 247 253 252 251 251 249 249 250 251 254 256 255 256 259 263 263
-9999 -9999 -9999 -9999 -9999 -9999 -9999 -9999 -9999 -9999 -9999 -9999 -9999 -9999 234 221 212 219 222 218 212 202 194 198 198 191 179 178 182 195 192 188 184 161 191 216 219 223 230 231 219 213 207 189 186 193 197 199 206 215 229 239 245 247 241 247 249 250 249 248 248 245 244 245 247 251 252 251 246 247 247 247 249 254 257 258 258 260 260 261 262 262
-9999 -9999 -9999 -9999 -9999 -9999 -9999 -9999 -9999 -9999 -9999 -9999 -9999 -9999 235 225 225 229 228 225 217 214 211 202 192 188 187 166 164 179 200 184 150 176 207 222 226 229 238 193 201 201 201 190 189 200 211 219 225 225 231 240 238 237 245 250 250 251 248 247 244 238 237 238 241 244 246 246 246 245 246 247 249 254 257 258 262 262 263 264 267 267
-9999 -9999 -9999 -9999 -9999 -9999 -9999 -9999 -9999 -9999 -9999 -9999 -9999 -9999 239 235 233 234 229 228 224 216 206 199 201 195 187 186 171 168 190 198 205 212 218 226 231 236 239 198 196 205 202 190 189 201 211 220 225 230 235 237 240 243 244 247 250 248 247 245 237 236 236 237 239 242 245 246 245 244 247 250 253 256 260 264 264 266 266 267 269 270
-9999 -9999 -9999 -9999 -9999 -9999 -9999 -9999 -9999 -9999 -9999 -9999 -9999 -9999 233 235 236 236 231 228 219 205 205 205 199 185 181 181 177 179 190 187 205 218 225 229 231 237 235 203 191 206 204 194 192 202 212 220 225 233 236 234 233 229 240 242 241 233 234 236 236 235 236 238 239 242 244 246 250 250 248 255 254 258 262 265 268 269 270 271 272 273
-9999 -9999 -9999 -9999 -9999 -9999 -9999 -9999 -9999 -9999 -9999 -9999 -9999 -9999 216 217 221 228 228 224 220 215 213 202 196 190 184 179 177 185 178 175 192 213 208 223 232 235 231 190 200 208 209 203 200 203 211 219 226 231 238 241 237 231 233 234 234 233 234 235 236 237 237 237 237 239 242 244 245 249 257 259 261 261 266 269 272 273 274 274 275 276
-9999 -9999 -9999 -9999 -9999 -9999 -9999 -9999 -9999 -9999 -9999 -9999 -9999 -9999 201 207 209 216 218 220 217 217 212 204 193 186 187 180 179 183 176 178 195 208 209 225 231 233 228 187 204 209 210 204 205 206 211 220 227 232 236 241 241 237 236 237 236 236 236 237 237 237 236 236 236 239 242 244 245 246 252 261 265 269 271 273 275 276 276 277 277 277
-9999 -9999 -9999 -9999 -9999 -9999 -9999 -9999 -9999 -9999 -9999 -9999 -9999 -9999 -9999 193 201 208 202 199 199 204 195 190 191 191 184 178 175 176 175 184 198 210 216 216 231 231 222 213 202 206 207 209 210 207 215 219 224 231 236 239 243 243 242 241 241 239 238 239 239 238 238 238 238 240 243 245 246 246 246 256 263 267 269 272 273 275 276 277 277 278
-9999 -9999 -9999 -9999 -9999 -9999 -9999 -9999 -9999 -9999 -9999 -9999 -9999 -9999 -9999 188 187 192 187 179 174 187 184 174 171 174 170 170 171 168 161 172 180 189 206 221 232 227 215 214 209 212 207 195 202 210 218 225 230 237 241 244 247 243 239 240 244 244 242 241 241 242 241 240 239 241 245 248 249 248 249 257 264 268 271 273 275 276 277 277 277 278
-9999 -9999 -9999 -9999 -9999 -9999 -9999 -9999 -9999 -9999 -9999 -9999 -9999 -9999 -9999 204 202 191 180 161 141 157 165 163 155 159 156 152 157 172 172 182 184 189 192 211 231 226 219 227 215 215 213 206 206 215 225 231 237 241 246 248 249 246 242 239 242 242 242 242 241 241 241 242 242 244 247 251 251 250 251 254 263 267 270 272 273 274 276 278 279 279
-9999 -9999 -9999 -9999 -9999 -9999 -9999 -9999 -9999 -9999 -9999 -9999 -9999 -9999 -9999 214 218 202 194 156 125 137 144 141 158 160 167 164 174 178 180 181 167 183 193 203 233 233 234 231 214 217 224 211 206 215 226 237 242 245 245 248 252 247 241 238 238 237 238 239 240 242 242 245 246 248 250 252 253 252 253 254 260 266 268 270 274 276 277 278 279 280
-9999 -9999 -9999 -9999 -9999 -9999 -9999 -9999 -9999 -9999 -9999 -9999 -9999 -9999 -9999 221 224 213 199 173 156 156 149 159 161 182 161 156 173 167 163 174 176 179 221 233 240 239 240 223 215 226 229 202 201 213 224 235 243 246 252 252 251 247 243 237 237 237 238 239 240 241 243 246 249 252 254 255 255 255 256 256 259 264 266 271 273 276 278 279 280 280
-9999 -9999 -9999 -9999 -9999 -9999 -9999 -9999 -9999 -9999 -9999 -9999 -9999 -9999 -9999 -9999 218 211 206 190 180 160 169 172 185 172 159 155 161 166 168 175 193 176 226 246 242 242 243 227 235 240 224 197 193 186 200 232 245 249 255 257 251 248 245 238 236 237 238 239 240 242 244 246 249 254 256 256 256 256 258 262 264 268 269 272 275 276 279 281 279 278
-9999 -9999 -9999 -9999 -9999 -9999 -9999 -9999 -9999 -9999 -9999 -9999 -9999 -9999 -9999 -9999 244 224 202 202 199 194 200 193 210 162 145 160 158 174 166 179 196 220 240 243 244 239 234 239 250 241 202 159 190 201 216 228 243 251 258 258 253 250 245 238 238 237 238 240 241 243 245 248 250 253 254 256 257 261 265 266 268 269 271 273 275 277 280 280 279 278
-9999 -9999 -9999 -9999 -9999 -9999 -9999 -9999 -9999 -9999 -9999 -9999 -9999 -9999 -9999 -9999 -9999 251 227 213 212 207 224 210 211 176 156 165 185 182 159 183 212 236 251 247 240 214 223 254 255 248 209 176 173 191 208 222 238 251 257 260 256 253 247 238 238 239 240 242 243 245 247 250 252 253 254 254 256 261 266 268 270 271 272 273 275 278 279 279 279 277
-9999 -9999 -9999 -9999 -9999 -9999 -9999 -9999 -9999 -9999 -9999 -9999 -9999 -9999 -9999 -9999 -9999 -9999 258 232 229 232 238 207 207 217 213 193 191 181 159 182 216 242 250 245 242 221 241 259 258 253 222 168 169 188 204 221 237 249 255 258 258 253 247 239 241 242 243 245 247 248 251 252 254 255 255 256 258 263 268 268 270 271 272 274 276 278 280 281 279 276
-9999 -9999 -9999 -9999 -9999 -9999 -9999 -9999 -9999 -9999 -9999 -9999 -9999 -9999 -9999 -9999 -9999 -9999 276 269 256 251 253 237 205 210 232 211 185 185 187 181 222 244 240 241 245 233 234 259 260 258 229 159 171 192 206 224 238 248 254 257 256 253 249 243 244 245 248 250 252 254 255 256 258 258 258 258 260 266 265 265 267 271 274 276 276 278 280 280 278 274
-9999 -9999 -9999 -9999 -9999 -9999 -9999 -9999 -9999 -9999 -9999 -9999 -9999 -9999 -9999 -9999 -9999 -9999 -9999 260 271 259 247 251 236 236 222 217 214 211 213 206 226 244 249 245 247 244 232 258 259 260 233 161 172 193 206 223 236 247 253 257 256 257 256 253 249 248 251 254 256 258 260 260 261 261 261 263 266 268 269 268 268 269 273 275 276 277 279 278 276 271
-9999 -9999 -9999 -9999 -9999 -9999 -9999 -9999 -9999 -9999 -9999 -9999 -9999 -9999 -9999 -9999 -9999 -9999 -9999 235 264 261 249 248 248 243 225 209 226 233 232 222 236 243 239 244 248 248 233 251 260 260 254 213 198 205 216 214 230 244 254 260 262 263 261 258 255 253 256 257 259 261 262 263 264 264 265 265 268 270 271 271 271 268 269 272 275 277 279 279 275 272
