data/studyarea/bio1.asc
NCOLS 462 
NROWS 586 
XLLCORNER -113 
YLLCORNER -53.1666666666667 
CELLSIZE 0.166666666666667 
NODATA_value -9999 
[rows 252 to 287 of 586, columns 246 to 327 of 462]
273 272 271 270 269 268 266 264 265 264 263 263 262 263 261 261 261 260 261 262 263 263 262 263 263 263 264 264 264 264 264 265 266 266 267 267 267 267 266 255 262 267 265 258 243 250 249 228 216 224 227 225 237 250 255 256 259 259 261 265 267 266 266 255 266 267 272 272 271 263 264 271 272 271 270 270 267 265 267 265 265 263
273 273 271 270 269 268 267 266 266 265 264 264 263 260 260 260 260 259 258 261 262 262 261 262 262 262 263 263 263 263 263 264 265 266 266 267 267 267 264 256 264 265 262 261 262 261 258 252 241 240 237 222 237 254 257 258 261 262 264 265 262 267 269 268 270 271 272 271 271 266 262 269 269 270 269 267 264 263 264 264 264 264
272 270 270 268 263 262 266 265 264 263 263 262 260 259 259 259 259 258 259 260 261 261 259 260 261 261 262 262 262 263 263 264 265 266 267 267 267 267 264 247 264 266 255 246 255 250 250 247 247 243 241 230 249 257 258 260 263 265 265 265 266 267 269 270 271 272 271 266 270 267 264 268 267 268 266 264 264 264 264 264 264 264
271 269 268 265 263 266 266 265 264 262 260 259 258 259 258 258 259 259 259 260 260 261 257 258 261 262 262 262 262 262 263 264 265 265 266 267 267 268 261 241 265 264 244 239 239 240 241 242 243 253 263 263 266 261 264 264 265 266 267 266 265 266 270 272 272 272 271 270 270 268 269 267 265 264 263 263 264 264 264 264 264 263
268 267 265 265 261 265 265 263 262 260 259 259 259 258 258 258 258 258 259 259 260 260 261 261 260 262 262 262 262 262 263 264 266 266 266 267 265 267 245 239 263 251 241 243 242 242 241 241 261 266 266 267 266 267 267 265 263 266 266 259 242 236 271 272 273 272 272 271 271 271 268 264 263 264 263 264 264 259 263 264 265 260
267 267 266 264 264 263 263 262 261 260 259 257 257 256 256 257 257 258 258 259 259 260 261 261 262 262 262 263 263 264 264 265 266 267 267 267 247 254 242 241 246 244 244 242 242 240 237 249 266 267 267 267 268 267 264 263 266 267 260 248 236 261 272 273 273 273 272 272 269 269 269 267 266 266 260 257 257 260 263 264 263 254
268 266 265 264 262 260 262 261 261 260 259 257 256 255 255 257 257 257 258 259 260 261 261 261 262 262 263 264 265 265 266 267 268 268 268 268 256 242 245 244 244 240 242 237 238 246 249 248 264 264 267 268 268 268 268 268 266 269 261 257 262 269 273 273 273 273 273 273 272 271 262 264 266 267 269 262 251 253 258 264 261 257
267 266 265 262 262 261 261 261 260 259 258 257 255 255 256 256 257 257 258 258 259 260 261 262 263 263 264 265 267 268 269 269 269 269 268 268 250 243 244 244 243 241 239 233 251 266 265 254 247 242 266 265 267 269 268 269 269 269 262 270 272 272 273 272 273 273 273 273 272 271 271 270 270 269 267 266 266 254 252 258 253 254
266 265 265 264 262 261 258 260 259 258 255 256 255 256 255 255 256 256 256 257 258 259 261 262 263 264 265 266 268 269 270 271 270 270 269 266 235 242 243 242 242 243 248 265 268 268 267 267 267 257 232 227 260 267 268 269 269 269 270 271 272 272 273 272 273 273 273 273 271 272 271 271 270 267 266 265 267 264 255 260 264 261
266 264 263 263 262 261 259 259 258 256 255 255 255 255 254 254 255 255 256 257 258 259 260 261 263 264 265 267 268 270 271 270 270 269 268 231 199 251 253 241 243 262 265 267 268 268 268 268 268 268 266 224 225 264 269 270 270 270 270 271 272 272 272 272 273 273 273 272 272 271 269 270 270 269 268 267 266 264 256 251 263 262
266 265 263 262 261 260 258 252 257 256 256 255 254 254 255 255 255 255 255 256 257 258 260 261 262 264 265 267 268 269 270 270 269 268 263 214 234 262 239 241 263 267 267 267 268 268 269 269 269 269 269 268 259 268 269 270 270 270 271 271 271 272 272 272 273 273 272 272 272 271 270 270 270 270 268 269 269 267 260 256 263 265
266 265 264 262 261 260 259 253 257 256 256 255 255 254 255 254 254 254 255 256 257 258 259 261 262 264 265 266 267 268 268 269 268 265 264 267 259 255 240 224 257 267 267 267 268 268 268 269 269 269 269 270 270 270 270 270 271 271 271 270 271 272 272 272 273 273 272 272 272 272 271 271 270 269 268 269 269 269 268 267 266 267
265 265 264 263 261 260 259 257 257 255 255 255 255 255 254 254 254 255 256 257 257 258 260 260 261 262 264 265 266 266 267 268 268 268 267 256 261 249 233 233 248 267 265 267 268 268 268 268 269 269 269 270 270 270 270 270 271 271 271 271 272 271 272 272 273 273 273 273 272 271 270 268 269 269 268 270 266 267 267 268 268 268
264 264 264 263 262 261 259 255 257 257 256 256 256 255 256 255 254 254 254 256 257 258 259 261 261 262 263 264 265 265 266 266 267 268 268 268 267 266 266 267 266 267 267 267 267 269 268 268 269 269 269 269 269 270 270 270 270 271 271 271 271 271 272 272 272 273 273 272 272 271 269 267 269 269 267 269 267 265 266 268 268 268
265 264 263 262 262 261 256 255 258 258 256 256 255 256 255 254 254 255 255 256 258 258 259 260 261 262 263 264 264 264 265 266 266 267 267 267 267 267 267 267 267 267 267 267 267 268 268 268 268 268 269 269 269 269 270 270 270 270 270 270 271 271 271 272 272 272 272 272 271 270 269 270 268 270 269 270 269 265 264 263 266 267
264 263 263 262 262 260 259 257 258 258 257 256 254 254 253 253 254 254 255 256 257 258 259 259 259 261 262 262 263 264 264 265 265 265 266 267 266 267 267 267 267 267 267 267 267 268 268 268 268 268 269 269 269 269 269 269 270 270 270 270 270 271 271 272 272 272 272 272 271 270 270 270 269 269 271 270 271 270 265 262 265 264
264 263 262 262 262 261 260 259 258 257 257 256 255 254 250 254 254 255 255 256 256 257 259 259 260 261 261 262 262 263 263 264 264 265 266 267 267 267 267 267 267 267 266 267 267 268 268 268 268 269 269 268 268 268 268 269 269 269 269 270 270 271 271 271 272 272 271 272 271 270 271 270 269 268 269 270 271 271 264 263 266 266
264 263 263 261 261 261 260 260 259 259 258 257 255 255 255 253 254 254 255 255 256 257 258 258 260 260 261 261 262 262 262 262 264 265 265 265 265 266 265 266 267 267 267 267 268 268 268 268 268 268 269 269 269 268 269 269 269 269 269 270 270 271 271 271 272 272 272 272 271 271 270 270 268 267 268 267 271 270 263 265 269 266
264 263 263 261 261 261 260 259 259 259 258 257 256 255 256 253 254 254 255 255 256 257 257 258 259 259 260 260 261 262 262 262 262 263 264 264 265 265 265 265 266 267 267 267 267 267 267 267 268 268 268 268 268 269 269 269 269 269 269 269 270 270 271 271 271 271 272 272 271 271 269 266 265 269 268 267 270 269 266 270 271 270
265 263 263 261 261 261 260 260 259 259 259 258 257 257 256 254 254 255 255 255 256 256 257 258 258 259 259 260 261 262 262 261 261 262 263 263 263 264 265 265 265 266 266 266 266 266 266 267 267 268 268 267 268 268 268 269 269 269 269 269 270 270 270 271 271 271 271 271 272 272 271 267 266 269 268 268 270 272 270 268 272 271
264 264 263 262 262 260 261 260 260 259 259 258 258 256 256 256 254 254 255 255 256 256 256 257 258 259 259 259 260 260 260 260 261 261 262 262 263 264 264 264 264 265 265 265 265 266 266 266 267 267 267 267 267 267 268 269 269 269 269 269 270 270 271 271 271 271 271 271 272 271 271 267 268 267 269 270 269 270 271 268 269 272
263 263 264 263 262 261 260 260 259 259 259 258 258 258 257 257 255 255 255 255 256 256 256 257 258 258 258 259 259 259 259 260 260 261 261 262 262 263 263 263 264 264 265 265 266 266 266 267 266 267 267 267 267 267 267 268 269 270 270 270 270 270 270 270 271 271 270 270 271 272 271 270 269 271 271 270 270 269 270 271 270 268
262 262 262 262 261 261 261 260 259 258 258 258 258 258 257 257 255 255 255 255 256 256 256 257 257 257 258 258 258 258 259 259 260 260 261 261 261 262 262 263 263 264 264 265 265 265 266 266 266 266 266 267 267 267 267 268 268 269 270 271 270 270 271 270 271 270 269 270 271 272 271 272 271 271 272 268 270 270 272 272 272 270
263 263 263 262 262 262 261 261 260 260 259 259 258 256 256 258 255 255 255 255 255 256 256 256 257 257 257 257 258 258 258 258 259 259 259 260 261 261 262 262 263 264 264 264 265 265 265 266 266 266 266 267 267 267 267 267 268 268 269 270 270 271 271 270 271 270 269 271 271 271 271 273 272 273 272 267 269 271 272 270 269 268
263 263 262 262 261 261 260 259 259 259 259 259 257 255 256 257 257 255 255 255 255 255 256 257 257 257 257 257 257 257 258 258 258 259 259 260 261 261 262 262 263 263 263 264 264 264 265 265 266 266 266 266 267 267 267 268 268 268 269 269 269 270 271 271 271 271 269 271 271 271 270 272 273 273 272 271 270 269 270 270 271 270
263 263 262 262 260 259 259 259 259 258 257 257 256 256 255 255 257 257 256 256 256 256 257 256 256 257 257 257 257 257 257 258 259 258 258 259 261 261 261 261 262 263 264 264 264 265 265 266 266 266 266 266 266 267 267 268 268 269 269 269 269 270 270 271 271 271 270 271 271 271 269 269 272 272 273 272 268 266 266 268 272 271
262 262 262 261 260 260 259 259 258 257 256 256 256 256 254 255 255 255 255 255 255 256 255 255 256 256 256 256 257 257 257 257 257 257 257 258 259 260 262 262 263 263 263 264 264 265 265 266 266 266 266 266 266 267 267 267 268 268 268 269 270 270 270 271 271 270 270 270 271 270 269 267 267 268 271 271 268 269 269 269 269 272
262 261 261 260 259 260 260 259 258 258 257 257 257 257 256 255 255 255 255 255 255 254 255 254 255 255 255 255 256 256 256 256 256 257 258 258 259 260 261 262 263 263 264 264 265 265 265 266 266 266 266 266 267 267 267 267 267 268 268 269 269 269 270 269 271 272 271 270 271 269 269 269 269 268 268 271 271 270 270 270 269 269
262 262 262 261 260 260 260 260 258 258 257 257 256 256 256 256 255 254 255 255 255 255 254 254 255 255 255 255 256 256 256 256 257 257 257 257 258 260 261 262 264 264 264 264 265 265 265 266 266 266 266 266 266 266 267 267 267 268 268 268 269 269 269 269 270 271 271 272 271 270 270 269 270 271 269 270 271 272 272 272 272 272
261 260 260 261 261 260 259 260 259 259 257 257 256 255 254 254 254 255 254 254 254 254 254 254 254 255 254 256 257 256 256 257 256 256 256 257 258 259 261 263 263 264 264 265 265 266 266 266 266 266 266 266 266 266 266 267 267 267 268 268 269 269 269 270 269 272 272 272 271 271 271 270 269 270 271 269 269 268 268 269 269 271
260 259 259 259 259 258 258 258 259 259 259 257 257 257 256 255 254 254 254 254 254 254 254 254 254 254 255 257 257 257 257 256 256 256 256 256 258 260 261 263 264 265 265 266 266 266 266 266 266 266 266 266 266 266 266 267 267 267 268 268 268 269 269 269 269 271 273 273 272 272 272 270 270 270 270 270 269 268 267 267 268 268
259 259 259 259 260 259 259 259 259 259 259 258 258 258 256 256 255 254 254 254 254 254 255 255 255 255 256 256 257 257 257 256 255 255 256 257 259 260 261 263 265 265 266 266 267 266 266 267 266 266 266 266 266 266 266 267 267 267 267 268 268 269 269 270 269 270 271 273 273 273 272 272 270 271 271 270 271 269 268 268 268 268
259 259 260 260 259 259 259 259 258 258 258 258 258 257 257 257 256 255 256 256 256 256 255 254 255 256 257 257 256 257 256 256 256 256 257 259 260 260 262 263 265 266 267 268 268 267 267 267 267 266 266 266 266 266 266 266 266 267 267 268 269 269 269 270 270 270 270 271 274 273 273 273 272 271 271 270 270 270 268 267 268 269
260 259 259 259 258 258 258 258 258 258 257 258 257 256 255 255 256 256 256 256 256 256 256 256 256 257 256 256 257 257 256 257 257 257 258 260 260 261 263 263 265 266 268 269 269 268 268 267 267 267 266 266 266 266 266 266 266 266 267 267 268 268 270 270 271 271 271 271 273 274 274 274 274 274 273 272 271 270 269 268 268 270
260 260 259 258 258 258 258 258 258 258 258 257 256 256 256 256 257 256 256 256 256 256 256 256 257 256 256 257 257 257 256 257 257 258 259 261 261 262 263 264 266 267 267 269 269 269 268 268 267 267 266 266 266 266 266 266 266 266 267 267 268 268 269 269 270 271 272 273 272 274 274 274 275 274 273 272 272 271 270 269 269 270
261 260 259 258 258 259 258 258 258 257 257 256 256 257 256 257 257 257 256 255 255 255 256 256 256 256 256 257 257 257 257 258 258 259 260 261 261 262 264 265 266 268 269 269 269 269 269 268 267 266 266 266 265 265 266 266 266 266 266 267 267 268 269 270 271 272 272 272 273 273 274 274 274 273 272 271 271 271 270 270 269 270
