data/studyarea/bio12.asc
NCOLS 462 
NROWS 586 
XLLCORNER -113 
YLLCORNER -53.1666666666667 
CELLSIZE 0.166666666666667 
NODATA_value -9999 
[rows 280 to 314 of 586, columns 158 to 236 of 462]
-9999 -9999 -9999 -9999 -9999 -9999 -9999 -9999 -9999 -9999 -9999 -9999 -9999 -9999 -9999 -9999 -9999 -9999 -9999 -9999 -9999 -9999 -9999 -9999 -9999 -9999 -9999 -9999 -9999 -9999 -9999 -9999 -9999 100 148 194 345 565 690 708 730 894 1208 1587 1940 1636 728 623 635 1668 2540 2822 3225 3178 3070 3007 3017 3023 3047 3054 3063 3045 3009 2949 2881 2831 2790 2765 2777 2815 2862 2940 3028 3128 3228 3296 3306 3270 3183
-9999 -9999 -9999 -9999 -9999 -9999 -9999 -9999 -9999 -9999 -9999 -9999 -9999 -9999 -9999 -9999 -9999 -9999 -9999 -9999 -9999 -9999 -9999 -9999 -9999 -9999 -9999 -9999 -9999 -9999 -9999 -9999 -9999 -9999 170 208 342 495 550 592 653 843 1204 1635 1727 901 708 703 954 1648 2573 2720 3033 2929 2829 2825 2867 2894 2926 2956 2979 3004 3000 2935 2852 2786 2765 2758 2777 2825 2890 2966 3064 3171 3287 3378 3392 3374 3296
-9999 -9999 -9999 -9999 -9999 -9999 -9999 -9999 -9999 -9999 -9999 -9999 -9999 -9999 -9999 -9999 -9999 -9999 -9999 -9999 -9999 -9999 -9999 -9999 -9999 -9999 -9999 -9999 -9999 -9999 -9999 -9999 -9999 -9999 -9999 -9999 328 380 449 557 656 835 1097 1430 1064 845 821 896 1511 2285 2547 2941 2796 2655 2670 2696 2742 2777 2805 2824 2857 2899 2924 2867 2793 2728 2712 2730 2767 2805 2890 2971 3062 3164 3272 3353 3393 3396 3325
-9999 -9999 -9999 -9999 -9999 -9999 -9999 -9999 -9999 -9999 -9999 -9999 -9999 -9999 -9999 -9999 -9999 -9999 -9999 -9999 -9999 -9999 -9999 -9999 -9999 -9999 -9999 -9999 -9999 -9999 -9999 -9999 -9999 -9999 -9999 -9999 -9999 361 413 519 619 834 1100 865 930 967 831 924 1303 2336 2507 3082 2700 2542 2570 2600 2641 2665 2681 2695 2705 2720 2733 2709 2677 2657 2647 2668 2720 2774 2859 2955 3049 3137 3219 3288 3326 3324 3264
-9999 -9999 -9999 -9999 -9999 -9999 -9999 -9999 -9999 -9999 -9999 -9999 -9999 -9999 -9999 -9999 -9999 -9999 -9999 -9999 -9999 -9999 -9999 -9999 -9999 -9999 -9999 -9999 -9999 -9999 -9999 -9999 -9999 -9999 -9999 -9999 -9999 284 389 455 704 847 1062 844 1009 875 785 922 1272 2487 2697 2873 2517 2504 2489 2526 2553 2566 2564 2555 2546 2533 2544 2537 2541 2552 2572 2597 2652 2721 2811 2908 3007 3096 3167 3212 3236 3229 3188
-9999 -9999 -9999 -9999 -9999 -9999 -9999 -9999 -9999 -9999 -9999 -9999 -9999 -9999 -9999 -9999 -9999 -9999 -9999 -9999 -9999 -9999 -9999 -9999 -9999 -9999 -9999 -9999 -9999 -9999 -9999 -9999 -9999 -9999 -9999 -9999 -9999 281 328 403 663 908 873 928 945 775 751 953 1682 2572 2658 2582 2452 2443 2437 2465 2481 2477 2455 2418 2386 2356 2354 2373 2398 2426 2474 2520 2575 2654 2748 2850 2951 3035 3099 3137 3154 3141 3104
-9999 -9999 -9999 -9999 -9999 -9999 -9999 -9999 -9999 -9999 -9999 -9999 -9999 -9999 -9999 -9999 -9999 -9999 -9999 -9999 -9999 -9999 -9999 -9999 -9999 -9999 -9999 -9999 -9999 -9999 -9999 -9999 -9999 -9999 -9999 -9999 -9999 204 305 414 558 869 883 731 656 769 855 1176 2234 2611 2814 3138 2452 2420 2402 2422 2429 2408 2370 2314 2254 2206 2202 2230 2275 2322 2367 2427 2490 2574 2689 2799 2894 2974 3027 3060 3069 3061 3033
-9999 -9999 -9999 -9999 -9999 -9999 -9999 -9999 -9999 -9999 -9999 -9999 -9999 -9999 -9999 -9999 -9999 -9999 -9999 -9999 -9999 -9999 -9999 -9999 -9999 -9999 -9999 -9999 -9999 -9999 -9999 -9999 -9999 -9999 -9999 -9999 -9999 208 287 416 620 1010 948 776 716 662 956 1523 2267 2530 3008 2948 2412 2427 2388 2403 2394 2365 2311 2246 2171 2113 2103 2135 2181 2230 2276 2332 2398 2494 2614 2743 2842 2920 2959 2987 2990 2982 2968
-9999 -9999 -9999 -9999 -9999 -9999 -9999 -9999 -9999 -9999 -9999 -9999 -9999 -9999 -9999 -9999 -9999 -9999 -9999 -9999 -9999 -9999 -9999 -9999 -9999 -9999 -9999 -9999 -9999 -9999 -9999 -9999 -9999 -9999 -9999 -9999 163 203 348 583 878 1286 1086 862 728 846 1601 1971 2164 2655 2697 2509 2411 2386 2443 2399 2382 2343 2287 2215 2140 2085 2070 2088 2121 2161 2201 2245 2309 2416 2550 2689 2809 2864 2890 2900 2908 2907 2907
-9999 -9999 -9999 -9999 -9999 -9999 -9999 -9999 -9999 -9999 -9999 -9999 -9999 -9999 -9999 -9999 -9999 -9999 -9999 -9999 -9999 -9999 -9999 -9999 -9999 -9999 -9999 -9999 -9999 -9999 -9999 -9999 -9999 -9999 -9999 132 227 338 620 935 1277 1433 1380 934 869 965 1848 2272 2540 2732 2545 2557 2504 2409 2559 2417 2384 2341 2282 2213 2149 2096 2072 2072 2092 2119 2149 2183 2230 2348 2488 2634 2761 2803 2810 2812 2816 2823 2839
-9999 -9999 -9999 -9999 -9999 -9999 -9999 -9999 -9999 -9999 -9999 -9999 -9999 -9999 -9999 -9999 -9999 -9999 -9999 -9999 -9999 -9999 -9999 -9999 -9999 -9999 -9999 -9999 -9999 -9999 -9999 -9999 -9999 -9999 127 211 370 669 975 1306 1501 1357 1151 940 999 1265 1800 2254 2655 2659 2569 2783 2641 2447 2553 2449 2402 2353 2295 2230 2169 2119 2088 2079 2083 2099 2122 2156 2211 2311 2432 2554 2651 2697 2716 2719 2720 2728 2752
-9999 -9999 -9999 -9999 -9999 -9999 -9999 -9999 -9999 -9999 -9999 -9999 -9999 -9999 -9999 -9999 -9999 -9999 -9999 -9999 -9999 -9999 -9999 -9999 -9999 -9999 -9999 -9999 -9999 -9999 -9999 -9999 -9999 85 139 297 567 751 928 1325 1351 1254 1003 859 1016 1163 1744 2115 2502 2643 2765 2754 2610 2501 2615 2492 2429 2372 2315 2252 2192 2144 2108 2087 2082 2089 2110 2148 2200 2285 2382 2478 2554 2593 2610 2622 2627 2635 2655
-9999 -9999 -9999 -9999 -9999 -9999 -9999 -9999 -9999 -9999 -9999 -9999 -9999 -9999 -9999 -9999 -9999 -9999 -9999 -9999 -9999 -9999 -9999 -9999 -9999 -9999 -9999 -9999 -9999 -9999 -9999 -9999 55 82 140 397 482 571 657 826 1117 1140 1044 1102 963 1121 1496 2092 2416 2543 2658 2758 2608 2559 2647 2512 2446 2391 2334 2276 2218 2167 2124 2095 2083 2085 2103 2137 2188 2259 2340 2420 2481 2514 2521 2525 2534 2541 2559
-9999 -9999 -9999 -9999 -9999 -9999 -9999 -9999 -9999 -9999 -9999 -9999 -9999 -9999 -9999 -9999 -9999 -9999 -9999 -9999 -9999 -9999 -9999 -9999 -9999 -9999 -9999 -9999 -9999 -9999 -9999 -9999 45 63 126 252 273 337 384 543 685 1020 1025 974 1096 1247 1510 2014 2346 2526 2625 2706 2649 2600 2625 2520 2459 2402 2351 2292 2238 2186 2137 2102 2079 2074 2087 2119 2171 2234 2302 2373 2433 2462 2441 2438 2467 2482 2490
-9999 -9999 -9999 -9999 -9999 -9999 -9999 -9999 -9999 -9999 -9999 -9999 -9999 -9999 -9999 -9999 -9999 -9999 -9999 -9999 -9999 -9999 -9999 -9999 -9999 -9999 -9999 -9999 -9999 -9999 -9999 -9999 31 57 127 127 167 206 268 437 712 1001 1034 1048 1102 1281 1448 1703 2246 2491 2671 2730 2674 2644 2595 2503 2449 2400 2355 2309 2257 2196 2141 2099 2069 2058 2066 2099 2146 2207 2273 2342 2400 2444 2386 2386 2442 2482 2518
-9999 -9999 -9999 -9999 -9999 -9999 -9999 -9999 -9999 -9999 -9999 -9999 -9999 -9999 -9999 -9999 -9999 -9999 -9999 -9999 -9999 -9999 -9999 -9999 -9999 -9999 -9999 -9999 -9999 -9999 -9999 -9999 24 42 67 87 117 166 218 469 821 878 1007 917 1124 1314 1374 1673 2126 2374 2736 2747 2686 2591 2542 2472 2417 2377 2346 2317 2263 2198 2142 2091 2051 2033 2040 2073 2123 2183 2247 2308 2363 2401 2390 2412 2478 2540 2597
-9999 -9999 -9999 -9999 -9999 -9999 -9999 -9999 -9999 -9999 -9999 -9999 -9999 -9999 -9999 -9999 -9999 -9999 -9999 -9999 -9999 -9999 -9999 -9999 -9999 -9999 -9999 -9999 -9999 -9999 -9999 -9999 26 34 50 64 84 137 201 472 786 823 863 951 1047 1284 1332 1601 1991 2325 2613 2676 2605 2431 2461 2404 2361 2331 2307 2286 2244 2185 2128 2079 2033 2000 2004 2044 2101 2163 2222 2279 2328 2366 2393 2447 2527 2600 2642
-9999 -9999 -9999 -9999 -9999 -9999 -9999 -9999 -9999 -9999 -9999 -9999 -9999 -9999 -9999 -9999 -9999 -9999 -9999 -9999 -9999 -9999 -9999 -9999 -9999 -9999 -9999 -9999 -9999 -9999 -9999 -9999 21 29 38 49 70 122 173 264 584 775 818 881 1018 1134 1306 1430 1632 2231 2360 2294 2301 2063 2219 2271 2275 2259 2245 2231 2202 2163 2120 2074 2018 1962 1967 2022 2087 2151 2210 2260 2301 2335 2376 2443 2532 2612 2636
-9999 -9999 -9999 -9999 -9999 -9999 -9999 -9999 -9999 -9999 -9999 -9999 -9999 -9999 -9999 -9999 -9999 -9999 -9999 -9999 -9999 -9999 -9999 -9999 -9999 -9999 -9999 -9999 -9999 -9999 -9999 -9999 21 28 34 37 56 107 151 201 288 457 739 877 953 1040 1189 1337 1420 1956 2037 1890 1861 1840 1960 1993 2074 2152 2172 2168 2160 2140 2115 2084 2041 1973 1970 2030 2093 2154 2208 2250 2279 2304 2336 2394 2474 2540 2554
-9999 -9999 -9999 -9999 -9999 -9999 -9999 -9999 -9999 -9999 -9999 -9999 -9999 -9999 -9999 -9999 -9999 -9999 -9999 -9999 -9999 -9999 -9999 -9999 -9999 -9999 -9999 -9999 -9999 -9999 -9999 -9999 -9999 24 28 32 47 84 129 157 251 364 654 816 985 919 1041 1203 1280 1415 1365 1424 1407 1478 1583 1686 1874 1905 1973 2097 2110 2111 2113 2106 2101 2059 2040 2069 2119 2173 2218 2254 2267 2277 2291 2335 2403 2455 2475
-9999 -9999 -9999 -9999 -9999 -9999 -9999 -9999 -9999 -9999 -9999 -9999 -9999 -9999 -9999 -9999 -9999 -9999 -9999 -9999 -9999 -9999 -9999 -9999 -9999 -9999 -9999 -9999 -9999 -9999 -9999 -9999 -9999 -9999 30 30 41 66 100 133 211 356 607 800 988 956 1000 951 1151 1124 1194 1191 1201 1268 1371 1461 1561 1670 1734 1904 2060 2082 2100 2111 2121 2102 2091 2113 2152 2202 2245 2266 2267 2257 2258 2294 2349 2396 2415
-9999 -9999 -9999 -9999 -9999 -9999 -9999 -9999 -9999 -9999 -9999 -9999 -9999 -9999 -9999 -9999 -9999 -9999 -9999 -9999 -9999 -9999 -9999 -9999 -9999 -9999 -9999 -9999 -9999 -9999 -9999 -9999 -9999 20 24 28 38 53 76 101 141 259 683 661 900 830 964 778 852 893 940 1097 1040 1123 1228 1434 1539 1596 1590 1710 1992 2055 2084 2097 2097 2093 2104 2136 2183 2237 2283 2294 2277 2244 2229 2265 2312 2351 2377
-9999 -9999 -9999 -9999 -9999 -9999 -9999 -9999 -9999 -9999 -9999 -9999 -9999 -9999 -9999 -9999 -9999 -9999 -9999 -9999 -9999 -9999 -9999 -9999 -9999 -9999 -9999 -9999 -9999 -9999 -9999 -9999 -9999 28 23 27 33 44 58 80 123 180 409 720 632 763 738 660 808 918 768 897 976 1128 1160 1204 1478 1505 1478 1520 1775 2034 2085 2104 2077 2069 2097 2141 2198 2265 2328 2328 2290 2248 2231 2260 2299 2330 2358
-9999 -9999 -9999 -9999 -9999 -9999 -9999 -9999 -9999 -9999 -9999 -9999 -9999 -9999 -9999 -9999 -9999 -9999 -9999 -9999 -9999 -9999 -9999 -9999 -9999 -9999 -9999 -9999 -9999 -9999 -9999 -9999 -9999 25 23 22 28 36 47 64 93 163 330 807 837 600 681 792 616 729 934 959 895 1056 1359 1219 1279 1422 1387 1401 1545 1987 2171 2186 2093 2047 2088 2140 2189 2260 2330 2323 2284 2254 2246 2265 2296 2326 2349
-9999 -9999 -9999 -9999 -9999 -9999 -9999 -9999 -9999 -9999 -9999 -9999 -9999 -9999 -9999 -9999 -9999 -9999 -9999 -9999 -9999 -9999 -9999 -9999 -9999 -9999 -9999 -9999 -9999 -9999 -9999 -9999 -9999 -9999 19 21 24 29 37 46 67 104 273 717 919 748 794 916 777 662 758 981 860 961 1044 1106 1098 1209 1232 1337 1468 1719 2310 2304 2220 2080 2102 2128 2156 2206 2247 2259 2252 2244 2247 2268 2298 2326 2349
-9999 -9999 -9999 -9999 -9999 -9999 -9999 -9999 -9999 -9999 -9999 -9999 -9999 -9999 -9999 -9999 -9999 -9999 -9999 -9999 -9999 -9999 -9999 -9999 -9999 -9999 -9999 -9999 -9999 -9999 -9999 -9999 -9999 -9999 17 21 22 24 27 35 47 79 180 419 765 845 856 984 966 856 672 953 977 1087 880 959 1091 1112 1168 1243 1386 1416 1674 1985 2245 2180 2116 2094 2100 2131 2161 2185 2202 2215 2237 2267 2302 2329 2355
-9999 -9999 -9999 -9999 -9999 -9999 -9999 -9999 -9999 -9999 -9999 -9999 -9999 -9999 -9999 -9999 -9999 -9999 -9999 -9999 -9999 -9999 -9999 -9999 -9999 -9999 -9999 -9999 -9999 -9999 -9999 -9999 -9999 -9999 -9999 -9999 -9999 23 22 27 31 48 110 162 355 738 850 1031 1088 1007 1053 757 1076 1128 923 935 1009 1093 1178 1282 1314 1181 1405 1700 1927 2050 2049 2028 2023 2039 2071 2107 2143 2179 2219 2260 2301 2338 2365
-9999 -9999 -9999 -9999 -9999 -9999 -9999 -9999 -9999 -9999 -9999 -9999 -9999 -9999 -9999 -9999 -9999 -9999 -9999 -9999 -9999 -9999 -9999 -9999 -9999 -9999 -9999 -9999 -9999 -9999 -9999 -9999 -9999 -9999 -9999 -9999 -9999 -9999 -9999 22 21 27 61 135 282 904 1045 1086 1053 1174 904 734 1040 1115 885 925 1040 1093 1235 1271 1180 1153 1273 1573 1714 1836 1914 1925 1928 1945 1980 2029 2085 2139 2196 2254 2307 2348 2379
-9999 -9999 -9999 -9999 -9999 -9999 -9999 -9999 -9999 -9999 -9999 -9999 -9999 -9999 -9999 -9999 -9999 -9999 -9999 -9999 -9999 -9999 -9999 -9999 -9999 -9999 -9999 -9999 -9999 -9999 -9999 -9999 -9999 -9999 -9999 15 -9999 -9999 -9999 -9999 17 24 40 81 222 747 859 919 1047 1191 1079 801 958 1360 1022 937 1050 1171 1296 1277 1072 1041 1184 1539 1655 1761 1826 1834 1824 1848 1894 1956 2026 2096 2171 2248 2313 2369 2399
-9999 -9999 -9999 -9999 -9999 -9999 -9999 -9999 -9999 -9999 -9999 -9999 -9999 -9999 -9999 -9999 -9999 -9999 -9999 -9999 -9999 -9999 -9999 -9999 -9999 -9999 -9999 -9999 -9999 -9999 -9999 -9999 -9999 -9999 -9999 -9999 -9999 -9999 -9999 -9999 -9999 20 28 64 142 486 691 864 975 1042 1197 1098 808 1306 1323 1081 1089 1352 1421 1330 1171 1190 1340 1578 1625 1731 1775 1755 1735 1772 1832 1900 1985 2057 2146 2233 2316 2385 2424
-9999 -9999 -9999 -9999 -9999 -9999 -9999 -9999 -9999 -9999 -9999 -9999 -9999 -9999 -9999 -9999 -9999 -9999 -9999 -9999 -9999 -9999 -9999 -9999 -9999 -9999 -9999 -9999 -9999 -9999 -9999 -9999 -9999 -9999 -9999 -9999 -9999 -9999 -9999 -9999 -9999 17 19 29 123 275 462 540 727 866 913 1150 847 1077 1328 1043 1080 1398 1554 1605 1526 1504 1616 1696 1740 1774 1785 1752 1706 1713 1794 1859 1950 2031 2118 2219 2322 2390 2451
-9999 -9999 -9999 -9999 -9999 -9999 -9999 -9999 -9999 -9999 -9999 -9999 -9999 -9999 -9999 -9999 -9999 -9999 -9999 -9999 -9999 -9999 -9999 -9999 -9999 -9999 -9999 -9999 -9999 -9999 -9999 -9999 -9999 -9999 -9999 -9999 -9999 -9999 -9999 -9999 -9999 -9999 13 16 168 378 448 651 725 936 863 789 815 824 1267 1035 1013 1256 1599 1856 1889 1852 1747 1863 1857 1907 1887 1836 1781 1750 1773 1839 1910 1991 2082 2188 2303 2402 2466
-9999 -9999 -9999 -9999 -9999 -9999 -9999 -9999 -9999 -9999 -9999 -9999 -9999 -9999 -9999 -9999 -9999 -9999 -9999 -9999 -9999 -9999 -9999 -9999 -9999 -9999 -9999 -9999 -9999 -9999 -9999 -9999 -9999 -9999 -9999 -9999 -9999 -9999 -9999 -9999 -9999 -9999 7 9 47 188 203 323 429 744 814 797 1031 857 1114 1086 982 1139 1438 2152 2109 2144 2000 2015 2082 2080 2051 1979 1904 1847 1831 1850 1890 1950 2029 2130 2239 2336 2384
-9999 -9999 -9999 -9999 -9999 -9999 -9999 -9999 -9999 -9999 -9999 -9999 -9999 -9999 -9999 -9999 -9999 -9999 -9999 -9999 -9999 -9999 -9999 -9999 -9999 -9999 -9999 -9999 -9999 -9999 -9999 -9999 -9999 -9999 -9999 -9999 -9999 -9999 -9999 -9999 -9999 -9999 4 6 14 41 179 451 474 558 885 797 994 954 1006 1148 999 1030 1279 2315 2008 2052 2199 2193 2323 2257 2261 2160 2056 1960 1894 1865 1869 1906 1968 2051 2141 2213 2261
-9999 -9999 -9999 -9999 -9999 -9999 -9999 -9999 -9999 -9999 -9999 -9999 -9999 -9999 -9999 -9999 -9999 -9999 -9999 -9999 -9999 -9999 -9999 -9999 -9999 -9999 -9999 -9999 -9999 -9999 -9999 -9999 -9999 -9999 -9999 -9999 -9999 -9999 -9999 -9999 -9999 -9999 -9999 5 7 45 187 291 462 688 962 1042 957 1065 766 1102 965 977 1347 2141 1868 1942 2241 2237 2088 2504 2499 2374 2224 2077 1955 1873 1839 1851 1895 1965 2037 2102 2149
