data/studyarea/bio14.asc
NCOLS 462 
NROWS 586 
XLLCORNER -113 
YLLCORNER -53.1666666666667 
CELLSIZE 0.166666666666667 
NODATA_value -9999 
[rows 37 to 73 of 586, columns 84 to 167 of 462]
13 13 13 13 14 14 15 16 18 19 19 19 20 21 21 22 23 25 26 26 27 29 31 33 34 35 36 36 38 38 37 37 38 39 39 39 39 39 39 40 41 42 43 44 46 47 49 50 52 53 54 53 52 52 52 54 55 55 57 59 62 65 66 66 65 65 67 71 73 73 73 73 74 76 75 73 71 69 69 68 70 71 71 71
13 13 13 13 14 15 15 16 17 18 19 19 20 20 21 22 24 26 26 27 28 30 33 35 36 37 38 38 38 38 38 38 39 39 39 39 40 40 41 43 44 45 46 48 48 49 50 51 53 54 55 55 53 52 53 56 58 59 61 64 66 69 72 72 70 70 72 73 72 72 73 73 74 74 74 72 70 69 68 69 70 71 71 71
13 13 13 14 14 15 15 16 17 18 19 20 21 21 21 23 24 26 27 29 30 31 33 35 36 37 37 38 38 38 38 38 39 39 39 40 41 42 43 45 47 48 48 50 50 50 51 52 53 54 57 58 57 55 55 58 61 62 65 67 70 73 72 71 71 71 71 71 72 71 71 72 73 74 74 73 71 69 68 70 72 72 72 72
13 13 14 14 15 15 16 17 18 18 19 21 22 22 22 24 26 26 27 30 31 32 34 35 36 37 38 38 39 39 39 39 40 40 41 42 43 44 45 47 49 49 50 51 51 51 52 53 54 54 59 62 61 60 59 61 64 67 69 72 73 73 72 71 71 70 71 72 72 71 70 71 73 75 75 74 73 71 71 73 73 73 74 75
13 13 14 15 15 16 17 18 19 19 20 22 23 24 24 25 26 26 28 31 33 34 35 36 37 38 39 40 41 41 41 40 41 42 42 43 45 46 47 48 50 51 51 51 51 51 53 55 57 59 64 64 64 65 65 67 69 73 75 75 74 74 74 74 73 72 72 73 73 72 71 72 74 75 76 76 74 74 74 75 75 75 76 77
13 14 14 15 16 17 18 19 20 21 21 22 24 25 26 26 27 28 30 31 33 35 35 35 37 38 39 40 41 42 42 42 43 43 44 46 47 48 48 49 51 51 51 51 51 52 54 58 62 64 67 68 69 70 71 72 74 74 75 74 74 74 75 75 74 75 74 74 75 73 72 72 74 76 77 77 76 75 76 76 77 77 78 79
13 14 15 16 17 19 20 21 22 22 23 24 25 26 26 27 29 30 31 32 34 36 35 35 37 39 39 40 41 42 43 43 44 45 46 47 49 49 49 50 52 52 52 51 51 53 56 60 63 67 70 72 73 75 75 75 75 75 74 74 74 75 76 76 76 77 76 76 75 74 73 73 74 75 76 76 76 77 76 75 75 77 79 80
13 14 15 17 18 20 21 22 23 24 24 24 25 26 27 28 30 31 32 34 36 37 37 37 39 41 42 42 42 42 43 44 46 47 47 48 49 49 49 51 53 54 54 53 54 57 60 63 66 70 73 74 75 75 74 74 75 74 74 75 76 77 77 78 79 79 78 77 76 75 74 75 75 75 75 75 76 77 77 77 77 78 79 80
14 15 16 18 19 20 21 22 23 24 24 25 26 27 28 30 31 32 33 35 37 38 39 40 41 43 44 44 44 44 44 46 47 48 48 48 48 48 49 50 52 54 56 57 58 61 64 68 72 75 74 75 75 75 75 74 75 75 76 77 79 81 82 82 81 81 79 77 75 75 75 76 76 77 76 76 76 77 78 78 79 79 79 79
15 16 17 19 19 20 20 22 23 24 25 26 27 28 29 31 32 33 34 37 39 40 41 43 43 45 46 46 46 46 47 47 48 49 49 49 50 50 50 52 54 56 59 60 63 66 70 75 76 75 75 74 74 75 75 75 76 77 78 80 82 84 86 85 84 82 80 77 74 73 75 76 76 77 76 77 79 80 80 81 80 79 80 81
16 17 18 19 20 20 20 21 23 24 25 26 28 29 30 32 33 34 36 38 40 42 43 45 46 47 48 48 48 48 49 49 49 51 52 52 52 52 53 55 57 59 62 65 68 72 76 77 76 75 75 74 74 74 74 75 78 79 80 82 83 85 87 87 85 82 80 77 75 74 75 75 76 76 77 79 81 83 83 83 81 80 80 80
16 17 18 18 19 19 20 21 23 24 25 26 28 30 31 32 34 35 36 39 41 43 44 46 48 50 51 51 51 51 52 52 51 53 56 57 55 56 57 59 60 62 64 68 72 76 79 76 75 74 75 75 75 74 74 75 78 80 82 83 84 85 85 86 85 82 81 78 76 76 76 76 75 75 75 77 81 83 85 83 82 82 81 82
17 17 18 18 19 19 19 21 23 24 26 27 29 31 32 33 34 35 37 40 42 45 46 48 51 52 53 53 53 53 55 55 55 57 61 61 59 58 59 60 62 64 66 69 73 78 79 75 71 72 75 76 75 75 73 74 76 79 81 82 83 83 84 85 84 83 81 80 79 79 78 76 74 70 70 75 80 83 83 84 85 84 85 86
18 18 18 19 19 19 20 21 23 25 27 28 30 31 32 33 34 36 39 41 44 46 49 51 52 53 54 55 55 56 57 58 59 61 62 62 60 59 59 61 63 65 67 69 73 78 80 75 68 72 76 77 74 71 68 70 74 77 79 80 80 81 83 85 84 83 82 81 81 80 80 79 75 70 68 73 81 84 84 85 86 87 89 87
18 19 19 20 20 21 22 23 25 26 28 29 30 31 32 33 35 37 40 43 45 48 50 52 53 52 54 57 59 60 60 61 62 62 63 62 61 58 60 63 66 67 68 69 74 79 81 78 75 76 79 78 74 69 64 68 72 75 76 77 77 79 82 84 85 83 82 81 81 81 82 82 79 75 72 74 81 86 87 85 85 87 89 87
19 20 20 21 21 22 24 25 26 27 28 29 31 32 33 34 36 39 41 44 46 47 49 51 51 51 55 59 61 62 62 63 63 63 63 64 64 64 64 66 70 71 71 72 76 82 81 79 78 78 77 78 75 70 68 69 73 74 74 74 75 78 81 83 84 83 83 82 82 83 84 85 83 81 79 80 84 88 87 84 86 89 89 88
21 20 21 21 22 24 26 27 26 27 28 30 32 34 35 36 38 40 41 43 44 47 50 51 52 52 55 59 61 61 63 64 63 63 63 64 65 66 67 69 72 74 76 77 80 84 81 80 79 78 77 78 75 72 70 71 73 73 73 73 74 76 79 82 82 82 83 84 85 86 87 87 85 84 84 86 88 89 87 87 92 93 88 90
22 22 22 23 25 27 29 28 27 27 29 31 33 35 37 38 39 40 42 43 44 47 50 52 52 53 55 57 56 56 59 63 64 63 64 64 66 68 70 73 76 78 79 81 83 84 81 80 79 78 79 77 75 73 72 73 74 74 74 74 75 77 80 81 81 81 82 83 85 88 90 90 89 88 88 89 89 89 92 97 95 92 91 87
23 23 24 25 26 28 29 29 29 30 31 33 35 36 38 38 39 41 43 45 46 49 51 53 54 54 54 53 48 47 53 61 65 65 65 66 68 71 75 78 80 82 84 85 84 83 81 80 80 80 80 77 75 73 73 74 75 76 76 76 76 79 80 81 81 82 82 84 85 88 90 89 88 87 87 88 89 89 94 98 95 91 91 85
24 25 25 26 26 27 28 29 31 33 34 35 36 37 38 39 41 43 45 47 49 51 53 55 56 57 55 47 35 39 51 60 64 64 66 68 71 74 76 78 81 83 84 83 82 81 80 80 81 82 81 78 76 74 74 76 78 78 79 79 79 80 79 81 82 82 83 83 83 86 88 88 87 86 86 87 89 93 94 92 88 90 84 86
28 28 27 27 27 27 28 29 32 34 36 37 38 39 40 41 42 45 48 50 52 53 55 57 58 58 57 52 49 50 59 63 66 68 70 73 76 78 79 78 81 81 81 80 79 78 78 78 80 81 80 79 78 77 77 78 80 82 82 82 81 81 80 82 82 82 81 80 81 84 86 87 88 87 86 87 90 91 88 87 90 89 85 88
28 29 28 27 27 27 28 31 33 35 37 38 39 40 41 42 44 47 50 53 54 55 56 59 61 64 64 64 64 64 66 69 72 74 77 79 81 82 82 81 80 79 77 77 76 75 75 76 77 78 78 77 77 80 79 80 82 84 84 83 83 82 81 82 83 82 81 79 79 82 85 86 86 85 85 84 86 84 82 88 88 89 87 89
25 26 27 27 27 28 29 31 34 36 37 38 39 40 41 43 46 49 53 56 57 57 57 61 64 68 70 72 76 75 75 75 76 78 80 83 83 84 83 82 79 77 75 75 73 73 73 73 74 75 76 76 77 80 82 83 83 84 84 83 82 81 80 82 84 84 83 83 82 84 85 85 84 82 82 81 81 79 83 84 86 87 86 87
24 26 27 29 30 30 31 32 35 37 38 39 40 41 42 44 47 50 54 57 58 58 59 62 65 69 72 75 79 82 84 83 84 84 84 85 85 84 82 81 80 78 77 75 74 72 72 71 72 73 74 75 76 79 80 81 82 83 82 81 80 78 80 83 85 86 86 86 86 86 87 85 84 83 82 80 78 80 81 81 82 81 82 82
25 27 28 30 31 31 32 33 35 37 39 40 41 42 44 46 48 51 54 57 58 59 60 62 65 69 73 76 77 80 82 84 85 86 86 85 83 83 81 81 81 80 79 77 75 73 72 71 71 71 72 73 76 77 79 80 80 80 80 79 78 77 81 84 86 87 87 88 88 88 87 87 85 83 81 78 78 78 78 80 78 79 79 79
27 27 28 29 31 32 33 34 36 38 40 41 43 46 46 48 50 52 54 57 60 61 61 62 65 68 72 72 74 76 78 81 85 86 85 83 82 82 82 81 81 82 79 79 77 75 73 71 71 71 71 72 75 76 77 78 78 77 77 78 78 78 80 84 86 87 87 88 88 88 87 85 83 80 79 78 77 76 77 78 79 80 80 79
26 27 28 29 31 32 33 35 37 39 40 41 44 46 47 49 50 52 54 57 60 61 61 63 66 69 70 69 72 77 78 82 86 86 85 85 82 81 82 81 81 82 82 80 78 75 72 71 71 71 71 71 73 74 76 76 76 76 76 77 79 79 80 83 85 86 87 87 88 87 86 84 81 79 78 79 76 74 76 79 81 82 81 82
25 26 27 29 31 33 33 36 38 40 42 43 45 46 47 49 51 53 55 57 59 61 63 63 65 67 69 70 73 77 81 85 89 87 86 85 83 82 82 82 82 82 83 82 78 74 70 70 70 70 70 70 71 73 75 76 77 77 77 78 79 80 81 82 84 85 87 87 88 87 86 83 79 77 79 77 75 74 75 79 82 83 83 83
25 26 28 30 31 33 34 37 39 41 43 45 46 47 48 50 52 54 56 58 59 61 61 61 64 67 69 71 73 77 81 84 88 88 87 86 83 82 82 82 83 83 83 82 78 74 70 68 68 69 69 70 71 73 76 78 79 79 79 79 80 82 82 80 82 84 86 87 88 88 85 82 78 77 78 77 75 74 75 79 82 84 83 82
27 28 29 31 32 33 35 37 39 42 44 46 48 47 48 52 55 56 56 56 57 58 58 59 62 66 68 71 74 76 80 82 85 86 86 85 84 83 82 82 83 83 82 81 78 74 71 68 67 68 69 71 72 74 78 81 82 81 81 81 81 84 81 80 81 82 84 85 86 86 84 81 79 77 77 76 76 76 80 83 83 83 83 80
28 30 31 33 34 35 36 38 41 42 45 47 48 48 50 53 54 54 54 55 56 56 56 58 61 64 67 70 72 75 78 80 82 83 84 84 83 83 83 82 82 82 82 80 77 74 72 70 68 69 71 73 75 77 80 83 84 84 83 83 83 83 81 79 79 81 82 83 84 83 82 80 78 76 75 75 76 80 83 83 82 81 79 77
30 31 33 35 36 37 38 40 41 43 45 46 47 50 51 52 52 52 53 54 54 55 56 57 59 62 66 69 71 74 77 78 80 80 81 81 82 82 83 82 80 80 81 79 77 75 74 72 71 71 73 76 77 79 82 84 87 87 86 86 85 82 80 79 79 80 81 82 82 81 80 79 76 74 73 75 78 80 80 81 79 77 76 75
32 34 36 37 36 36 40 41 42 44 46 46 47 50 51 50 50 50 51 51 52 53 55 55 57 61 64 67 70 72 75 77 77 77 78 79 80 81 82 80 78 77 78 78 77 76 75 74 72 73 75 75 77 78 80 83 86 86 86 85 84 82 80 79 79 80 81 80 81 80 78 76 74 73 72 74 76 78 78 78 77 75 73 72
33 35 37 39 37 34 40 42 43 44 45 47 47 49 49 48 48 49 49 49 50 51 53 55 57 60 62 65 68 70 72 73 74 74 76 77 78 79 79 77 75 73 76 78 77 76 76 75 75 75 75 76 76 76 79 82 85 85 85 84 83 81 80 80 81 81 81 80 79 78 75 74 73 72 72 73 74 75 75 75 75 74 71 67
32 35 37 38 37 37 39 42 44 45 45 46 48 50 47 47 47 47 47 48 48 49 51 53 56 60 62 65 67 68 69 69 71 72 74 77 79 78 78 76 74 73 75 78 77 76 76 77 76 76 76 75 75 77 80 83 85 86 85 84 81 79 79 81 83 83 81 79 77 75 72 71 70 71 71 71 71 71 71 72 72 71 67 61
32 34 36 38 40 40 42 42 44 45 46 46 47 49 47 46 47 47 47 48 49 50 51 53 56 59 62 65 67 68 67 67 68 70 74 77 79 79 79 77 75 75 77 79 78 77 77 77 78 78 76 74 69 74 80 84 86 86 85 82 79 76 80 81 83 82 80 78 74 72 69 67 66 68 68 69 68 68 68 68 68 66 62 56
32 34 36 41 41 41 43 42 43 46 46 47 48 48 48 48 48 47 48 49 49 50 52 53 56 60 63 66 67 68 68 68 69 71 75 78 81 82 82 81 79 79 79 81 79 78 78 78 79 78 77 75 69 75 82 85 87 87 85 82 77 76 80 82 82 81 79 77 73 70 67 64 64 65 66 66 66 67 67 67 66 63 59 55
