data/studyarea/bio16.asc
NCOLS 462 
NROWS 586 
XLLCORNER -113 
YLLCORNER -53.1666666666667 
CELLSIZE 0.166666666666667 
NODATA_value -9999 
[rows 324 to 359 of 586, columns 328 to 409 of 462]
974 977 979 978 974 966 956 960 -9999 -9999 -9999 -9999 -9999 -9999 -9999 -9999 -9999 -9999 -9999 -9999 -9999 -9999 -9999 -9999 -9999 -9999 -9999 -9999 -9999 -9999 -9999 -9999 -9999 -9999 -9999 -9999 -9999 -9999 -9999 -9999 -9999 -9999 -9999 -9999 -9999 -9999 -9999 -9999 -9999 -9999 -9999 -9999 -9999 -9999 -9999 -9999 -9999 -9999 -9999 -9999 -9999 -9999 -9999 -9999 -9999 -9999 -9999 -9999 -9999 -9999 -9999 -9999 -9999 -9999 -9999 -9999 -9999 -9999 -9999 -9999 -9999 547
971 974 979 980 981 982 982 988 1000 1014 -9999 -9999 -9999 -9999 -9999 -9999 -9999 -9999 -9999 -9999 -9999 -9999 -9999 -9999 -9999 -9999 -9999 -9999 -9999 -9999 -9999 -9999 -9999 -9999 -9999 -9999 -9999 -9999 -9999 -9999 -9999 -9999 -9999 -9999 -9999 -9999 -9999 -9999 -9999 -9999 -9999 -9999 -9999 -9999 -9999 -9999 -9999 -9999 -9999 -9999 -9999 -9999 -9999 -9999 -9999 -9999 -9999 -9999 -9999 -9999 -9999 -9999 -9999 -9999 -9999 -9999 -9999 -9999 -9999 -9999 489 500
969 974 980 986 992 998 1007 1017 1020 1021 1025 -9999 -9999 -9999 -9999 -9999 -9999 -9999 -9999 -9999 -9999 -9999 -9999 -9999 -9999 -9999 -9999 -9999 -9999 -9999 -9999 -9999 -9999 -9999 -9999 -9999 -9999 -9999 -9999 -9999 -9999 -9999 -9999 -9999 -9999 -9999 -9999 -9999 -9999 -9999 -9999 -9999 992 1020 1032 1016 978 937 892 861 858 820 780 -9999 -9999 -9999 -9999 -9999 -9999 -9999 -9999 -9999 -9999 -9999 -9999 -9999 -9999 -9999 -9999 -9999 473 475
970 973 980 990 1001 1011 1025 1037 1033 1026 1022 1022 -9999 -9999 -9999 -9999 -9999 -9999 -9999 -9999 -9999 -9999 -9999 -9999 -9999 -9999 -9999 -9999 -9999 -9999 -9999 -9999 -9999 -9999 -9999 -9999 -9999 -9999 -9999 -9999 -9999 -9999 -9999 -9999 -9999 -9999 -9999 -9999 -9999 903 928 954 976 990 990 971 937 900 874 855 854 823 779 746 744 764 -9999 -9999 -9999 -9999 -9999 -9999 -9999 -9999 -9999 -9999 -9999 -9999 -9999 476 476 473
963 969 978 991 1007 1015 1024 1033 1031 1022 1016 1012 1013 -9999 -9999 -9999 -9999 -9999 -9999 -9999 -9999 -9999 -9999 -9999 -9999 -9999 -9999 -9999 -9999 -9999 -9999 -9999 -9999 1031 1003 974 948 925 909 893 883 875 866 862 862 866 -9999 880 894 910 929 945 958 966 963 947 916 878 847 831 832 815 771 749 748 748 746 734 -9999 -9999 -9999 -9999 -9999 -9999 -9999 -9999 -9999 -9999 -9999 495 485 482
944 952 959 985 1005 1019 1024 1024 1020 1011 1005 1000 996 995 -9999 -9999 -9999 -9999 -9999 -9999 -9999 -9999 -9999 -9999 -9999 -9999 -9999 -9999 -9999 -9999 -9999 1091 1060 1028 996 966 938 917 900 887 880 876 873 869 873 879 884 891 903 915 927 936 943 943 939 932 909 839 814 796 789 799 764 750 744 741 737 730 715 695 -9999 -9999 -9999 -9999 -9999 -9999 -9999 -9999 -9999 498 495 500
910 931 951 974 1002 1017 1016 1013 1008 1000 991 983 976 971 967 -9999 -9999 -9999 -9999 -9999 -9999 -9999 -9999 -9999 -9999 -9999 -9999 -9999 -9999 1148 1119 1087 1057 1023 988 954 925 903 887 877 872 871 877 873 877 885 892 902 909 917 924 927 927 925 915 906 872 819 797 775 768 773 761 748 742 741 736 726 717 695 682 659 -9999 -9999 -9999 -9999 -9999 -9999 -9999 510 508 517
891 918 948 970 989 1001 1004 1001 995 986 977 966 956 948 940 931 -9999 -9999 -9999 -9999 -9999 -9999 -9999 -9999 -9999 -9999 -9999 1143 1148 1134 1109 1080 1048 1014 973 936 907 885 872 866 863 862 867 872 880 890 900 908 915 919 920 918 914 904 890 878 849 821 791 765 763 771 767 743 742 739 735 726 718 700 683 668 644 -9999 -9999 -9999 -9999 -9999 -9999 512 511 522
894 911 940 964 981 987 989 988 983 975 963 950 937 927 917 909 -9999 -9999 -9999 -9999 -9999 -9999 -9999 -9999 -9999 1083 1105 1122 1126 1117 1096 1068 1034 995 953 913 884 864 854 852 852 854 860 869 882 896 908 916 921 920 916 910 900 886 868 849 819 804 782 766 760 762 769 755 751 748 743 734 722 712 689 671 654 622 -9999 -9999 -9999 -9999 -9999 496 500 503
909 922 941 959 970 975 982 981 975 964 951 937 922 909 899 892 892 -9999 -9999 -9999 -9999 -9999 -9999 -9999 1037 1064 1088 1104 1110 1103 1084 1055 1018 976 931 888 856 840 835 836 839 843 852 865 883 901 915 923 924 921 913 902 888 869 849 823 798 783 770 770 766 759 762 768 767 760 755 744 734 725 703 697 666 627 587 -9999 -9999 -9999 468 467 477 487
930 938 949 961 972 977 982 980 971 958 941 924 909 896 887 881 885 -9999 -9999 -9999 -9999 -9999 -9999 985 1017 1049 1075 1093 1101 1095 1075 1046 1007 961 911 861 826 817 819 822 826 832 841 857 881 909 926 930 928 919 909 895 876 852 825 795 777 767 763 761 762 763 767 791 798 788 776 758 745 738 734 710 675 641 601 553 -9999 -9999 446 440 439 462
949 952 959 969 979 986 990 986 975 958 937 915 896 882 875 873 878 892 -9999 -9999 -9999 -9999 954 972 1007 1039 1067 1088 1098 1093 1075 1043 1002 953 902 850 809 805 810 812 815 820 829 845 877 917 939 938 928 916 904 887 866 839 802 763 751 748 750 753 762 767 787 806 810 805 774 766 756 745 758 747 714 668 617 565 526 -9999 470 456 453 464
965 966 972 981 991 999 1004 999 985 965 939 911 890 879 868 863 872 892 -9999 -9999 -9999 950 959 977 1005 1035 1065 1089 1102 1100 1081 1045 1002 953 904 858 826 815 810 808 808 810 817 833 867 921 946 933 919 907 895 880 861 824 774 729 723 729 736 747 757 772 794 816 819 793 782 773 768 764 778 780 756 704 640 583 546 -9999 -9999 497 494 484
978 979 985 995 1003 1012 1015 1010 998 980 953 924 902 887 869 860 877 897 914 -9999 941 951 964 981 1006 1036 1065 1093 1111 1114 1093 1052 1005 957 911 871 844 831 817 807 803 802 807 819 845 884 910 909 900 890 881 870 857 814 752 704 700 711 725 740 760 775 793 805 804 784 776 773 780 804 827 829 818 749 671 603 567 556 -9999 528 521 507
991 995 1002 1007 1014 1019 1022 1020 1014 1004 984 956 930 908 891 884 894 910 922 -9999 943 953 967 983 1006 1035 1065 1093 1120 1139 1104 1055 1005 959 916 880 853 832 816 805 798 798 796 800 812 836 863 875 875 871 860 847 834 795 742 702 691 704 724 748 770 785 791 788 777 768 766 772 789 814 853 861 878 801 715 637 593 602 -9999 557 537 515
999 1006 1013 1018 1021 1025 1028 1028 1027 1031 1033 1014 970 935 919 915 919 930 938 942 948 954 965 982 1003 1028 1055 1082 1107 1124 1092 1046 999 956 917 883 855 833 813 802 792 791 787 784 785 803 831 846 853 850 839 822 802 770 730 698 692 704 726 753 777 788 797 783 763 754 757 773 794 814 851 931 934 856 778 710 668 652 624 581 544 520
1005 1012 1019 1023 1026 1029 1032 1033 1042 1055 1071 1055 998 958 942 941 944 953 954 951 950 951 960 974 994 1018 1040 1062 1079 1080 1059 1025 987 948 913 881 855 833 813 801 794 788 786 783 785 797 817 830 836 835 827 810 781 752 714 691 689 700 726 755 780 793 792 764 749 747 758 780 795 810 827 896 937 886 836 784 747 716 666 613 572 531
1006 1013 1019 1023 1027 1030 1032 1036 1044 1054 1055 1033 995 970 960 956 964 974 968 955 946 942 947 962 982 1003 1023 1037 1044 1040 1023 997 966 934 903 877 854 834 818 808 801 793 788 789 792 801 814 823 830 828 824 807 777 745 705 682 690 705 736 765 785 794 760 734 728 740 774 796 800 811 826 865 922 896 859 820 791 758 692 630 590 533
1006 1011 1017 1022 1025 1027 1029 1034 1038 1040 1034 1010 991 975 966 963 970 976 969 953 934 923 927 948 968 987 1003 1011 1012 1006 990 968 942 916 890 868 850 834 822 814 805 799 795 797 801 809 818 824 829 832 830 818 788 756 724 707 716 730 761 778 778 767 720 698 715 737 767 796 812 805 819 849 902 891 854 817 786 745 687 629 584 541
1002 1006 1012 1017 1020 1023 1024 1027 1026 1022 1014 1004 990 974 965 963 970 971 963 947 916 890 904 933 957 974 983 986 982 972 958 939 915 895 874 858 843 833 826 817 809 803 802 804 810 816 824 830 836 847 842 832 811 785 765 753 754 763 800 817 775 777 728 694 706 733 763 782 831 812 806 841 888 865 826 790 754 713 662 614 579 549
997 999 1005 1009 1013 1016 1017 1017 1016 1012 1007 1000 992 979 965 966 969 968 958 939 911 886 900 926 950 964 966 961 953 941 926 910 891 873 856 842 834 827 827 819 813 808 809 812 818 825 834 842 856 863 865 850 835 818 807 799 791 792 840 850 775 788 762 702 706 723 749 800 830 826 802 817 839 821 786 753 716 675 631 593 563 547
984 988 993 998 1003 1007 1007 1008 1007 1003 1000 995 990 989 986 977 972 968 955 934 911 897 904 924 947 956 947 935 922 910 897 881 865 848 834 823 819 817 821 819 812 811 813 818 824 831 840 854 878 889 878 866 852 851 850 838 815 813 841 843 770 745 839 716 707 736 759 758 789 781 777 783 804 776 746 715 680 640 597 560 532 529
963 971 977 984 991 996 997 999 998 994 991 989 985 989 989 982 972 968 953 932 910 897 897 910 932 935 916 900 890 879 869 854 837 824 807 799 800 805 811 815 810 811 815 823 829 834 840 853 887 896 869 861 859 869 875 853 825 819 860 818 743 742 852 785 728 718 771 741 736 721 701 716 765 735 711 681 648 610 571 531 508 -9999
939 949 958 968 977 984 987 987 987 984 979 976 975 975 974 970 967 963 951 925 901 883 875 876 882 880 869 860 854 848 842 828 814 795 776 768 780 798 808 806 804 809 817 825 832 835 835 836 833 835 842 850 864 886 881 859 837 830 894 826 762 724 843 908 895 791 729 692 732 665 647 654 699 706 680 655 626 594 558 524 498 -9999
918 924 934 951 962 971 976 977 977 972 966 959 955 952 950 948 949 951 938 906 880 859 843 834 825 818 816 816 818 819 818 807 792 772 755 740 760 786 802 791 796 804 815 826 835 839 832 815 793 799 823 841 867 881 880 864 863 884 951 883 818 754 818 907 937 855 736 718 692 641 633 636 689 692 664 641 613 583 555 533 522 535
883 893 908 931 947 959 967 968 967 960 950 937 929 923 919 916 915 912 898 871 849 830 810 792 773 769 766 776 786 792 799 790 775 759 741 732 743 763 769 778 788 798 811 823 833 839 834 813 801 803 815 836 851 868 877 879 910 1004 1058 972 924 808 821 827 838 900 829 774 710 640 655 666 713 693 667 643 614 585 567 554 546 540
837 854 876 908 934 949 956 959 954 944 929 911 897 888 881 878 873 866 852 831 812 802 785 770 762 755 761 769 765 764 774 774 763 752 733 722 731 746 754 765 779 792 806 818 828 834 831 820 812 813 818 837 857 878 887 901 971 1020 1034 955 886 856 780 779 856 924 873 842 683 649 659 704 749 715 679 654 626 606 587 572 558 540
784 810 846 884 917 937 945 946 941 927 902 879 857 845 838 832 829 823 811 792 777 774 775 780 785 783 799 802 784 759 765 765 763 749 732 728 740 740 743 757 772 785 798 811 821 831 828 824 820 815 823 836 853 868 883 916 932 937 943 917 856 844 800 871 917 879 771 697 657 661 676 746 776 742 696 663 639 621 605 586 568 554
736 766 813 857 900 929 941 938 931 905 871 839 813 800 794 792 789 784 776 763 755 759 778 800 830 852 862 860 834 804 785 774 764 756 738 731 734 734 740 753 767 779 793 807 818 827 827 822 814 815 824 841 863 866 876 891 878 895 903 923 837 833 831 872 873 863 743 681 656 655 664 721 720 705 693 667 651 635 618 601 579 566
713 750 794 868 905 920 923 922 912 873 825 785 765 753 748 748 744 747 748 753 756 761 789 827 878 910 931 927 893 859 830 803 788 773 754 738 736 736 743 753 764 775 787 801 812 822 825 821 810 806 809 847 875 903 918 856 846 871 886 881 822 806 822 828 840 832 720 674 655 643 643 652 665 673 681 670 660 649 630 612 595 570
720 762 834 877 888 887 882 878 879 820 758 725 704 685 691 702 718 729 746 752 764 777 809 850 905 952 991 995 947 904 867 834 808 787 764 743 739 743 747 755 763 773 781 794 807 821 826 825 816 821 827 866 910 987 923 832 816 829 840 838 809 796 815 816 814 799 712 683 665 648 637 668 640 650 674 668 663 655 649 632 600 586
727 766 838 884 867 858 847 825 790 734 685 641 619 625 645 668 690 711 730 749 767 793 831 869 913 958 1006 1009 968 926 884 842 814 789 772 755 748 749 753 759 766 772 778 790 808 824 837 840 841 860 861 904 1023 974 892 821 801 795 791 802 788 784 790 793 799 769 730 710 688 670 686 682 625 639 662 664 667 675 665 642 621 609
726 757 827 859 847 825 796 760 714 659 604 553 560 589 620 650 677 711 734 754 774 809 844 874 906 941 969 975 957 922 885 853 831 806 801 772 759 758 761 767 772 778 787 798 816 839 857 867 865 887 923 973 971 907 843 802 791 768 763 766 753 746 744 753 768 772 762 745 736 702 688 678 639 638 655 663 668 675 677 658 636 625
731 757 800 810 800 777 746 705 656 603 539 496 538 597 612 643 671 702 735 773 799 822 846 870 896 920 936 937 927 908 883 858 839 817 821 782 777 768 770 774 780 788 798 809 825 847 877 897 898 910 937 917 879 837 809 780 756 742 734 724 713 706 709 721 740 776 799 786 773 747 704 682 661 647 652 659 668 675 672 656 643 631
738 754 767 768 757 735 703 664 629 593 525 490 510 568 618 651 674 705 741 777 799 819 842 864 881 896 906 909 900 879 857 840 829 832 837 825 804 778 778 781 789 798 808 814 830 848 899 931 926 930 918 882 831 803 779 742 725 720 711 706 698 693 689 693 703 772 805 802 777 752 720 681 669 668 660 663 674 670 661 647 639 627
733 735 738 733 719 699 669 640 609 568 535 524 547 592 621 667 689 723 757 782 801 820 838 855 867 876 879 886 885 873 847 828 810 809 826 829 801 786 784 785 795 804 811 809 808 816 893 933 926 919 878 829 793 784 755 729 715 713 704 699 692 687 688 673 672 734 781 783 771 749 719 698 667 674 672 674 665 660 648 639 630 616
