data/studyarea/bio15.asc
NCOLS 462 
NROWS 586 
XLLCORNER -113 
YLLCORNER -53.1666666666667 
CELLSIZE 0.166666666666667 
NODATA_value -9999 
[rows 38 to 75 of 586, columns 0 to 83 of 462]
-9999 -9999 -9999 -9999 -9999 -9999 -9999 -9999 -9999 -9999 -9999 -9999 -9999 -9999 -9999 -9999 -9999 -9999 -9999 -9999 -9999 -9999 -9999 25 26 26 25 23 21 19 19 20 20 20 21 21 20 21 24 28 39 51 56 37 33 50 43 44 46 51 53 57 59 61 62 62 62 62 62 62 66 63 64 67 66 66 65 64 64 63 63 62 62 62 59 59 57 56 55 55 54 53 53 52
-9999 -9999 -9999 -9999 -9999 -9999 -9999 -9999 -9999 -9999 -9999 -9999 -9999 -9999 -9999 -9999 -9999 -9999 -9999 -9999 -9999 -9999 26 27 26 24 24 21 20 20 20 21 21 21 21 21 21 21 21 25 43 57 59 56 32 42 46 40 43 45 47 51 57 58 59 59 59 60 62 63 63 64 64 65 64 66 66 65 64 65 65 64 63 62 60 58 57 57 55 54 53 52 52 50
-9999 -9999 -9999 -9999 -9999 -9999 -9999 -9999 -9999 -9999 -9999 -9999 -9999 -9999 -9999 -9999 -9999 -9999 -9999 -9999 -9999 26 27 29 27 24 22 21 21 21 22 22 22 21 22 24 23 22 26 36 53 58 59 57 52 42 47 44 40 41 44 48 51 53 57 57 59 62 61 62 63 63 63 65 65 66 64 64 64 64 65 63 62 61 60 59 57 56 54 54 53 54 52 50
-9999 -9999 -9999 -9999 -9999 -9999 -9999 -9999 -9999 -9999 -9999 -9999 -9999 -9999 -9999 -9999 -9999 -9999 -9999 -9999 27 27 27 27 27 26 23 23 22 22 23 22 23 23 23 23 22 23 22 27 46 55 58 60 43 34 43 44 42 42 44 47 51 53 55 57 59 60 60 61 61 62 64 64 65 64 65 66 66 64 62 63 63 61 59 58 57 56 55 55 54 54 53 51
-9999 -9999 -9999 -9999 -9999 -9999 -9999 -9999 -9999 -9999 -9999 -9999 -9999 -9999 -9999 -9999 -9999 -9999 -9999 28 28 28 28 27 27 26 25 23 24 23 24 24 24 24 26 24 23 23 22 22 32 53 58 57 55 52 41 42 43 45 46 49 52 55 57 59 59 59 61 60 61 61 62 64 66 65 67 64 64 65 63 63 61 61 58 57 56 56 55 55 55 53 52 51
-9999 -9999 -9999 -9999 -9999 -9999 -9999 -9999 -9999 -9999 -9999 -9999 -9999 -9999 -9999 -9999 -9999 -9999 30 29 29 29 28 29 27 27 26 25 26 26 26 26 26 26 26 26 26 23 23 23 31 48 55 55 54 49 35 38 47 49 51 53 57 58 58 61 60 60 61 61 61 61 64 64 65 66 64 65 64 62 61 61 60 59 57 55 54 54 54 55 54 52 51 50
-9999 -9999 -9999 -9999 -9999 -9999 -9999 -9999 -9999 -9999 -9999 -9999 -9999 -9999 -9999 -9999 -9999 -9999 32 31 31 29 29 28 29 29 29 28 28 28 27 28 27 27 26 27 26 24 23 24 28 42 51 53 50 45 34 42 50 54 57 52 57 61 62 61 62 63 62 62 62 63 64 65 65 63 61 61 61 61 60 59 60 57 56 54 53 53 53 53 53 52 50 49
-9999 -9999 -9999 -9999 -9999 -9999 -9999 -9999 -9999 -9999 -9999 -9999 -9999 -9999 -9999 -9999 -9999 32 33 31 31 31 30 30 31 31 31 30 31 30 28 29 28 28 28 28 28 27 27 25 27 35 48 51 47 37 37 48 53 57 60 61 56 59 62 65 66 65 64 65 65 65 64 64 63 62 60 61 61 60 59 58 57 56 55 54 52 50 50 50 51 51 50 48
-9999 -9999 -9999 -9999 -9999 -9999 -9999 -9999 -9999 -9999 -9999 -9999 -9999 -9999 -9999 -9999 -9999 33 34 33 32 34 32 32 33 33 35 36 36 33 31 30 30 30 30 30 30 30 34 27 28 35 47 49 42 36 41 54 60 65 71 76 68 65 63 66 69 67 66 65 65 63 63 61 62 60 60 61 62 62 60 59 58 57 55 54 51 50 49 50 50 49 48 48
-9999 -9999 -9999 -9999 -9999 -9999 -9999 -9999 -9999 -9999 -9999 -9999 -9999 -9999 -9999 -9999 33 34 33 34 36 35 35 36 35 36 38 39 37 36 35 34 34 33 33 35 34 36 39 31 30 39 49 49 41 37 46 57 64 70 74 76 70 68 71 70 72 70 68 67 65 63 62 62 60 61 60 62 63 61 58 58 57 57 56 53 51 50 49 50 51 50 49 47
-9999 -9999 -9999 -9999 -9999 -9999 -9999 -9999 -9999 -9999 -9999 -9999 -9999 -9999 -9999 -9999 34 34 35 37 37 37 36 34 37 39 39 39 40 39 39 38 40 39 39 38 37 38 41 39 36 46 49 49 49 45 48 53 66 70 74 75 75 75 74 72 72 72 70 68 67 65 64 61 60 60 61 60 61 60 58 57 56 57 56 54 52 51 51 51 51 49 49 47
-9999 -9999 -9999 -9999 -9999 -9999 -9999 -9999 -9999 -9999 -9999 -9999 -9999 -9999 -9999 35 35 36 36 39 38 39 38 36 37 43 44 44 43 41 42 44 44 46 45 43 40 36 46 52 51 52 53 49 48 44 53 63 71 69 71 74 76 77 75 75 74 72 70 71 67 66 64 62 60 60 59 60 59 58 57 56 56 56 56 55 54 52 52 51 50 49 49 48
-9999 -9999 -9999 -9999 -9999 -9999 -9999 -9999 -9999 -9999 -9999 -9999 -9999 -9999 -9999 37 36 37 36 38 39 40 40 40 37 43 46 47 44 45 44 47 50 50 48 48 37 35 36 37 48 54 53 49 43 52 63 72 72 71 71 72 74 75 75 72 73 71 72 69 68 67 63 62 61 61 60 59 59 59 58 57 55 55 56 56 54 52 52 51 51 49 48 48
-9999 -9999 -9999 -9999 -9999 -9999 -9999 -9999 -9999 -9999 -9999 -9999 -9999 -9999 -9999 38 38 38 38 39 41 40 40 41 40 41 50 48 49 47 47 50 53 54 53 51 43 39 38 38 48 56 53 44 42 55 68 71 71 71 72 72 70 71 73 71 72 70 71 70 68 65 63 62 61 60 59 60 58 57 57 55 55 56 55 56 55 54 53 52 52 51 50 49
-9999 -9999 -9999 -9999 -9999 -9999 -9999 -9999 -9999 -9999 -9999 -9999 -9999 -9999 -9999 42 41 40 40 41 41 41 42 45 44 50 48 47 50 51 50 51 54 56 54 50 44 43 41 45 50 53 54 47 49 60 71 73 71 70 70 68 68 69 70 72 72 70 70 69 66 65 63 62 61 59 59 59 58 57 56 56 54 53 54 54 54 54 53 52 51 50 50 49
-9999 -9999 -9999 -9999 -9999 -9999 -9999 -9999 -9999 -9999 -9999 -9999 -9999 -9999 45 43 43 43 42 43 43 44 44 48 47 47 45 45 45 49 52 53 56 54 52 51 48 48 46 49 51 53 55 58 58 64 70 72 73 70 70 67 69 68 68 70 71 70 68 68 65 63 61 60 60 59 59 58 57 56 56 54 54 53 53 53 54 54 54 52 52 50 49 48
-9999 -9999 -9999 -9999 -9999 -9999 -9999 -9999 -9999 -9999 -9999 -9999 -9999 -9999 49 46 45 46 45 46 46 47 48 48 47 45 41 43 45 53 55 55 53 48 51 52 49 47 49 50 49 54 58 60 64 67 69 70 69 67 67 67 65 68 68 70 72 71 68 67 64 62 60 59 58 59 59 59 58 57 56 55 55 54 54 54 54 54 54 53 52 50 49 47
-9999 -9999 -9999 -9999 -9999 -9999 -9999 -9999 -9999 -9999 -9999 -9999 -9999 -9999 50 48 48 48 49 48 50 49 51 51 48 47 44 42 44 51 60 56 47 51 56 55 53 49 50 45 48 53 59 61 66 68 69 66 65 64 66 65 66 66 67 69 70 68 66 64 63 59 58 57 58 60 60 60 60 59 58 57 55 53 53 54 54 54 54 53 53 50 48 45
-9999 -9999 -9999 -9999 -9999 -9999 -9999 -9999 -9999 -9999 -9999 -9999 -9999 -9999 52 54 51 53 52 53 53 54 51 53 52 51 48 48 47 50 60 63 64 64 60 57 53 50 51 46 48 56 62 64 67 69 69 66 65 64 65 67 68 67 68 69 70 66 63 62 60 59 58 57 59 62 62 62 61 61 60 58 56 54 54 54 54 54 54 52 51 49 46 43
-9999 -9999 -9999 -9999 -9999 -9999 -9999 -9999 -9999 -9999 -9999 -9999 -9999 -9999 54 53 54 54 55 54 53 55 55 56 55 51 52 53 53 55 62 63 67 66 64 60 57 54 51 50 50 56 60 64 68 69 68 65 64 64 63 66 67 68 67 68 66 61 61 60 60 60 59 61 61 63 64 62 61 61 59 58 56 55 54 53 53 53 53 52 51 49 43 34
-9999 -9999 -9999 -9999 -9999 -9999 -9999 -9999 -9999 -9999 -9999 -9999 -9999 -9999 51 54 55 57 56 57 57 59 60 60 59 60 57 57 58 63 62 63 66 69 64 63 60 55 54 51 52 56 60 65 68 71 69 68 65 64 64 66 66 67 68 66 65 63 63 61 61 60 61 60 62 62 62 61 61 60 59 58 56 55 54 53 53 54 53 52 51 49 46 35
-9999 -9999 -9999 -9999 -9999 -9999 -9999 -9999 -9999 -9999 -9999 -9999 -9999 -9999 51 52 55 57 55 56 58 60 63 63 65 62 63 64 65 67 64 65 71 71 68 67 64 59 56 56 55 57 61 65 72 71 69 67 65 64 64 64 65 68 69 68 67 66 65 63 61 60 61 62 61 62 61 61 61 60 59 57 56 55 54 53 53 52 51 51 50 49 48 43
-9999 -9999 -9999 -9999 -9999 -9999 -9999 -9999 -9999 -9999 -9999 -9999 -9999 -9999 -9999 50 52 54 53 54 58 63 67 67 70 68 68 69 67 68 69 73 77 74 74 67 67 63 60 60 60 59 61 66 69 69 68 68 65 65 63 65 63 66 67 69 67 65 66 64 62 61 62 61 61 63 62 60 60 60 59 58 56 53 53 53 53 51 50 49 48 48 47 45
-9999 -9999 -9999 -9999 -9999 -9999 -9999 -9999 -9999 -9999 -9999 -9999 -9999 -9999 -9999 48 48 48 47 48 54 63 69 70 69 68 68 68 70 70 68 71 75 76 74 74 67 66 65 61 62 61 64 66 70 70 68 67 65 65 63 62 63 66 68 67 66 66 66 64 63 60 60 62 62 62 61 60 58 58 58 57 55 53 51 51 51 49 48 46 46 46 45 44
-9999 -9999 -9999 -9999 -9999 -9999 -9999 -9999 -9999 -9999 -9999 -9999 -9999 -9999 -9999 48 48 47 45 46 50 57 68 67 64 65 65 64 66 71 74 80 81 80 76 75 69 69 65 65 65 64 65 66 69 71 68 69 65 64 64 63 65 66 66 67 68 67 65 64 62 61 61 61 61 61 59 58 59 59 57 56 54 52 51 51 49 48 47 46 45 45 43 43
-9999 -9999 -9999 -9999 -9999 -9999 -9999 -9999 -9999 -9999 -9999 -9999 -9999 -9999 -9999 49 49 48 48 47 49 53 57 58 65 67 67 67 69 74 77 81 76 78 77 74 69 69 67 69 66 64 63 69 71 71 71 69 68 66 65 66 65 66 67 68 67 67 65 63 64 62 61 60 61 60 59 58 58 58 57 54 53 52 50 49 48 47 46 45 44 44 43 42
-9999 -9999 -9999 -9999 -9999 -9999 -9999 -9999 -9999 -9999 -9999 -9999 -9999 -9999 -9999 48 49 49 49 49 51 56 58 61 63 61 66 66 68 71 72 78 80 75 82 74 68 67 67 66 67 64 64 70 74 75 72 69 69 66 64 64 65 67 66 68 67 66 65 66 63 62 61 60 60 61 59 56 57 56 53 53 52 51 50 49 48 47 46 45 44 45 44 43
-9999 -9999 -9999 -9999 -9999 -9999 -9999 -9999 -9999 -9999 -9999 -9999 -9999 -9999 -9999 -9999 49 50 51 52 54 55 58 61 59 62 64 66 68 71 74 77 83 75 81 74 70 70 66 66 65 64 64 71 74 74 72 70 69 65 64 65 65 66 67 67 68 67 68 64 62 61 60 59 59 60 58 56 55 54 53 52 52 50 50 49 48 47 46 45 44 44 44 43
-9999 -9999 -9999 -9999 -9999 -9999 -9999 -9999 -9999 -9999 -9999 -9999 -9999 -9999 -9999 -9999 51 51 52 54 54 57 56 58 56 62 63 65 68 70 74 78 83 83 80 76 72 70 67 65 65 64 68 69 75 76 74 70 68 64 65 64 64 64 66 67 67 67 67 64 62 61 59 59 59 59 57 55 54 53 53 51 51 50 50 49 48 47 45 44 44 43 43 43
-9999 -9999 -9999 -9999 -9999 -9999 -9999 -9999 -9999 -9999 -9999 -9999 -9999 -9999 -9999 -9999 -9999 53 54 55 56 57 56 56 58 61 62 66 65 70 71 76 84 81 78 75 72 71 70 65 63 62 66 70 71 75 74 71 69 65 63 63 65 66 66 67 67 65 66 64 62 60 58 58 58 57 55 54 54 53 53 51 51 50 49 48 48 46 45 43 42 41 41 41
-9999 -9999 -9999 -9999 -9999 -9999 -9999 -9999 -9999 -9999 -9999 -9999 -9999 -9999 -9999 -9999 -9999 -9999 56 57 58 57 58 60 60 60 63 65 68 71 70 74 80 79 73 75 72 73 68 65 65 62 63 70 71 72 74 72 68 65 64 64 64 66 66 67 65 66 64 62 60 59 58 58 57 55 54 53 53 52 53 51 50 50 49 48 48 47 45 43 41 40 39 39
-9999 -9999 -9999 -9999 -9999 -9999 -9999 -9999 -9999 -9999 -9999 -9999 -9999 -9999 -9999 -9999 -9999 -9999 57 59 60 60 59 59 61 62 65 67 69 71 72 73 79 76 77 73 74 72 71 66 66 66 63 71 71 70 72 72 67 66 67 64 64 66 66 67 66 64 64 62 59 59 57 58 56 55 55 54 53 53 52 51 50 50 48 48 48 46 44 43 40 39 38 38
-9999 -9999 -9999 -9999 -9999 -9999 -9999 -9999 -9999 -9999 -9999 -9999 -9999 -9999 -9999 -9999 -9999 -9999 -9999 63 63 62 61 62 64 64 65 67 71 73 74 76 76 76 76 73 73 71 71 70 68 67 66 71 70 70 71 70 69 66 67 64 64 64 65 66 66 67 64 61 58 55 55 56 56 55 56 55 54 54 53 51 50 48 48 46 46 45 43 41 39 37 37 36
-9999 -9999 -9999 -9999 -9999 -9999 -9999 -9999 -9999 -9999 -9999 -9999 -9999 -9999 -9999 -9999 -9999 -9999 -9999 64 67 66 63 64 66 67 65 68 69 72 74 76 76 77 74 75 73 72 71 70 68 66 68 68 69 70 71 73 71 69 67 64 64 65 65 64 64 65 62 60 57 57 55 56 55 55 55 53 54 53 52 51 51 49 47 46 45 43 43 41 39 37 35 35
-9999 -9999 -9999 -9999 -9999 -9999 -9999 -9999 -9999 -9999 -9999 -9999 -9999 -9999 -9999 -9999 -9999 -9999 -9999 -9999 68 67 67 64 66 64 66 67 71 71 75 78 77 77 77 76 72 71 71 71 70 69 68 67 69 69 70 72 74 71 69 65 64 64 65 65 64 64 61 58 59 57 55 56 55 55 54 52 53 53 53 52 50 49 47 45 44 42 41 40 39 37 36 35
-9999 -9999 -9999 -9999 -9999 -9999 -9999 -9999 -9999 -9999 -9999 -9999 -9999 -9999 -9999 -9999 -9999 -9999 -9999 -9999 -9999 69 69 68 66 67 67 68 71 72 76 78 77 80 78 75 75 73 72 71 70 69 70 69 70 70 68 70 76 76 69 67 65 65 64 66 63 63 61 58 58 57 56 56 56 55 53 51 53 53 52 51 51 49 47 46 44 43 41 40 39 38 36 35
-9999 -9999 -9999 -9999 -9999 -9999 -9999 -9999 -9999 -9999 -9999 -9999 -9999 -9999 -9999 -9999 -9999 -9999 -9999 -9999 -9999 -9999 70 71 70 68 71 73 73 74 78 80 79 83 78 76 74 73 71 72 72 73 70 71 72 71 71 70 78 80 75 68 65 64 65 65 64 62 60 59 59 56 57 57 56 56 55 52 52 52 51 51 50 48 47 47 45 44 42 41 40 39 37 36
-9999 -9999 -9999 -9999 -9999 -9999 -9999 -9999 -9999 -9999 -9999 -9999 -9999 -9999 -9999 -9999 -9999 -9999 -9999 -9999 -9999 -9999 -9999 72 72 72 72 75 78 77 81 85 89 82 79 76 75 73 75 73 74 73 73 71 72 73 69 73 78 80 73 70 65 66 64 64 63 62 60 58 58 56 56 56 56 56 55 53 53 52 51 51 49 49 48 47 45 44 43 41 40 40 38 36
