data/studyarea/bio19.asc
NCOLS 462 
NROWS 586 
XLLCORNER -113 
YLLCORNER -53.1666666666667 
CELLSIZE 0.166666666666667 
NODATA_value -9999 
[rows 324 to 359 of 586, columns 246 to 327 of 462]
153 149 148 149 149 149 148 147 146 145 144 144 144 145 145 149 156 163 172 180 187 192 195 197 199 199 197 192 186 179 171 164 157 147 137 126 113 102 99 117 134 147 160 171 172 174 176 178 181 183 184 181 174 163 -9999 -9999 -9999 -9999 -9999 -9999 -9999 -9999 -9999 -9999 -9999 -9999 86 87 89 92 95 99 100 103 104 104 104 102 99 98 96 96
157 152 150 149 148 147 146 144 143 141 139 139 138 138 139 142 147 153 161 170 177 182 188 193 194 193 191 186 181 175 168 164 158 148 139 128 115 101 100 118 134 144 155 163 168 171 175 179 182 186 188 186 177 160 146 133 -9999 -9999 -9999 -9999 -9999 -9999 -9999 -9999 78 80 80 83 83 87 90 94 97 99 101 100 99 98 94 92 89 88
163 158 155 152 150 148 145 143 141 138 136 134 134 133 134 134 139 145 152 160 168 176 183 187 190 333 186 182 176 170 165 160 153 147 137 127 116 109 109 117 129 140 148 156 162 167 171 177 181 188 192 195 185 157 140 127 114 101 -9999 -9999 -9999 -9999 -9999 73 75 76 78 79 82 85 88 90 93 96 97 98 96 92 89 85 83 81
170 163 159 156 153 150 147 144 141 137 134 132 130 128 127 130 132 137 143 151 160 170 178 184 185 185 181 177 172 166 160 155 149 142 134 125 118 113 112 116 125 134 141 150 156 162 167 173 178 186 193 198 192 163 141 125 109 97 85 -9999 -9999 -9999 69 71 73 75 76 78 80 83 85 87 90 92 95 95 93 88 83 80 79 78
176 169 165 161 157 154 150 147 143 138 90 85 127 125 123 123 125 129 134 143 153 165 175 180 181 179 176 171 167 161 156 150 145 138 131 124 119 115 114 116 121 129 137 143 150 156 161 167 173 181 189 194 191 171 147 124 107 97 84 74 -9999 67 68 71 72 76 76 78 81 82 83 85 87 89 89 91 86 82 78 75 74 75
181 175 171 168 164 160 155 151 107 142 93 87 79 121 119 119 119 122 126 132 144 160 172 178 177 174 171 167 163 157 152 146 141 134 128 124 118 115 114 115 118 124 131 138 145 149 155 160 164 174 181 191 195 178 153 128 110 98 85 73 67 68 70 72 74 77 79 80 80 82 83 84 84 85 84 84 80 74 70 70 70 72
187 181 178 175 170 167 162 156 114 105 98 89 81 73 70 114 115 116 118 124 131 154 171 173 171 170 166 163 159 153 148 142 137 132 127 123 120 116 114 111 113 120 127 135 141 143 148 149 156 163 166 190 207 189 157 134 117 101 88 78 71 72 73 76 78 80 80 80 82 81 82 81 82 80 80 79 75 69 61 61 67 71
192 189 185 183 180 175 171 165 123 114 105 94 85 74 67 111 113 113 113 116 123 141 157 164 165 165 162 158 154 150 144 139 135 131 126 122 119 117 115 110 107 118 128 134 139 141 142 142 145 147 150 179 213 188 158 136 118 104 96 88 84 80 79 79 80 82 82 82 83 82 82 81 79 78 76 74 71 66 61 62 66 71
198 196 194 193 191 187 182 144 135 126 115 104 92 80 69 112 114 114 113 111 120 135 147 154 158 159 157 156 153 148 143 138 135 131 126 122 120 119 117 56 112 122 131 135 138 138 137 138 139 137 140 170 185 171 151 130 117 107 104 101 97 90 84 83 84 85 85 85 84 84 83 80 80 77 75 71 68 65 63 62 65 70
205 205 204 203 201 199 195 189 151 140 130 118 106 94 85 85 121 121 121 118 123 133 142 149 153 155 155 154 151 148 143 140 137 133 128 124 122 121 119 119 120 128 138 139 137 135 134 134 138 139 146 156 158 152 140 128 117 112 109 107 103 94 88 87 86 86 87 86 86 85 83 80 78 75 73 71 67 65 63 63 64 65
211 213 214 215 215 214 210 205 169 159 149 138 126 117 109 103 131 130 128 128 129 136 142 148 151 153 153 152 151 148 146 143 141 138 133 128 124 122 122 121 124 131 139 139 135 131 130 130 132 135 141 144 146 140 132 123 116 112 109 106 102 96 90 89 88 89 89 88 88 85 83 81 78 75 73 70 66 65 64 63 61 63
218 222 225 229 231 231 229 224 191 182 171 160 149 140 131 123 143 139 137 136 137 139 144 147 150 150 152 152 151 149 149 149 148 145 137 131 127 124 122 122 124 128 131 131 129 126 125 125 126 128 132 134 133 131 126 118 113 110 106 104 99 95 92 91 90 91 92 91 90 88 84 81 78 75 72 69 68 66 64 61 59 58
224 232 237 243 248 251 251 223 216 207 197 185 173 161 150 139 156 150 146 144 144 144 146 149 150 152 152 152 151 151 150 150 150 146 140 134 128 124 122 122 121 122 123 123 122 120 118 118 120 121 124 124 124 123 120 116 110 105 103 100 96 92 90 89 90 94 97 95 90 88 85 82 80 77 72 69 67 65 63 61 58 57
231 241 249 260 268 272 275 273 245 235 224 211 197 183 168 155 169 161 156 151 150 150 150 151 152 152 153 153 152 150 151 150 148 145 139 132 127 123 120 118 117 117 116 115 113 112 111 112 113 114 114 117 117 116 114 111 107 103 99 95 93 89 89 88 90 95 103 100 91 89 86 84 81 78 74 70 69 66 64 62 59 57
237 251 263 275 287 296 301 302 278 269 255 239 224 204 187 170 181 171 164 160 156 156 155 156 156 156 155 154 153 152 150 149 146 142 137 131 127 122 119 115 114 111 109 108 107 106 104 106 107 108 109 111 111 110 109 107 102 100 96 92 89 88 86 87 88 92 96 93 91 89 88 86 85 82 78 72 71 68 66 63 61 59
227 260 278 294 309 321 332 336 331 304 292 272 250 227 205 184 193 180 172 166 164 162 161 159 159 159 158 156 154 152 151 148 144 140 135 131 124 120 116 112 110 107 104 102 99 98 98 99 102 102 105 105 107 106 104 102 100 97 92 90 88 86 85 85 86 88 89 89 91 90 90 88 89 86 82 78 75 73 68 66 64 60
203 259 292 314 333 348 361 371 372 344 329 306 280 253 225 199 178 189 180 174 171 168 167 164 164 162 160 158 156 153 151 148 143 139 134 128 124 119 114 109 105 103 99 96 93 92 92 93 96 98 99 101 102 102 101 99 97 96 92 90 87 85 84 83 82 83 85 89 92 93 92 91 91 89 86 83 79 76 73 69 66 64
141 221 273 331 358 379 397 393 391 385 368 345 315 280 245 213 186 170 187 183 179 177 173 170 169 167 164 161 158 155 152 148 142 138 133 127 122 117 112 107 102 99 95 91 88 85 86 90 92 94 96 98 99 98 98 97 96 94 92 90 88 85 83 81 80 79 82 88 93 94 92 91 93 92 91 87 84 80 76 72 70 66
117 218 292 350 385 415 437 450 453 426 407 378 345 307 266 227 194 177 198 193 188 185 181 178 174 171 167 165 162 157 154 148 143 139 133 127 121 115 110 106 100 96 92 88 85 84 85 87 90 92 93 95 96 96 95 95 94 93 91 90 88 86 84 82 80 81 83 89 92 92 90 90 93 95 95 91 87 84 80 76 73 70
62 200 316 370 418 453 478 494 489 481 458 420 379 335 293 251 217 196 212 206 199 195 190 186 182 177 174 169 165 160 155 150 145 139 134 128 121 115 109 105 100 94 90 87 84 83 85 87 89 90 92 93 94 94 95 94 94 92 92 91 89 87 86 85 84 85 87 92 95 94 91 91 99 100 97 95 92 88 84 80 76 72
44 75 296 389 447 506 542 550 552 553 512 463 417 368 321 280 245 221 205 194 212 205 199 194 190 184 180 174 169 163 158 152 146 141 134 128 122 116 110 105 100 95 91 86 84 84 86 88 89 91 92 94 94 94 95 95 94 92 92 90 89 90 88 88 88 90 92 96 98 101 100 98 101 103 101 98 95 91 87 83 77 75
32 31 122 306 412 521 638 696 697 633 578 509 450 405 350 307 273 245 249 209 225 217 209 202 197 191 186 179 174 168 161 156 150 143 136 131 123 118 111 107 102 96 93 89 87 87 87 89 91 93 92 93 94 94 95 94 93 93 92 92 91 90 90 91 92 93 97 99 104 107 108 106 108 107 105 101 98 94 90 84 79 75
29 26 24 52 123 211 573 770 721 723 683 607 510 440 378 332 296 264 242 224 238 227 220 212 205 199 192 186 178 173 166 161 154 147 140 133 127 120 113 109 105 101 98 94 92 92 92 92 94 95 94 95 95 96 95 94 93 93 93 92 92 92 92 93 95 97 100 104 109 111 111 112 114 112 109 105 99 94 88 82 77 71
21 23 21 25 27 34 254 335 569 749 695 629 530 480 405 358 316 281 257 261 247 237 229 220 213 206 200 192 185 179 172 165 160 152 145 138 130 123 116 113 109 106 104 102 99 99 97 97 98 97 98 97 97 97 97 96 95 94 94 94 94 93 94 95 97 99 102 105 109 111 113 114 115 112 109 105 99 93 85 79 73 68
19 18 20 20 27 27 47 29 57 322 438 480 523 478 427 373 341 295 266 269 252 245 237 230 223 215 207 199 191 184 177 171 165 159 152 144 137 128 120 118 117 115 113 110 108 106 104 103 103 102 101 101 99 99 99 98 97 96 95 94 95 95 95 97 98 101 103 106 109 110 112 114 113 112 109 105 97 90 82 76 70 63
18 20 17 21 25 30 29 29 31 52 73 136 309 418 374 330 299 293 266 265 256 245 241 238 231 225 215 207 198 190 184 178 174 167 161 153 146 138 130 128 127 125 122 120 117 115 112 111 109 107 106 106 104 102 100 99 98 98 96 95 95 96 97 98 99 101 102 104 107 110 110 111 113 112 109 105 96 88 80 72 66 60
19 19 18 21 24 26 27 29 26 29 30 32 63 192 280 267 220 246 246 226 223 240 232 235 241 235 226 215 205 197 191 187 182 175 171 165 159 152 148 144 140 137 134 131 128 124 122 119 116 114 112 108 107 105 103 101 100 98 98 97 97 97 97 98 100 102 101 103 105 107 108 109 109 109 109 103 94 84 77 69 63 58
20 18 18 18 21 23 25 27 27 27 28 28 34 85 93 174 192 196 213 179 165 203 231 235 242 211 197 178 166 205 200 149 192 187 134 178 173 169 163 160 155 151 147 143 140 136 132 128 123 121 117 114 110 109 105 103 102 100 100 99 98 99 99 99 100 101 101 102 104 105 105 106 106 105 103 97 90 81 74 67 61 56
18 17 17 17 18 19 23 24 24 25 24 25 26 29 70 97 146 168 140 165 203 179 186 228 246 258 217 189 174 169 164 158 154 149 144 141 188 186 181 176 171 166 161 157 105 148 143 138 133 129 123 119 115 111 108 106 104 102 100 100 98 98 99 99 99 100 101 100 102 103 103 103 102 101 98 92 87 81 72 65 58 53
18 17 17 16 16 19 22 19 21 22 22 21 21 25 33 55 73 96 103 129 175 130 129 176 266 269 240 220 194 183 176 170 164 159 154 152 149 147 145 140 133 128 125 120 117 112 109 103 142 136 131 124 119 115 111 109 106 104 102 101 100 100 98 98 99 99 100 99 100 100 100 101 99 97 95 90 85 79 71 65 58 52
18 18 17 16 16 17 17 16 15 17 19 23 23 23 25 27 31 53 112 139 124 121 112 169 234 253 257 232 214 199 187 179 173 168 164 161 160 160 161 154 145 137 135 132 128 123 118 159 151 144 137 131 124 118 114 111 107 105 103 102 100 100 100 100 99 98 99 99 98 98 97 98 96 95 92 88 84 79 73 66 60 58
17 16 16 16 16 17 15 12 15 14 15 16 18 23 25 24 26 37 72 110 111 115 105 131 188 255 243 234 214 208 197 182 179 175 172 168 167 169 171 162 154 146 143 143 141 135 130 125 161 153 145 137 129 122 117 112 109 106 104 103 101 100 99 99 99 99 98 98 98 96 97 96 95 93 92 89 84 80 75 70 67 66
17 16 16 15 15 14 15 14 15 16 16 17 18 19 22 24 25 28 40 73 111 113 122 122 199 209 213 222 210 207 195 179 180 180 178 175 170 165 163 165 162 157 154 154 154 149 143 136 173 162 151 142 133 126 119 113 110 107 105 103 101 101 100 99 99 98 98 96 97 95 95 96 94 93 92 90 87 83 79 76 73 73
16 14 13 14 15 15 16 19 17 17 18 18 18 20 24 26 27 30 37 56 94 124 142 114 150 212 186 195 198 196 194 187 186 186 185 182 178 171 168 172 174 173 171 170 168 164 156 148 139 172 159 147 136 128 121 116 112 109 106 104 103 102 99 99 98 97 97 97 95 96 95 94 94 93 93 92 91 87 83 80 80 79
14 13 13 13 14 16 18 20 19 18 16 15 17 21 26 29 29 30 40 61 72 111 138 128 121 174 179 185 180 185 193 192 193 193 195 194 191 188 188 190 192 193 192 189 185 180 172 162 152 182 168 153 140 129 122 117 114 109 108 105 103 102 101 99 98 98 98 97 96 95 95 94 94 95 95 96 94 92 88 87 86 86
13 13 13 12 12 14 17 19 20 16 14 13 16 22 30 30 30 31 40 44 66 79 112 142 140 152 182 182 166 170 189 196 199 202 205 207 208 209 210 213 215 216 215 212 206 197 189 177 165 151 176 159 145 132 124 119 114 111 109 106 104 103 101 100 98 97 98 97 97 96 97 96 98 98 99 100 97 96 94 93 91 90
