data/studyarea/bio17.asc
NCOLS 462 
NROWS 586 
XLLCORNER -113 
YLLCORNER -53.1666666666667 
CELLSIZE 0.166666666666667 
NODATA_value -9999 
[rows 407 to 443 of 586, columns 328 to 409 of 462]
121 128 136 144 152 161 168 176 175 174 182 188 195 201 207 215 221 225 228 229 228 230 231 232 235 238 241 242 237 229 220 217 219 219 217 211 207 197 188 196 203 208 201 184 187 203 212 215 212 213 204 170 154 158 143 128 124 120 120 123 122 117 114 113 117 129 128 127 123 121 120 113 115 130 132 129 129 139 171 245 290 271
123 128 135 142 150 160 167 174 178 181 186 193 201 209 215 223 231 234 238 239 238 237 238 240 244 250 257 265 262 256 245 242 241 238 234 224 217 212 207 216 226 230 225 217 218 233 235 229 224 215 194 163 151 156 148 137 134 130 127 133 134 126 121 119 120 131 140 149 147 136 126 146 182 231 247 248 212 206 241 272 -9999 -9999
118 124 132 140 148 155 162 170 177 183 189 196 206 214 223 231 240 247 249 248 247 245 244 245 251 259 271 283 284 280 269 266 261 255 250 247 233 228 231 238 244 248 254 252 249 253 246 239 227 204 178 160 162 170 159 149 148 144 142 145 142 132 127 130 135 142 163 201 192 186 208 283 352 374 347 309 275 238 256 249 -9999 -9999
118 123 131 138 145 153 159 167 175 182 190 199 210 220 230 241 251 259 261 260 258 255 252 250 255 267 280 283 286 295 294 290 275 265 266 268 253 250 249 256 264 275 281 277 266 258 249 239 222 204 184 175 175 178 169 164 165 161 159 159 154 139 139 150 159 167 195 230 256 280 344 320 351 335 -9999 -9999 234 287 267 -9999 -9999 -9999
119 123 130 138 145 152 156 165 174 182 192 202 214 225 237 250 262 267 269 271 270 268 264 257 265 284 285 284 289 300 304 308 287 265 278 289 277 272 270 285 289 289 289 291 283 263 247 235 220 205 194 189 185 184 182 178 176 173 173 173 167 159 164 180 192 202 204 231 255 274 311 307 330 -9999 -9999 309 -9999 -9999 -9999 -9999 -9999 -9999
120 123 129 136 146 156 163 168 176 184 194 204 217 230 246 258 267 273 274 276 281 280 280 280 288 299 289 294 304 315 317 315 296 286 297 300 275 262 285 311 309 292 294 299 293 271 246 234 229 220 215 212 209 203 196 188 183 182 182 183 182 190 202 199 193 196 198 219 233 265 -9999 -9999 -9999 -9999 -9999 -9999 -9999 -9999 -9999 -9999 -9999 -9999
118 118 124 134 146 159 167 172 179 186 196 207 220 233 249 263 271 274 276 283 291 296 299 299 298 300 295 298 312 326 326 315 301 288 294 307 272 268 294 290 287 291 306 307 303 283 245 225 232 243 244 232 224 216 206 199 190 189 199 200 198 198 203 207 217 222 229 236 232 -9999 -9999 -9999 -9999 -9999 -9999 -9999 -9999 -9999 -9999 -9999 -9999 -9999
117 115 119 130 145 159 167 172 181 186 194 207 221 238 252 265 273 275 277 286 294 305 311 303 301 306 298 291 306 325 329 317 307 295 295 296 314 300 305 288 280 293 308 323 318 296 271 237 261 264 260 251 241 223 207 205 213 218 214 213 203 199 204 230 250 254 245 -9999 -9999 -9999 -9999 -9999 -9999 -9999 -9999 -9999 -9999 -9999 -9999 -9999 -9999 -9999
118 114 115 130 152 166 173 178 182 186 194 206 224 243 258 268 272 271 273 285 294 303 307 302 304 307 302 293 316 334 340 331 314 305 303 299 313 338 334 313 298 302 311 319 329 312 284 261 274 282 278 269 248 217 201 217 224 234 234 232 224 214 220 250 274 285 -9999 -9999 -9999 -9999 -9999 -9999 -9999 -9999 -9999 -9999 -9999 -9999 -9999 -9999 -9999 -9999
122 122 137 150 160 169 173 178 182 189 197 206 225 256 272 275 272 265 266 273 288 299 305 303 310 320 322 327 343 358 360 352 336 326 327 341 352 350 345 338 327 323 316 309 324 321 295 273 267 287 285 272 237 216 228 243 246 251 250 252 252 250 265 270 -9999 -9999 -9999 -9999 -9999 -9999 -9999 -9999 -9999 -9999 -9999 -9999 -9999 -9999 -9999 -9999 -9999 -9999
124 137 155 164 171 173 174 177 183 192 202 214 230 263 281 285 280 265 260 263 281 299 309 311 327 339 357 368 377 374 381 375 366 364 349 350 357 363 358 356 355 346 332 317 310 308 289 272 268 276 280 263 248 254 253 267 265 263 267 269 275 293 305 -9999 -9999 -9999 -9999 -9999 -9999 -9999 -9999 -9999 -9999 -9999 -9999 -9999 -9999 -9999 -9999 -9999 -9999 -9999
131 141 158 170 178 176 174 176 187 198 211 226 244 263 282 292 294 279 263 259 280 306 316 321 336 350 366 377 387 385 388 371 363 375 374 377 376 372 365 365 358 353 344 311 299 293 278 270 267 271 287 278 264 278 276 266 271 263 270 278 294 317 324 -9999 -9999 -9999 -9999 -9999 -9999 -9999 -9999 -9999 -9999 -9999 -9999 -9999 -9999 -9999 -9999 -9999 -9999 -9999
138 149 162 174 179 178 181 181 194 209 223 237 254 266 277 292 304 295 276 283 304 320 325 331 328 340 363 376 385 393 387 353 354 361 373 382 375 366 369 362 355 352 345 316 292 281 268 272 271 274 278 286 276 278 254 258 270 261 274 282 301 313 -9999 -9999 -9999 -9999 -9999 -9999 -9999 -9999 -9999 -9999 -9999 -9999 -9999 -9999 -9999 -9999 -9999 -9999 -9999 -9999
144 154 166 176 185 194 205 211 212 226 237 249 258 264 270 280 297 295 288 296 311 327 334 332 312 330 352 366 384 392 384 357 343 356 371 382 375 383 372 366 363 362 351 327 300 278 274 278 277 272 263 265 256 256 239 251 273 271 275 283 294 -9999 -9999 -9999 -9999 -9999 -9999 -9999 -9999 -9999 -9999 -9999 -9999 -9999 -9999 -9999 -9999 -9999 -9999 -9999 -9999 -9999
149 160 171 182 196 212 227 239 235 244 251 256 262 264 259 260 286 294 298 300 302 315 335 338 343 358 366 386 393 407 394 382 367 377 386 386 388 390 389 386 380 367 335 329 312 286 281 287 282 269 262 259 252 248 252 268 267 266 275 279 -9999 -9999 -9999 -9999 -9999 -9999 -9999 -9999 -9999 -9999 -9999 -9999 -9999 -9999 -9999 -9999 -9999 -9999 -9999 -9999 -9999 -9999
154 165 176 188 202 222 232 236 248 256 251 244 255 263 258 261 283 297 302 304 302 307 312 323 335 360 382 399 403 429 418 408 390 388 411 418 419 413 412 390 380 354 343 338 316 292 286 293 286 273 259 252 255 262 276 286 285 263 268 -9999 -9999 -9999 -9999 -9999 -9999 -9999 -9999 -9999 -9999 -9999 -9999 -9999 -9999 -9999 -9999 -9999 -9999 -9999 -9999 -9999 -9999 -9999
158 169 178 190 205 223 239 236 242 251 239 233 242 250 261 275 292 299 303 308 307 301 296 314 339 367 392 428 427 434 432 420 409 408 411 437 445 439 418 406 380 360 348 344 328 303 296 295 286 272 259 256 266 274 283 293 280 263 264 -9999 -9999 -9999 -9999 -9999 -9999 -9999 -9999 -9999 -9999 -9999 -9999 -9999 -9999 -9999 -9999 -9999 -9999 -9999 -9999 -9999 -9999 -9999
162 172 180 189 201 219 242 252 248 247 231 226 238 252 267 278 288 301 311 312 305 292 284 303 332 372 409 438 436 439 441 438 434 430 436 452 465 461 440 417 402 381 362 357 335 318 309 303 291 281 274 268 272 279 293 290 265 263 265 -9999 -9999 -9999 -9999 -9999 -9999 -9999 -9999 -9999 -9999 -9999 -9999 -9999 -9999 -9999 -9999 -9999 -9999 -9999 -9999 -9999 -9999 -9999
165 175 181 187 197 212 232 245 250 245 234 227 239 264 277 291 309 312 308 306 299 283 277 300 341 378 422 439 441 441 451 457 455 453 465 485 491 465 441 432 413 396 378 371 355 337 332 314 300 290 287 286 286 287 277 276 266 264 263 -9999 -9999 -9999 -9999 -9999 -9999 -9999 -9999 -9999 -9999 -9999 -9999 -9999 -9999 -9999 -9999 -9999 -9999 -9999 -9999 -9999 -9999 -9999
168 176 183 185 190 200 214 237 250 252 249 244 259 281 297 310 321 316 310 302 295 288 298 314 353 390 420 424 446 442 447 457 457 466 478 506 511 476 448 440 431 409 391 386 378 359 349 335 311 292 287 295 296 295 288 283 276 267 265 -9999 -9999 -9999 -9999 -9999 -9999 -9999 -9999 -9999 -9999 -9999 -9999 -9999 -9999 -9999 -9999 -9999 -9999 -9999 -9999 -9999 -9999 -9999
174 170 171 177 180 187 198 223 255 269 274 280 295 310 325 336 331 325 310 301 297 300 317 350 371 383 403 420 442 437 451 457 457 464 478 529 532 493 463 445 437 426 409 396 387 382 370 357 327 303 291 291 299 293 290 289 287 270 264 -9999 -9999 -9999 -9999 -9999 -9999 -9999 -9999 -9999 -9999 -9999 -9999 -9999 -9999 -9999 -9999 -9999 -9999 -9999 -9999 -9999 -9999 -9999
173 164 156 170 172 175 184 213 258 287 300 313 330 339 349 351 344 330 309 304 312 321 337 363 371 382 400 410 435 431 448 452 443 459 500 539 523 491 464 446 433 421 413 401 397 388 380 364 337 309 299 292 298 296 296 288 283 270 263 -9999 -9999 -9999 -9999 -9999 -9999 -9999 -9999 -9999 -9999 -9999 -9999 -9999 -9999 -9999 -9999 -9999 -9999 -9999 -9999 -9999 -9999 -9999
173 170 167 170 169 167 167 198 249 291 315 327 338 346 354 356 350 336 326 321 336 353 362 369 370 388 390 403 426 422 430 433 439 460 467 478 490 467 448 434 421 411 407 406 405 390 380 365 332 307 294 294 291 293 298 297 290 283 264 255 -9999 -9999 -9999 -9999 -9999 -9999 -9999 -9999 -9999 -9999 -9999 -9999 -9999 -9999 -9999 -9999 -9999 -9999 -9999 -9999 -9999 -9999
176 177 177 175 175 172 173 203 253 295 314 323 330 333 340 357 352 349 346 351 351 354 361 372 372 382 399 412 416 429 425 436 433 438 442 433 431 429 415 400 386 404 410 411 402 389 382 364 343 307 291 289 293 298 295 291 284 275 263 251 -9999 -9999 -9999 -9999 -9999 -9999 -9999 -9999 -9999 -9999 -9999 -9999 -9999 -9999 -9999 -9999 -9999 -9999 -9999 -9999 -9999 -9999
175 180 182 184 186 189 197 223 264 301 308 310 321 324 326 345 355 355 356 363 362 364 368 370 377 395 408 424 424 435 422 430 435 433 438 433 424 409 386 371 374 398 406 406 399 381 373 349 329 313 298 289 288 297 297 294 285 270 260 245 -9999 -9999 -9999 -9999 -9999 -9999 -9999 -9999 -9999 -9999 -9999 -9999 -9999 -9999 -9999 -9999 -9999 -9999 -9999 -9999 -9999 -9999
173 180 186 194 198 205 216 236 264 289 303 310 317 324 333 342 355 363 369 373 372 374 377 387 392 403 421 427 430 430 424 419 422 420 418 421 413 403 380 371 377 381 394 395 383 374 363 331 313 304 302 297 290 292 302 295 285 256 237 239 -9999 -9999 -9999 -9999 -9999 -9999 -9999 -9999 -9999 -9999 -9999 -9999 -9999 -9999 -9999 -9999 -9999 -9999 -9999 -9999 -9999 -9999
170 180 189 201 210 216 227 244 264 281 296 308 316 326 336 345 355 364 372 377 384 396 398 402 409 410 425 425 424 424 419 410 409 409 403 400 398 389 379 377 385 387 388 390 383 366 346 320 302 304 304 299 305 302 304 310 287 271 230 217 -9999 -9999 -9999 -9999 -9999 -9999 -9999 -9999 -9999 -9999 -9999 -9999 -9999 -9999 -9999 -9999 -9999 -9999 -9999 -9999 -9999 -9999
169 180 190 202 213 222 232 246 262 277 290 302 314 326 336 343 352 362 375 391 400 411 417 420 421 424 422 421 419 418 413 402 400 397 390 385 383 379 378 379 388 391 395 383 377 366 349 324 317 325 333 315 316 334 307 293 294 269 237 230 -9999 -9999 -9999 -9999 -9999 -9999 -9999 -9999 -9999 -9999 -9999 -9999 -9999 -9999 -9999 -9999 -9999 -9999 -9999 -9999 -9999 -9999
168 178 189 201 212 222 233 246 259 272 286 298 310 326 336 345 354 369 387 405 420 426 431 430 426 422 420 415 414 413 408 400 393 387 379 371 373 375 377 383 385 394 394 389 376 362 353 340 330 320 324 335 343 318 271 269 276 259 249 -9999 -9999 -9999 -9999 -9999 -9999 -9999 -9999 -9999 -9999 -9999 -9999 -9999 -9999 -9999 -9999 -9999 -9999 -9999 -9999 -9999 -9999 -9999
168 177 188 199 210 221 233 245 257 269 282 293 305 320 336 349 364 381 400 424 436 434 431 428 423 418 414 410 409 407 402 396 390 381 373 365 369 378 385 392 395 396 397 393 384 367 355 345 331 330 336 345 343 271 261 264 270 266 262 -9999 -9999 -9999 -9999 -9999 -9999 -9999 -9999 -9999 -9999 -9999 -9999 -9999 -9999 -9999 -9999 -9999 -9999 -9999 -9999 -9999 -9999 -9999
167 177 186 198 209 220 232 242 254 265 277 289 300 312 328 348 367 389 407 424 440 439 433 428 423 417 413 409 405 405 397 387 379 375 375 370 373 380 387 393 401 396 397 397 392 381 364 350 340 339 338 340 341 264 259 265 271 276 273 -9999 -9999 -9999 -9999 -9999 -9999 -9999 -9999 -9999 -9999 -9999 -9999 -9999 -9999 -9999 -9999 -9999 -9999 -9999 -9999 -9999 -9999 -9999
167 176 187 197 209 218 229 240 251 262 273 285 294 306 324 345 366 385 407 425 435 435 432 430 425 419 414 408 404 400 382 368 359 352 357 378 380 383 388 399 405 399 402 406 401 394 382 367 361 359 358 349 294 256 255 264 273 282 -9999 -9999 -9999 -9999 -9999 -9999 -9999 -9999 -9999 -9999 -9999 -9999 -9999 -9999 -9999 -9999 -9999 -9999 -9999 -9999 -9999 -9999 -9999 -9999
166 176 187 197 207 218 228 238 249 259 270 280 292 306 324 345 363 383 403 419 433 434 432 428 426 422 416 411 406 390 371 351 337 330 347 373 397 390 394 402 411 406 416 409 397 396 392 385 382 382 355 285 256 251 255 263 270 -9999 -9999 -9999 -9999 -9999 -9999 -9999 -9999 -9999 -9999 -9999 -9999 -9999 -9999 -9999 -9999 -9999 -9999 -9999 -9999 -9999 -9999 -9999 -9999 -9999
168 178 187 196 206 216 227 237 246 255 266 278 291 307 324 344 365 383 403 419 429 433 432 430 429 427 421 417 401 383 359 339 331 326 329 344 360 381 375 390 409 399 397 403 422 425 425 417 409 402 347 275 260 256 257 -9999 -9999 -9999 -9999 -9999 -9999 -9999 -9999 -9999 -9999 -9999 -9999 -9999 -9999 -9999 -9999 -9999 -9999 -9999 -9999 -9999 -9999 -9999 -9999 -9999 -9999 -9999
166 178 185 193 203 215 225 235 242 251 261 276 290 308 326 345 365 382 402 420 428 430 431 430 429 429 426 421 400 377 349 324 308 307 284 275 282 313 323 350 366 388 402 416 444 459 469 459 446 431 341 286 274 265 -9999 -9999 -9999 -9999 -9999 -9999 -9999 -9999 -9999 -9999 -9999 -9999 -9999 -9999 -9999 -9999 -9999 -9999 -9999 -9999 -9999 -9999 -9999 -9999 -9999 -9999 -9999 -9999
161 171 179 187 200 214 225 232 237 246 257 272 289 306 325 345 363 380 395 412 421 421 423 424 426 427 426 424 404 379 344 316 296 272 251 232 214 236 267 318 379 392 393 399 436 474 490 484 464 417 321 297 286 -9999 -9999 -9999 -9999 -9999 -9999 -9999 -9999 -9999 -9999 -9999 -9999 -9999 -9999 -9999 -9999 -9999 -9999 -9999 -9999 -9999 -9999 -9999 -9999 -9999 -9999 -9999 -9999 -9999
151 158 166 179 196 214 227 231 231 237 250 267 286 305 325 344 363 381 391 407 412 410 411 417 416 418 424 427 405 380 345 321 296 256 225 202 176 204 242 290 344 352 360 394 439 434 481 485 451 411 334 312 -9999 -9999 -9999 -9999 -9999 -9999 -9999 -9999 -9999 -9999 -9999 -9999 -9999 -9999 -9999 -9999 -9999 -9999 -9999 -9999 -9999 -9999 -9999 -9999 -9999 -9999 -9999 -9999 -9999 -9999
