data/studyarea/bio14.asc
NCOLS 462 
NROWS 586 
XLLCORNER -113 
YLLCORNER -53.1666666666667 
CELLSIZE 0.166666666666667 
NODATA_value -9999 
[rows 370 to 406 of 586, columns 336 to 419 of 462]
20 20 19 19 18 17 17 16 15 15 14 14 14 14 13 13 13 13 12 12 12 12 12 13 13 13 14 14 13 12 12 12 12 11 10 9 8 7 6 6 6 6 6 6 6 7 7 7 7 8 8 8 9 9 11 12 14 16 18 21 24 19 9 5 5 5 3 4 4 4 5 4 3 3 4 4 3 3 4 5 5 5 5 4
21 20 20 19 19 18 18 17 17 16 16 15 15 15 15 14 14 14 13 13 13 13 13 14 14 15 16 17 16 14 14 14 14 13 12 11 10 9 7 7 7 6 6 6 6 7 7 7 7 8 8 8 9 10 11 12 13 15 17 18 18 14 8 5 5 4 4 4 4 5 5 4 3 2 2 2 3 2 3 4 4 5 4 6
22 21 21 20 20 19 19 18 18 17 17 17 16 16 16 15 15 15 14 -9999 -9999 14 14 14 14 15 17 17 17 16 15 15 15 15 14 12 11 10 9 8 7 7 7 7 7 7 7 7 7 8 8 8 9 10 11 11 12 14 15 15 13 10 7 6 5 5 4 5 5 5 4 3 2 1 1 2 3 1 2 5 4 5 6 6
22 22 22 21 21 20 20 20 19 19 18 18 18 18 17 17 16 16 15 -9999 -9999 -9999 -9999 15 15 15 17 17 18 17 16 16 16 15 15 14 13 11 10 9 8 8 8 8 8 7 8 8 8 8 8 8 9 9 10 11 11 12 12 11 10 9 7 5 5 5 5 5 5 5 4 2 2 1 1 2 3 1 2 6 5 6 7 6
23 23 23 22 22 22 21 21 20 20 20 19 19 19 18 18 17 17 16 -9999 -9999 -9999 -9999 -9999 -9999 -9999 18 18 18 18 18 17 17 16 15 14 13 12 11 10 9 9 9 9 8 8 8 8 8 8 8 8 9 8 9 9 10 10 10 9 9 7 6 5 5 5 5 5 5 5 3 2 2 1 0 2 2 1 4 7 6 7 7 8
24 24 24 23 23 23 22 22 22 22 21 21 21 21 20 19 19 18 -9999 -9999 -9999 -9999 -9999 -9999 -9999 -9999 -9999 -9999 -9999 -9999 -9999 -9999 -9999 -9999 -9999 15 14 13 12 11 10 9 9 9 8 7 7 8 7 8 8 8 8 8 9 8 8 8 8 8 7 7 5 5 5 5 6 6 5 4 3 3 2 2 1 2 1 3 6 8 7 8 8 10
25 25 25 24 24 24 24 24 23 23 23 23 22 22 22 21 20 20 -9999 -9999 -9999 -9999 -9999 -9999 -9999 -9999 -9999 -9999 -9999 -9999 -9999 -9999 -9999 -9999 -9999 16 15 14 13 12 11 10 9 9 7 7 4 5 5 6 7 8 7 7 7 7 7 7 7 7 7 6 6 6 6 6 7 6 5 4 3 3 3 2 2 2 3 4 6 8 9 10 11 10
26 26 26 26 25 25 25 25 25 24 24 24 24 24 23 23 22 -9999 -9999 -9999 -9999 -9999 -9999 -9999 -9999 -9999 -9999 -9999 -9999 -9999 -9999 -9999 -9999 -9999 -9999 -9999 16 15 14 13 12 10 10 9 6 5 3 3 5 6 6 8 8 7 6 6 6 6 7 7 7 7 6 7 7 8 8 7 6 4 3 4 4 3 3 3 4 5 7 7 8 10 10 10
27 27 27 27 27 27 26 26 26 26 26 26 26 25 25 24 23 -9999 -9999 -9999 -9999 -9999 -9999 -9999 -9999 -9999 -9999 -9999 -9999 -9999 -9999 -9999 -9999 -9999 -9999 -9999 -9999 16 15 13 12 11 10 9 7 4 3 4 8 9 7 8 10 8 7 6 5 6 6 7 7 7 7 8 9 10 9 8 6 3 2 3 4 4 4 5 5 6 7 6 9 9 9 10
28 28 28 28 28 28 28 28 27 27 27 27 27 27 26 25 -9999 -9999 -9999 -9999 -9999 -9999 -9999 -9999 -9999 -9999 -9999 -9999 -9999 -9999 -9999 -9999 -9999 -9999 -9999 -9999 -9999 -9999 15 14 13 12 11 10 10 7 5 7 8 9 9 8 8 8 9 8 7 7 7 7 8 7 8 9 10 10 10 9 7 4 2 2 4 5 5 6 5 6 8 8 9 8 9 10
28 28 29 29 29 29 29 29 29 29 28 29 29 28 28 27 -9999 -9999 -9999 -9999 -9999 -9999 -9999 -9999 -9999 -9999 -9999 -9999 -9999 -9999 -9999 -9999 -9999 -9999 -9999 -9999 -9999 18 16 15 14 12 11 11 10 8 7 7 8 9 9 9 9 8 9 10 9 9 8 7 8 8 8 9 11 12 11 10 8 6 4 4 6 7 7 7 6 7 7 9 8 8 9 10
28 28 29 29 30 30 30 30 30 30 30 30 30 30 30 28 -9999 -9999 -9999 -9999 -9999 -9999 -9999 -9999 -9999 -9999 -9999 -9999 -9999 -9999 -9999 -9999 -9999 -9999 -9999 -9999 20 19 17 16 14 13 12 11 10 9 8 8 8 9 9 9 10 9 8 9 10 10 9 9 9 9 10 10 11 12 11 10 9 9 9 9 9 9 8 8 7 7 7 8 10 9 9 11
28 28 28 29 29 30 31 32 31 31 31 31 31 32 31 30 29 28 -9999 -9999 -9999 -9999 -9999 -9999 -9999 -9999 -9999 -9999 -9999 -9999 -9999 -9999 -9999 -9999 -9999 21 20 19 18 16 15 14 13 12 11 9 9 9 9 9 10 10 10 11 10 10 11 11 11 11 11 11 11 11 12 12 11 9 9 10 9 10 11 11 10 9 7 6 6 7 10 9 10 11
27 28 28 28 29 30 31 31 32 32 33 32 32 32 32 31 30 29 29 29 -9999 -9999 -9999 -9999 -9999 -9999 -9999 -9999 -9999 -9999 -9999 -9999 -9999 -9999 22 21 20 19 18 16 15 14 13 12 12 10 10 10 10 10 11 11 11 12 12 12 11 12 13 13 14 13 13 13 13 11 9 8 8 10 10 11 11 10 10 9 7 6 6 7 11 11 10 12
27 27 27 28 28 29 30 31 32 32 34 34 33 33 33 33 32 31 30 30 29 28 -9999 -9999 -9999 -9999 -9999 -9999 -9999 -9999 -9999 -9999 -9999 23 22 21 20 19 18 17 15 14 13 12 11 11 10 10 11 11 11 12 12 13 13 12 12 12 13 14 16 16 14 12 11 10 8 7 9 11 11 10 8 7 8 8 8 7 7 8 10 9 10 11
26 26 27 27 28 29 30 30 31 32 33 34 34 34 33 34 33 32 31 30 29 29 28 -9999 -9999 -9999 -9999 -9999 -9999 -9999 -9999 -9999 -9999 24 23 22 21 20 18 16 15 14 13 13 12 11 11 11 11 11 12 12 13 14 14 12 11 12 12 13 15 16 14 13 10 8 7 8 11 12 11 6 6 4 6 8 9 9 9 9 10 9 10 11
26 25 26 27 28 29 29 30 30 31 32 33 33 34 34 35 34 33 31 31 30 29 28 28 -9999 -9999 -9999 -9999 -9999 -9999 -9999 -9999 24 24 23 22 21 20 18 17 15 14 13 13 12 12 11 11 12 12 12 12 13 14 14 12 10 10 12 13 14 15 14 12 10 5 6 9 13 14 11 6 5 5 7 8 10 11 11 11 11 10 11 12
27 25 26 27 28 29 29 30 30 31 31 32 32 33 34 35 35 33 32 31 30 29 28 28 28 -9999 -9999 -9999 -9999 -9999 -9999 -9999 24 23 23 23 22 19 18 17 15 14 14 14 14 12 11 11 12 12 12 12 13 13 13 11 9 9 11 13 14 14 14 11 8 6 6 9 14 15 14 8 6 6 8 9 10 11 12 12 13 13 12 12
28 27 27 28 29 29 29 30 30 30 30 31 31 32 34 35 35 34 32 31 30 29 29 28 28 28 -9999 -9999 -9999 -9999 -9999 24 23 23 22 21 22 18 16 18 17 16 16 16 14 13 11 11 12 12 12 12 12 12 11 10 11 11 10 11 12 14 15 13 10 9 10 11 14 16 15 10 7 7 9 11 11 10 13 12 14 13 10 10
29 28 29 29 30 30 30 30 30 30 30 30 31 32 34 35 35 33 32 31 30 29 28 28 27 27 27 -9999 -9999 -9999 -9999 24 23 22 21 21 20 18 17 17 17 17 17 16 15 13 12 12 12 13 13 12 12 11 10 10 12 13 12 13 11 12 15 14 13 14 16 16 16 16 14 10 7 8 9 12 12 12 14 14 16 14 10 11
31 31 30 30 31 31 31 31 31 30 30 30 31 32 34 36 35 33 32 30 29 29 28 28 27 26 26 -9999 -9999 -9999 25 24 23 22 20 19 19 18 18 17 17 17 17 15 14 14 13 12 13 15 16 13 12 12 12 11 13 15 13 13 12 13 13 15 17 17 19 17 16 15 14 11 9 10 11 13 15 14 14 15 17 15 12 13
33 33 33 33 32 32 32 32 31 31 31 31 32 33 35 35 34 33 32 30 29 28 28 27 27 26 25 25 -9999 -9999 24 24 23 21 20 18 18 18 17 17 17 17 16 15 14 14 15 14 14 16 16 13 12 12 14 16 15 14 13 14 13 14 15 15 17 18 19 18 17 15 15 14 13 14 14 15 15 15 16 17 14 15 14 16
35 36 35 35 34 34 34 33 33 32 32 32 33 35 34 34 33 32 31 30 29 28 27 27 27 26 25 24 -9999 -9999 24 24 23 22 20 20 19 18 17 17 16 16 15 14 14 14 15 16 17 18 18 14 13 15 17 19 18 16 15 15 15 16 17 18 19 19 20 20 18 16 15 14 15 16 15 15 15 16 17 18 16 16 17 18
38 38 38 37 36 36 35 35 35 34 34 34 34 34 34 33 32 31 30 29 28 28 27 26 26 26 25 24 23 -9999 22 22 23 22 21 20 20 19 17 17 17 16 15 15 15 15 15 17 19 18 17 15 15 17 21 24 22 18 17 17 17 17 18 19 20 20 21 21 19 18 16 14 14 16 15 14 13 15 17 19 19 18 19 19
41 41 40 40 39 38 37 37 37 37 37 37 36 35 34 33 32 30 29 28 28 27 27 26 26 26 25 25 24 -9999 20 22 21 21 20 19 19 20 19 18 17 17 17 17 17 17 17 18 18 17 16 16 17 20 23 24 23 20 18 18 17 17 17 18 20 22 23 23 22 19 17 14 13 14 14 14 15 15 17 20 19 17 17 16
44 44 43 42 41 40 40 39 39 39 39 38 37 35 34 33 31 30 29 27 27 27 26 26 26 27 26 26 26 24 23 25 26 24 22 19 19 21 20 19 18 19 19 20 19 19 18 18 18 18 18 18 18 20 22 22 23 20 18 17 18 17 17 19 21 23 25 24 23 20 17 15 14 14 14 14 15 16 18 19 18 18 18 18
47 46 45 44 43 42 42 41 41 41 41 40 39 37 34 32 30 29 27 27 26 26 26 26 27 27 28 29 29 28 28 28 29 28 25 21 20 23 22 21 21 21 22 23 22 21 20 19 19 18 18 18 19 21 22 23 22 20 18 18 19 19 17 19 22 25 27 25 22 19 16 15 15 14 15 14 15 16 17 16 17 17 19 18
48 47 46 44 43 42 42 44 44 44 44 42 40 38 35 32 29 28 26 26 26 26 26 27 27 28 29 30 32 32 31 31 30 29 27 25 26 26 24 24 25 25 25 25 23 22 21 20 20 20 19 19 21 22 23 23 22 19 17 17 19 21 23 22 24 25 26 24 21 18 15 15 15 15 15 15 16 17 17 15 16 18 19 19
48 49 47 44 41 42 43 45 46 46 46 45 43 39 35 31 29 27 25 25 25 26 26 27 28 29 30 31 33 34 33 32 31 31 31 29 30 27 25 25 26 27 28 28 24 24 24 22 21 20 20 21 22 23 25 24 21 19 17 18 21 23 26 26 25 25 24 22 20 19 17 17 16 16 16 16 17 18 17 17 17 19 21 21
49 49 50 44 41 42 44 45 47 48 48 49 46 41 35 31 28 26 25 25 25 26 27 28 29 30 30 31 33 34 34 33 31 32 34 32 31 28 23 23 26 28 31 31 27 29 29 26 23 20 21 22 23 23 25 24 21 19 18 19 22 24 26 26 26 24 22 21 20 21 20 20 18 21 20 19 19 16 15 14 18 22 25 25
47 49 49 45 42 42 43 45 48 50 50 50 48 42 34 29 27 26 25 25 25 27 27 28 29 30 31 32 32 34 36 35 34 35 34 33 32 30 25 26 30 32 32 31 28 30 31 27 25 23 23 24 23 24 25 23 21 21 20 20 21 23 24 24 24 22 20 21 22 23 23 21 18 24 23 19 17 15 15 16 22 29 33 33
46 46 46 44 43 42 42 42 47 51 51 49 45 39 31 28 28 27 26 27 27 27 28 29 31 33 34 35 33 35 38 38 38 37 35 35 34 32 29 30 33 37 37 33 31 31 31 29 28 26 25 25 26 26 26 23 21 22 21 21 22 24 25 25 27 26 22 23 24 25 25 24 24 27 25 18 17 17 18 21 28 37 43 44
44 44 44 43 43 42 42 41 46 51 51 49 45 39 32 30 30 30 29 30 29 29 30 31 34 36 38 40 41 41 41 41 41 38 37 37 37 36 34 35 40 40 38 37 35 32 29 28 26 26 29 28 27 27 26 23 23 23 23 23 25 27 28 28 30 27 27 27 30 29 26 23 22 23 24 21 19 20 23 30 42 47 50 46
42 42 42 43 43 43 44 45 47 50 51 49 46 41 37 35 35 35 34 34 33 33 33 35 38 42 45 45 45 45 44 43 44 42 39 39 40 39 39 41 44 44 41 39 38 32 27 27 28 29 33 31 30 28 26 25 25 25 25 27 29 30 30 29 30 32 36 32 34 28 22 21 23 27 28 26 24 22 26 38 43 44 45 46
41 41 42 43 44 45 46 48 50 52 52 51 49 46 43 41 41 41 41 40 39 38 37 39 44 46 47 47 48 48 46 45 45 45 43 42 41 41 42 45 48 49 44 40 39 33 27 28 32 35 35 33 29 26 25 25 27 28 29 26 29 31 31 30 31 35 34 33 23 20 21 22 23 27 33 38 37 35 34 41 42 43 52 52
42 41 43 44 45 47 49 51 54 56 56 56 54 52 50 48 48 49 49 48 47 46 44 45 46 48 49 49 49 49 48 47 47 47 46 43 43 44 46 48 51 53 47 40 36 33 31 33 35 35 35 35 28 26 26 27 29 30 28 25 29 31 31 29 29 28 27 25 22 21 24 25 27 45 57 62 49 46 47 46 45 47 55 -9999
47 43 43 45 47 50 53 56 59 60 61 60 60 58 58 57 57 58 58 58 57 54 51 50 50 51 51 51 50 49 49 48 49 49 49 45 45 49 52 54 58 58 53 44 43 41 35 31 33 34 34 33 29 28 31 30 31 32 32 30 32 32 32 30 28 27 25 25 26 26 32 38 56 71 78 61 50 49 -9999 -9999 -9999 -9999 -9999 -9999
