data/studyarea/bio19.asc
NCOLS 462 
NROWS 586 
XLLCORNER -113 
YLLCORNER -53.1666666666667 
CELLSIZE 0.166666666666667 
NODATA_value -9999 
[rows 288 to 323 of 586, columns 246 to 327 of 462]
526 524 526 534 541 547 662 548 542 633 524 596 577 556 532 511 523 -9999 573 593 610 621 626 628 629 629 627 626 624 622 618 614 610 605 601 599 601 599 597 590 581 561 532 506 646 632 618 606 596 597 612 637 666 694 720 741 751 894 898 890 869 822 803 782 783 802 829 848 852 846 832 815 802 794 796 806 823 848 871 890 897 889
516 516 517 522 530 539 543 643 -9999 -9999 -9999 -9999 -9999 -9999 -9999 -9999 -9999 -9999 -9999 561 574 584 591 594 595 597 597 597 596 595 592 590 587 581 578 576 574 573 569 561 552 534 511 488 470 616 598 579 561 555 578 611 643 671 695 839 860 891 903 904 880 818 789 755 758 782 808 823 829 823 812 797 783 775 777 788 808 832 853 870 878 877
502 503 508 512 518 525 531 627 -9999 -9999 -9999 -9999 -9999 -9999 -9999 -9999 -9999 -9999 -9999 -9999 547 555 560 564 566 568 569 570 570 570 569 566 563 559 557 555 552 549 544 538 526 511 494 475 457 609 589 568 545 534 562 596 628 654 675 692 867 883 895 895 877 833 786 744 751 779 801 815 817 811 798 781 764 752 752 764 784 810 833 852 865 870
487 490 495 499 508 514 609 518 -9999 -9999 -9999 -9999 -9999 -9999 -9999 -9999 -9999 -9999 -9999 -9999 -9999 530 534 536 538 540 543 545 546 545 545 543 542 539 537 533 531 527 522 515 506 493 478 464 448 433 591 573 556 550 567 592 619 642 826 840 860 870 877 870 865 836 805 783 784 800 814 819 818 807 790 769 745 728 723 736 762 790 817 839 856 868
470 474 480 486 492 578 500 -9999 -9999 -9999 -9999 -9999 -9999 -9999 -9999 -9999 -9999 -9999 -9999 -9999 -9999 -9999 -9999 515 515 517 519 520 523 523 523 522 520 518 515 513 511 507 503 497 489 478 468 455 442 429 600 587 575 573 580 595 615 816 832 842 851 859 859 862 857 848 837 830 831 836 840 837 829 813 790 764 734 704 692 712 743 777 805 832 853 868
452 456 462 467 473 553 480 -9999 -9999 -9999 -9999 -9999 -9999 -9999 -9999 -9999 -9999 -9999 -9999 -9999 -9999 -9999 -9999 -9999 -9999 497 499 500 500 388 383 503 374 372 497 495 493 490 487 482 475 468 458 448 438 625 614 604 598 593 595 762 824 831 837 842 847 851 848 848 856 864 872 879 884 882 875 863 848 828 802 771 736 698 675 703 739 772 803 831 854 873
434 439 444 449 455 534 529 -9999 -9999 -9999 -9999 -9999 -9999 -9999 -9999 -9999 -9999 -9999 -9999 -9999 -9999 -9999 -9999 -9999 -9999 -9999 -9999 479 480 364 359 482 480 478 476 476 475 474 472 469 464 458 450 -9999 -9999 -9999 422 625 618 611 605 833 839 842 845 846 853 854 847 839 863 885 905 928 940 928 911 893 875 852 825 791 756 725 709 724 749 780 808 835 859 880
417 422 427 431 435 436 -9999 -9999 -9999 -9999 -9999 -9999 -9999 -9999 -9999 -9999 -9999 -9999 -9999 -9999 -9999 -9999 -9999 -9999 -9999 -9999 -9999 -9999 -9999 -9999 -9999 334 460 457 331 457 458 459 459 -9999 -9999 -9999 -9999 -9999 -9999 -9999 647 422 417 823 858 858 857 856 853 853 855 859 867 869 886 909 934 962 979 962 942 923 905 882 854 821 788 763 750 755 772 794 818 844 868 889
401 405 408 414 415 495 -9999 -9999 -9999 -9999 -9999 -9999 -9999 -9999 -9999 -9999 -9999 -9999 -9999 -9999 -9999 -9999 -9999 -9999 -9999 -9999 -9999 -9999 -9999 -9999 -9999 -9999 -9999 -9999 -9999 -9999 -9999 -9999 -9999 -9999 -9999 -9999 -9999 -9999 -9999 -9999 -9999 426 423 412 887 881 799 872 865 863 870 878 889 900 912 931 953 930 986 978 965 949 934 916 889 855 824 801 788 788 797 814 833 854 875 893
385 389 393 397 397 -9999 -9999 -9999 -9999 -9999 -9999 -9999 -9999 -9999 -9999 -9999 -9999 -9999 -9999 -9999 -9999 -9999 -9999 -9999 -9999 -9999 -9999 -9999 -9999 -9999 -9999 -9999 -9999 -9999 -9999 -9999 -9999 -9999 -9999 -9999 -9999 -9999 -9999 -9999 -9999 -9999 -9999 -9999 422 917 910 905 900 892 883 882 891 900 911 923 936 951 967 981 988 986 979 969 960 949 921 886 858 835 822 819 823 835 848 865 880 894
372 376 379 470 466 -9999 -9999 -9999 -9999 -9999 -9999 -9999 -9999 -9999 -9999 -9999 -9999 -9999 -9999 -9999 -9999 -9999 -9999 -9999 -9999 -9999 -9999 -9999 -9999 -9999 -9999 -9999 -9999 -9999 -9999 -9999 -9999 -9999 -9999 -9999 -9999 -9999 -9999 -9999 -9999 -9999 -9999 -9999 400 388 930 928 923 917 911 910 915 924 934 946 957 970 979 988 992 991 987 981 974 964 940 910 884 864 851 846 846 854 864 875 886 896
361 363 457 366 -9999 -9999 -9999 -9999 -9999 -9999 -9999 -9999 -9999 -9999 -9999 -9999 -9999 -9999 -9999 -9999 -9999 -9999 -9999 -9999 -9999 -9999 -9999 -9999 -9999 -9999 -9999 -9999 -9999 -9999 -9999 -9999 -9999 -9999 -9999 -9999 -9999 -9999 -9999 -9999 -9999 -9999 -9999 -9999 -9999 363 946 950 948 943 938 938 941 949 973 969 977 987 992 954 996 950 992 987 980 967 948 926 905 887 874 869 867 872 878 885 894 902
349 352 443 353 -9999 -9999 -9999 -9999 -9999 -9999 -9999 -9999 -9999 -9999 -9999 -9999 -9999 -9999 -9999 -9999 -9999 -9999 -9999 -9999 -9999 -9999 -9999 -9999 -9999 -9999 -9999 -9999 -9999 -9999 -9999 -9999 -9999 -9999 -9999 -9999 -9999 -9999 -9999 -9999 -9999 -9999 -9999 -9999 -9999 -9999 333 343 972 967 962 961 965 972 1003 1002 1000 1004 1004 1001 950 998 952 991 984 971 957 938 919 904 893 887 885 887 891 897 902 907
339 433 343 -9999 -9999 -9999 -9999 -9999 -9999 -9999 -9999 -9999 -9999 -9999 -9999 -9999 -9999 -9999 -9999 -9999 -9999 -9999 -9999 -9999 -9999 -9999 -9999 -9999 -9999 -9999 -9999 -9999 -9999 -9999 -9999 -9999 -9999 -9999 -9999 -9999 -9999 -9999 -9999 -9999 -9999 -9999 -9999 -9999 -9999 -9999 -9999 993 992 985 980 981 985 993 1005 1026 1016 1001 1021 1011 1002 1002 999 995 987 975 962 946 930 917 907 901 899 900 904 909 911 915
423 421 -9999 -9999 -9999 -9999 -9999 -9999 -9999 -9999 -9999 -9999 -9999 -9999 -9999 -9999 -9999 -9999 -9999 -9999 -9999 -9999 -9999 -9999 -9999 -9999 -9999 -9999 -9999 -9999 -9999 -9999 -9999 -9999 -9999 -9999 -9999 -9999 -9999 -9999 -9999 -9999 -9999 -9999 -9999 -9999 -9999 -9999 -9999 -9999 -9999 -9999 995 993 992 994 1000 1012 1025 1039 1050 1051 999 975 960 1011 1006 998 989 979 967 951 937 924 915 910 909 912 916 919 922 923
413 -9999 -9999 -9999 -9999 -9999 -9999 -9999 -9999 -9999 -9999 -9999 -9999 -9999 -9999 -9999 -9999 -9999 -9999 -9999 -9999 -9999 -9999 -9999 -9999 -9999 -9999 -9999 -9999 -9999 -9999 -9999 -9999 -9999 -9999 -9999 -9999 -9999 -9999 -9999 -9999 -9999 -9999 -9999 -9999 -9999 -9999 -9999 -9999 -9999 -9999 -9999 -9999 994 996 1002 1012 1025 1044 1062 1078 1081 1072 1053 980 972 969 1002 990 980 968 952 937 925 919 917 920 922 928 931 933 934
402 399 397 395 389 384 378 372 366 -9999 -9999 -9999 -9999 -9999 -9999 -9999 -9999 -9999 -9999 -9999 -9999 -9999 -9999 -9999 -9999 -9999 -9999 -9999 -9999 -9999 -9999 -9999 -9999 -9999 -9999 -9999 -9999 -9999 -9999 -9999 -9999 -9999 -9999 -9999 -9999 -9999 -9999 -9999 -9999 -9999 -9999 -9999 -9999 -9999 995 1004 1017 1034 1055 1079 1104 1116 1098 1072 1050 1033 1018 1004 990 976 961 945 930 921 917 920 925 932 939 944 946 -9999
391 390 388 384 378 372 366 359 354 349 345 339 259 -9999 -9999 -9999 -9999 -9999 -9999 -9999 -9999 -9999 -9999 -9999 -9999 -9999 -9999 -9999 -9999 -9999 -9999 -9999 -9999 -9999 -9999 -9999 -9999 -9999 -9999 -9999 -9999 -9999 -9999 -9999 -9999 -9999 -9999 -9999 -9999 -9999 -9999 -9999 -9999 -9999 -9999 -9999 1015 1034 1056 1083 1114 1130 1106 1080 1057 1038 1020 1005 988 971 952 934 919 912 912 918 928 941 952 -9999 -9999 -9999
381 381 379 374 369 362 354 347 341 337 333 328 322 316 309 -9999 -9999 -9999 -9999 -9999 -9999 -9999 -9999 -9999 -9999 -9999 -9999 -9999 -9999 -9999 -9999 -9999 -9999 -9999 -9999 -9999 -9999 -9999 -9999 -9999 -9999 -9999 -9999 -9999 -9999 -9999 -9999 -9999 -9999 -9999 -9999 -9999 -9999 -9999 -9999 -9999 -9999 -9999 1048 1071 1094 1103 1092 1073 1055 1038 1022 1005 987 966 943 921 905 897 901 913 929 -9999 -9999 -9999 -9999 -9999
371 374 372 367 359 351 343 335 329 325 322 316 313 306 299 293 286 -9999 -9999 -9999 -9999 -9999 -9999 -9999 -9999 -9999 -9999 -9999 -9999 -9999 -9999 -9999 -9999 -9999 -9999 -9999 -9999 -9999 -9999 -9999 -9999 -9999 -9999 -9999 -9999 -9999 -9999 -9999 -9999 -9999 -9999 -9999 -9999 -9999 -9999 -9999 -9999 -9999 -9999 -9999 -9999 1075 1070 1059 1046 1033 1020 1005 988 964 935 906 885 880 -9999 -9999 -9999 -9999 -9999 -9999 -9999 -9999
360 365 364 357 349 341 334 326 320 317 314 310 304 299 294 288 284 283 285 -9999 -9999 -9999 -9999 -9999 -9999 -9999 -9999 -9999 -9999 -9999 -9999 -9999 -9999 -9999 -9999 -9999 -9999 -9999 -9999 -9999 -9999 -9999 -9999 -9999 -9999 -9999 -9999 -9999 -9999 -9999 -9999 -9999 -9999 -9999 -9999 -9999 -9999 -9999 -9999 -9999 -9999 -9999 -9999 -9999 -9999 -9999 -9999 1009 -9999 -9999 -9999 -9999 -9999 -9999 -9999 -9999 -9999 -9999 -9999 -9999 -9999 -9999
346 354 353 346 339 332 326 318 314 311 308 303 299 292 289 285 282 282 283 287 -9999 -9999 -9999 -9999 -9999 -9999 -9999 -9999 -9999 -9999 -9999 -9999 -9999 -9999 -9999 -9999 -9999 -9999 -9999 -9999 -9999 -9999 -9999 -9999 -9999 -9999 -9999 -9999 -9999 -9999 -9999 -9999 -9999 -9999 -9999 -9999 -9999 -9999 -9999 -9999 -9999 -9999 -9999 -9999 -9999 -9999 -9999 -9999 -9999 -9999 -9999 -9999 -9999 -9999 -9999 -9999 -9999 -9999 -9999 -9999 -9999 -9999
329 334 336 333 327 322 316 311 308 305 302 298 292 288 284 282 280 280 281 285 288 -9999 -9999 -9999 -9999 -9999 -9999 -9999 -9999 -9999 -9999 -9999 -9999 -9999 -9999 -9999 -9999 -9999 -9999 -9999 -9999 -9999 -9999 -9999 -9999 -9999 -9999 -9999 -9999 -9999 -9999 -9999 -9999 -9999 -9999 -9999 -9999 -9999 -9999 -9999 -9999 -9999 -9999 -9999 -9999 -9999 -9999 -9999 -9999 -9999 -9999 -9999 -9999 -9999 -9999 -9999 -9999 -9999 -9999 -9999 -9999 -9999
312 317 319 318 315 311 306 303 299 297 294 291 287 283 279 278 276 277 279 281 283 287 -9999 -9999 -9999 -9999 -9999 -9999 -9999 -9999 -9999 -9999 -9999 -9999 -9999 -9999 -9999 -9999 -9999 -9999 -9999 -9999 -9999 -9999 -9999 -9999 -9999 -9999 -9999 -9999 -9999 -9999 -9999 -9999 -9999 -9999 -9999 -9999 -9999 -9999 -9999 -9999 -9999 -9999 -9999 -9999 -9999 -9999 -9999 -9999 -9999 -9999 -9999 -9999 -9999 -9999 -9999 -9999 -9999 -9999 -9999 -9999
296 301 303 303 302 299 296 293 290 287 285 281 279 277 275 274 273 273 275 277 279 281 282 281 277 272 267 263 257 251 248 246 245 -9999 -9999 -9999 -9999 -9999 -9999 -9999 -9999 -9999 -9999 -9999 -9999 -9999 -9999 -9999 -9999 -9999 -9999 -9999 -9999 -9999 -9999 -9999 -9999 -9999 -9999 -9999 -9999 -9999 -9999 -9999 -9999 -9999 -9999 -9999 -9999 -9999 -9999 -9999 -9999 -9999 -9999 -9999 -9999 -9999 -9999 -9999 -9999 -9999
281 285 287 290 288 287 285 282 280 278 276 274 272 270 270 270 269 269 271 271 272 272 272 270 267 263 259 254 248 241 236 232 231 230 229 232 -9999 -9999 -9999 -9999 -9999 -9999 -9999 -9999 -9999 -9999 -9999 -9999 -9999 -9999 -9999 -9999 -9999 -9999 -9999 -9999 -9999 -9999 -9999 -9999 -9999 -9999 -9999 -9999 -9999 -9999 -9999 -9999 -9999 -9999 -9999 -9999 -9999 -9999 -9999 -9999 -9999 -9999 -9999 -9999 -9999 -9999
266 270 272 275 276 275 273 272 269 267 266 265 264 263 264 264 264 265 265 266 266 265 264 260 257 254 250 246 240 232 225 219 214 211 208 204 196 187 -9999 -9999 -9999 -9999 -9999 -9999 -9999 -9999 -9999 -9999 -9999 -9999 -9999 -9999 -9999 -9999 -9999 -9999 -9999 -9999 -9999 -9999 -9999 -9999 -9999 -9999 -9999 -9999 -9999 -9999 -9999 -9999 -9999 -9999 -9999 -9999 -9999 -9999 -9999 -9999 -9999 -9999 -9999 -9999
180 255 258 261 262 262 261 259 257 256 255 255 254 255 257 258 259 260 260 259 258 257 254 250 247 243 240 239 234 223 215 207 199 194 186 178 169 161 159 164 -9999 -9999 -9999 -9999 -9999 -9999 -9999 -9999 -9999 -9999 -9999 -9999 -9999 -9999 -9999 -9999 -9999 -9999 -9999 -9999 -9999 -9999 -9999 -9999 -9999 -9999 -9999 -9999 -9999 -9999 -9999 -9999 -9999 -9999 -9999 -9999 -9999 -9999 -9999 -9999 -9999 -9999
170 174 243 246 249 248 247 245 244 243 243 243 244 246 249 253 254 256 255 254 251 249 246 241 238 232 229 226 222 212 202 194 185 176 168 157 146 137 138 146 155 -9999 -9999 -9999 -9999 -9999 -9999 -9999 -9999 -9999 -9999 -9999 -9999 -9999 -9999 -9999 -9999 -9999 -9999 -9999 -9999 -9999 -9999 -9999 -9999 -9999 -9999 -9999 -9999 -9999 -9999 -9999 -9999 -9999 -9999 -9999 -9999 -9999 -9999 -9999 -9999 -9999
221 164 167 229 232 232 230 230 228 228 228 231 233 237 241 247 250 251 250 247 245 241 238 233 228 222 215 207 203 197 191 183 173 163 153 142 131 122 125 134 144 153 -9999 -9999 -9999 -9999 -9999 -9999 -9999 -9999 -9999 -9999 -9999 -9999 -9999 -9999 -9999 -9999 -9999 -9999 -9999 -9999 -9999 -9999 -9999 -9999 -9999 -9999 -9999 -9999 -9999 -9999 -9999 -9999 -9999 -9999 -9999 -9999 -9999 -9999 -9999 -9999
206 207 210 211 213 214 213 212 214 214 215 217 220 225 233 239 245 246 244 241 238 234 231 226 221 213 201 190 187 186 180 172 162 152 141 132 124 120 121 128 137 146 154 -9999 -9999 -9999 -9999 -9999 -9999 -9999 -9999 -9999 -9999 -9999 -9999 -9999 -9999 -9999 -9999 -9999 -9999 -9999 -9999 -9999 -9999 -9999 -9999 -9999 -9999 -9999 -9999 -9999 -9999 -9999 -9999 -9999 -9999 -9999 -9999 -9999 -9999 -9999
192 193 193 195 195 197 197 197 198 199 200 202 207 212 221 231 240 239 237 234 230 227 223 221 216 209 199 183 181 182 175 167 158 146 134 124 120 117 120 125 133 142 150 156 -9999 -9999 -9999 -9999 -9999 -9999 -9999 -9999 -9999 -9999 -9999 -9999 -9999 -9999 -9999 -9999 -9999 -9999 -9999 -9999 -9999 -9999 -9999 -9999 -9999 -9999 -9999 -9999 -9999 -9999 -9999 -9999 -9999 -9999 -9999 -9999 -9999 -9999
179 178 179 180 182 182 182 183 184 184 186 188 192 198 205 217 229 229 227 225 222 220 218 217 214 212 208 204 195 186 176 165 153 142 130 122 117 115 119 123 131 141 150 156 160 -9999 -9999 -9999 -9999 -9999 -9999 -9999 -9999 -9999 -9999 -9999 -9999 -9999 -9999 -9999 -9999 -9999 -9999 -9999 -9999 -9999 -9999 -9999 -9999 -9999 -9999 -9999 -9999 -9999 -9999 -9999 -9999 -9999 -9999 -9999 -9999 -9999
167 166 167 168 169 170 170 170 170 170 172 175 178 181 187 195 204 211 215 218 216 213 213 213 213 212 215 220 207 190 177 164 153 141 131 122 115 114 116 122 131 142 150 158 164 167 -9999 -9999 -9999 -9999 -9999 -9999 -9999 -9999 -9999 -9999 -9999 -9999 -9999 -9999 -9999 -9999 -9999 -9999 -9999 -9999 -9999 -9999 -9999 -9999 -9999 -9999 -9999 -9999 -9999 123 122 122 121 120 121 -9999
157 155 156 158 159 160 160 159 158 159 161 162 164 165 168 171 181 191 199 206 208 208 208 209 209 211 212 210 200 188 176 164 153 143 132 122 115 110 112 120 131 143 155 163 167 171 172 175 177 179 -9999 -9999 -9999 -9999 -9999 -9999 -9999 -9999 -9999 -9999 -9999 -9999 -9999 -9999 -9999 -9999 -9999 -9999 -9999 -9999 110 111 113 114 115 116 115 115 114 112 113 113
150 148 150 152 152 153 152 152 151 150 152 152 153 154 154 157 165 176 184 192 197 200 203 203 205 206 205 199 192 183 174 165 155 144 134 124 113 106 107 118 131 145 159 168 172 173 175 178 180 181 181 178 -9999 -9999 -9999 -9999 -9999 -9999 -9999 -9999 -9999 -9999 -9999 -9999 -9999 -9999 -9999 -9999 96 98 102 105 106 108 109 110 109 108 107 105 106 105
