data/studyarea/bio12.asc
NCOLS 462 
NROWS 586 
XLLCORNER -113 
YLLCORNER -53.1666666666667 
CELLSIZE 0.166666666666667 
NODATA_value -9999 
[rows 350 to 384 of 586, columns 316 to 394 of 462]
1743 1769 1804 1850 1885 1882 1860 1838 1818 1804 1797 1798 1819 1853 1897 1941 1972 1978 1961 1941 1924 1915 1916 1899 1906 1899 1861 1831 1795 1766 1731 1690 1663 1664 1638 1615 1572 1542 1562 1594 1595 1585 1599 1596 1581 1563 1529 1511 1528 1546 1530 1528 1539 1549 1562 1565 1567 1564 1552 1528 1512 1522 1539 1580 1632 1693 1742 1789 1931 2023 2040 1879 1744 1683 1528 1514 1685 1848 1719
1677 1703 1729 1756 1796 1811 1799 1774 1754 1735 1720 1713 1736 1789 1858 1929 2000 2014 1985 1955 1926 1902 1888 1864 1833 1819 1798 1767 1744 1729 1702 1660 1633 1635 1645 1639 1612 1589 1621 1637 1621 1584 1593 1586 1591 1566 1534 1519 1529 1522 1515 1521 1535 1546 1554 1559 1560 1558 1538 1519 1508 1506 1527 1559 1604 1653 1710 1803 1844 1855 1864 1813 1682 1647 1555 1719 1846 1748 1495
1611 1634 1657 1678 1722 1743 1733 1717 1697 1669 1642 1625 1647 1720 1810 1899 1979 1980 1952 1937 1909 1871 1842 1803 1767 1747 1737 1721 1704 1686 1666 1641 1616 1634 1666 1682 1705 1727 1737 1735 1695 1653 1630 1609 1591 1577 1534 1512 1509 1503 1511 1521 1533 1542 1553 1561 1561 1550 1539 1520 1499 1503 1518 1549 1598 1624 1671 1725 1722 1768 1786 1830 1639 1621 1619 1725 1740 1721 1434
1563 1563 1586 1608 1640 1678 1675 1662 1643 1617 1586 1551 1575 1665 1767 1861 1902 1914 1912 1902 1873 1819 1760 1707 1699 1681 1667 1655 1626 1632 1626 1617 1617 1645 1692 1744 1805 1841 1866 1856 1796 1739 1694 1651 1620 1591 1551 1514 1506 1502 1513 1519 1535 1544 1555 1567 1566 1561 1554 1538 1505 1494 1487 1547 1602 1670 1729 1638 1650 1722 1758 1748 1611 1571 1608 1625 1658 1643 1380
1503 1498 1524 1566 1571 1613 1629 1621 1607 1585 1561 1548 1582 1672 1774 1834 1861 1868 1859 1833 1801 1715 1642 1625 1601 1558 1564 1578 1608 1618 1640 1631 1650 1686 1732 1799 1873 1930 1981 1976 1888 1815 1753 1692 1644 1605 1559 1516 1498 1509 1510 1521 1531 1546 1560 1570 1575 1586 1589 1569 1533 1533 1526 1582 1658 1814 1731 1588 1593 1637 1668 1663 1593 1563 1616 1611 1599 1561 1352
1459 1432 1449 1517 1538 1555 1589 1590 1578 1566 1558 1564 1594 1661 1757 1819 1815 1795 1764 1721 1669 1597 1549 1489 1454 1466 1497 1530 1559 1582 1602 1627 1662 1719 1784 1851 1906 1957 2016 2008 1933 1854 1775 1695 1642 1598 1567 1530 1506 1506 1511 1522 1533 1547 1563 1572 1587 1604 1627 1609 1590 1613 1598 1660 1863 1790 1680 1579 1578 1570 1562 1594 1566 1563 1585 1584 1583 1486 1381
1420 1438 1387 1443 1503 1527 1554 1565 1563 1558 1556 1566 1590 1637 1720 1764 1751 1717 1672 1619 1554 1494 1430 1358 1371 1415 1457 1494 1533 1593 1628 1653 1685 1755 1817 1859 1899 1942 1970 1963 1920 1847 1771 1709 1667 1620 1618 1561 1524 1515 1518 1525 1533 1543 1562 1572 1589 1620 1647 1650 1633 1673 1739 1820 1804 1702 1613 1572 1580 1520 1507 1522 1501 1498 1491 1507 1533 1492 1438
1370 1384 1375 1424 1474 1515 1540 1547 1549 1546 1551 1562 1580 1613 1655 1671 1664 1629 1582 1527 1468 1408 1322 1262 1335 1437 1440 1480 1520 1572 1638 1717 1758 1787 1811 1839 1871 1897 1911 1901 1870 1825 1768 1712 1677 1638 1656 1580 1559 1527 1525 1526 1529 1536 1542 1552 1579 1609 1653 1679 1687 1728 1797 1755 1680 1612 1591 1573 1520 1481 1453 1421 1396 1397 1409 1439 1488 1486 1517
1370 1387 1402 1433 1471 1511 1530 1533 1536 1535 1537 1545 1558 1572 1587 1588 1578 1549 1504 1458 1433 1401 1284 1232 1259 1350 1442 1499 1526 1587 1653 1719 1745 1766 1791 1820 1832 1841 1844 1837 1812 1765 1718 1679 1656 1670 1689 1669 1617 1540 1533 1528 1529 1532 1532 1532 1569 1591 1662 1711 1732 1784 1786 1726 1631 1591 1587 1528 1467 1453 1402 1390 1376 1376 1390 1409 1452 1478 1532
1375 1408 1427 1447 1472 1500 1519 1525 1523 1519 1515 1518 1521 1525 1520 1516 1502 1475 1437 1421 1395 1339 1277 1253 1280 1353 1413 1542 1572 1628 1686 1720 1735 1757 1773 1788 1795 1798 1787 1783 1765 1735 1678 1648 1621 1624 1668 1671 1591 1546 1535 1524 1530 1534 1530 1523 1523 1537 1649 1713 1732 1775 1726 1650 1585 1581 1536 1506 1474 1460 1407 1396 1398 1389 1393 1396 1404 1453 1479
1374 1406 1431 1452 1481 1501 1507 1514 1504 1498 1494 1486 1485 1479 1467 1451 1435 1410 1394 1400 1361 1301 1274 1258 1279 1333 1377 1421 1529 1663 1709 1706 1706 1726 1752 1764 1766 1770 1750 1760 1747 1707 1649 1600 1590 1582 1604 1600 1573 1559 1533 1522 1530 1542 1550 1534 1510 1495 1561 1683 1727 1776 1723 1660 1628 1606 1592 1546 1522 1487 1432 1433 1446 1444 1434 1434 1426 1445 1455
1369 1404 1433 1457 1477 1510 1503 1500 1494 1484 1473 1458 1449 1439 1413 1394 1377 1364 1386 1358 1300 1304 1262 1255 1249 1268 1336 1396 1506 1660 1720 1688 1653 1707 1736 1719 1744 1761 1752 1760 1735 1678 1611 1566 1553 1559 1579 1617 1606 1566 1510 1500 1525 1564 1591 1571 1536 1550 1571 1628 1684 1746 1736 1704 1665 1636 1612 1581 1560 1524 1483 1479 1494 1506 1573 1522 1461 1434 1431
1368 1405 1438 1462 1481 1514 1511 1492 1485 1470 1453 1435 1418 1397 1369 1347 1335 1340 1341 1290 1275 1267 1245 1244 1250 1269 1315 1379 1467 1611 1694 1657 1611 1653 1700 1710 1702 1713 1726 1771 1764 1694 1619 1567 1553 1551 1540 1550 1581 1538 1467 1477 1527 1570 1592 1594 1589 1585 1603 1650 1668 1738 1747 1713 1665 1636 1594 1565 1540 1513 1493 1495 1538 1579 1696 1537 1452 1408 1404
1375 1415 1446 1469 1496 1517 1502 1482 1471 1455 1439 1412 1391 1365 1334 1303 1309 1325 1280 1264 1255 1247 1242 1240 1251 1276 1313 1360 1419 1499 1640 1627 1577 1608 1651 1670 1662 1682 1716 1762 1760 1714 1660 1597 1563 1533 1512 1509 1540 1543 1510 1497 1554 1604 1606 1602 1629 1618 1634 1664 1690 1714 1706 1676 1647 1596 1558 1523 1506 1474 1468 1486 1527 1563 1545 1466 1403 1373 1357
1386 1431 1466 1487 1503 1505 1495 1478 1462 1442 1423 1396 1378 1344 1312 1289 1301 1287 1259 1247 1242 1243 1238 1245 1256 1278 1308 1351 1396 1535 1589 1577 1541 1573 1607 1614 1630 1662 1685 1734 1741 1770 1725 1655 1620 1583 1511 1535 1587 1549 1543 1558 1571 1602 1644 1636 1605 1631 1695 1647 1666 1659 1638 1602 1583 1546 1515 1487 1465 1435 1430 1451 1487 1506 1501 1390 1339 1335 1325
1406 1453 1485 1507 1513 1511 1499 1477 1457 1432 1409 1382 1361 1330 1301 1286 1294 1263 1248 1240 1235 1237 1238 1245 1257 1278 1305 1334 1365 1408 1500 1499 1494 1533 1555 1578 1603 1634 1661 1707 1723 1738 1749 1733 1681 1630 1616 1646 1689 1651 1624 1615 1631 1624 1625 1617 1608 1604 1623 1593 1606 1584 1550 1519 1508 1480 1442 1412 1424 1399 1398 1435 1468 1431 1407 1319 1300 1309 1337
1427 1477 1511 1527 1532 1521 1503 1485 1453 1427 1398 1371 1346 1319 1294 1282 1266 1248 1241 1236 1236 1236 1239 1249 1260 1279 1300 1324 1349 1377 1413 1422 1505 1521 1531 1548 1582 1619 1647 1685 1707 1717 1747 1764 1708 1656 1619 1617 1644 1691 1693 1666 1658 1639 1588 1586 1572 1576 1556 1539 1544 1522 1497 1475 1469 1458 1393 1371 1379 1378 1380 1398 1439 1379 1353 1314 1312 1307 1321
1460 1514 1552 1567 1560 1540 1510 1480 1452 1420 1390 1360 1333 1309 1287 1268 1254 1244 1238 1233 1233 1234 1240 1249 1261 1278 1297 1317 1341 1358 1374 1389 1471 1516 1536 1528 1566 1629 1653 1670 1678 1696 1729 1742 1700 1682 1674 1647 1657 1672 1686 1674 1650 1616 1559 1593 1539 1520 1542 1501 1495 1487 1467 1450 1452 1461 1415 1354 1354 1376 1378 1390 1380 1359 1329 1349 1375 1324 1322
1491 1557 1596 1602 1584 1551 1516 1477 1441 1409 1378 1349 1324 1299 1278 1262 1248 1238 1233 1233 1231 1233 1241 1251 1264 1275 1293 1311 1330 1349 1362 1377 1439 1496 1514 1525 1556 1618 1634 1642 1652 1674 1712 1706 1698 1684 1680 1662 1669 1665 1686 1659 1622 1576 1540 1557 1557 1508 1510 1505 1470 1458 1446 1429 1437 1440 1414 1360 1359 1377 1373 1384 1370 1353 1339 1361 1365 1337 1332
1513 1602 1655 1649 1619 1557 1511 1467 1429 1395 1365 1336 1310 1286 1269 1254 1240 1234 1231 1227 1231 1234 1242 1252 1263 1277 1294 1309 1327 1345 1359 1380 1425 1486 1521 1539 1580 1594 1603 1619 1637 1679 1715 1711 1694 1680 1673 1665 1657 1665 1664 1626 1592 1541 1528 1539 1529 1516 1497 1489 1461 1441 1430 1421 1414 1427 1392 1356 1361 1367 1363 1380 1368 1346 1345 1357 1353 1341 1331
1509 1626 1710 1679 1608 1547 1502 1451 1411 1374 1346 1316 1294 1273 1256 1243 1235 1227 1222 1225 1226 1234 1242 1253 1264 1278 1296 1310 1327 1345 1360 1380 1436 1485 1515 1539 1559 1581 1594 1618 1634 1665 1693 1712 1723 1686 1686 1698 1663 1649 1635 1630 1608 1557 1542 1527 1516 1497 1481 1477 1443 1429 1432 1407 1384 1397 1364 1354 1352 1369 1353 1373 1361 1358 1388 1386 1369 1354 1358
1465 1577 1660 1642 1582 1515 1471 1421 1382 1351 1325 1297 1274 1258 1243 1233 1227 1218 1220 1221 1225 1233 1242 1253 1264 1280 1297 1312 1330 1346 1371 1389 1441 1487 1508 1535 1557 1580 1597 1615 1619 1644 1670 1673 1710 1727 1717 1710 1681 1633 1630 1607 1581 1538 1520 1527 1540 1530 1485 1470 1443 1419 1407 1394 1373 1384 1347 1366 1345 1353 1358 1369 1370 1402 1424 1406 1381 1377 1398
1384 1465 1521 1527 1491 1452 1428 1381 1348 1320 1299 1274 1259 1245 1229 1221 1213 1211 1212 1216 1224 1230 1243 1255 1270 1284 1301 1315 1334 1352 1377 1399 1437 1480 1512 1526 1546 1563 1577 -9999 -9999 1635 1657 1671 1686 1708 1679 1659 1663 1624 1591 1562 1547 1522 1524 1542 1567 1558 1506 1484 1448 1420 1397 1371 1371 1349 1334 1343 1327 1346 1354 1362 1418 1429 1433 1420 1399 1421 1415
1285 1346 1381 1405 1400 1385 1370 1341 1311 1287 1268 1249 1236 1223 1218 1205 1202 1200 1206 1211 1219 1229 1242 1257 1272 1286 1303 1324 1339 1360 1378 1396 1430 1482 1488 1515 1536 1530 1534 -9999 -9999 -9999 -9999 1660 1673 1670 1647 1627 1634 1615 1565 1549 1543 1523 1535 1568 1633 1606 1548 1498 1453 1422 1408 1412 1387 1320 1364 1352 1327 1350 1348 1385 1429 1431 1429 1433 1419 1416 1406
1197 1243 1272 1275 1304 1321 1319 1311 1286 1256 1242 1222 1209 1204 1201 1188 1205 1189 1194 1204 1214 1228 1243 1257 1275 1293 1309 1328 1348 1366 1385 1404 1430 1466 1466 1486 1508 1514 1523 -9999 -9999 -9999 -9999 -9999 -9999 -9999 1637 1612 1604 1619 1584 1539 1537 1531 1539 1602 1641 1619 1561 1503 1457 1439 1432 1423 1367 1314 1384 1323 1296 1321 1344 1390 1412 1412 1427 1434 1436 1410 1420
1128 1167 1186 1168 1183 1210 1231 1239 1240 1222 1215 1200 1196 1180 1182 1183 1178 1176 1186 1197 1212 1226 1243 1258 1277 1296 1312 1331 1354 1375 1392 1412 1434 1475 1481 1491 1505 1506 -9999 -9999 -9999 -9999 -9999 -9999 -9999 -9999 -9999 -9999 -9999 -9999 -9999 -9999 -9999 -9999 -9999 1604 1653 1644 1581 1530 1465 1433 1419 1407 1356 1315 1295 1322 1273 1297 1321 1381 1398 1436 1464 1441 1431 1412 1408
1055 1099 1106 1146 1139 1139 1161 1173 1195 1194 1182 1180 1169 1158 1160 1166 1159 1164 1176 1190 1207 1224 1242 1259 1281 1297 1318 1341 1360 1379 1402 1422 1448 1488 1485 1496 1513 1516 -9999 -9999 -9999 -9999 -9999 -9999 -9999 -9999 -9999 -9999 -9999 -9999 -9999 -9999 -9999 -9999 -9999 1578 1611 1626 1598 1552 1479 1436 1428 1412 1307 1309 1225 1242 1238 1261 1304 1359 1379 1435 1453 1439 1412 1423 1423
993 1043 1067 1068 1096 1111 1127 1127 1139 1152 1150 1149 1149 1147 1140 1141 1140 1148 1165 1184 1203 1222 1243 1263 1281 1303 1323 1346 1363 1385 1407 1427 1457 1483 1485 1503 1514 -9999 -9999 -9999 -9999 -9999 -9999 -9999 -9999 -9999 -9999 -9999 -9999 -9999 -9999 -9999 -9999 -9999 -9999 -9999 1571 1549 1545 1528 1491 1433 1421 1402 1304 1272 1170 1162 1225 1274 1294 1361 1391 1406 1421 1411 1422 1436 1449
944 988 1027 1039 1050 1068 1086 1097 1106 1105 1107 1104 1102 1101 1102 1114 1118 1134 1156 1181 1200 1225 1244 1267 1286 1309 1328 1348 1372 1390 1411 1432 1475 1483 1487 1499 1500 -9999 -9999 -9999 -9999 -9999 -9999 -9999 -9999 -9999 -9999 -9999 -9999 -9999 -9999 -9999 -9999 -9999 -9999 -9999 -9999 1550 1542 1497 1465 1438 1413 1378 1321 1215 1160 1219 1326 1382 1338 1416 1522 1482 1459 1431 1430 1435 1448
901 939 981 1010 1027 1042 1058 1065 1073 1076 1077 1073 1072 1069 1068 1078 1099 1122 1150 1176 1199 1223 1247 1268 1290 1313 1333 1354 1373 1391 1413 1433 1483 1483 1490 1496 -9999 -9999 -9999 -9999 -9999 -9999 -9999 -9999 -9999 -9999 -9999 -9999 -9999 -9999 -9999 -9999 -9999 -9999 -9999 -9999 -9999 -9999 1503 1476 1467 1452 1436 1430 1421 1308 1256 1296 1313 1358 1404 1425 1442 1500 1512 1464 1456 1457 1458
860 901 939 976 1004 1026 1039 1046 1050 1053 1052 1052 1048 1046 1047 1059 1086 1120 1150 1177 1201 1225 1250 1273 1295 1316 1337 1358 1377 1396 1411 1443 1488 1488 1501 1494 -9999 -9999 -9999 -9999 -9999 -9999 -9999 -9999 -9999 -9999 -9999 -9999 -9999 -9999 -9999 -9999 -9999 -9999 -9999 -9999 -9999 1493 1479 1461 1475 1477 1456 1428 1396 1350 1307 1296 1316 1358 1409 1448 1483 1455 1464 1477 1478 1500 1501
821 865 904 943 980 1007 1025 1032 1034 1033 1032 1032 1034 1035 1044 1060 1092 1125 1152 1179 1205 1229 1255 1280 1303 1323 1341 1362 1381 1398 1411 1448 1483 1498 1514 1488 -9999 -9999 -9999 -9999 -9999 -9999 -9999 -9999 -9999 -9999 -9999 -9999 -9999 -9999 -9999 -9999 -9999 -9999 -9999 -9999 1473 1457 1442 1447 1448 1462 1463 1429 1385 1366 1348 1336 1338 1363 1402 1440 1473 1476 1430 1445 1474 1483 1502
789 832 875 916 957 989 1009 1021 1018 1016 1016 1017 1022 1029 1050 1066 1120 1129 1156 1185 1211 1235 1263 1286 1307 1329 1349 1368 1386 1399 1415 1449 1463 1509 1522 1505 1484 1486 -9999 -9999 -9999 -9999 -9999 -9999 -9999 -9999 -9999 -9999 -9999 -9999 -9999 -9999 -9999 -9999 -9999 1468 1446 1428 1419 1409 1408 1425 1439 1424 1387 1353 1346 1353 1370 1392 1416 1445 1474 1502 1485 1494 1517 1547 1554
758 802 849 894 936 975 995 1002 1004 999 998 1003 1013 1026 1047 1069 1102 1137 1163 1191 1220 1245 1269 1292 1315 1338 1358 1374 1390 1402 1427 1443 1447 1491 1510 1505 1479 1482 1503 1515 -9999 -9999 -9999 -9999 -9999 -9999 -9999 -9999 -9999 -9999 -9999 -9999 -9999 -9999 1484 1456 1419 1400 1393 1372 1367 1368 1378 1380 1382 1362 1357 1369 1385 1411 1440 1465 1480 1512 1548 1555 1562 1606 1622
733 777 820 868 914 955 975 980 981 979 979 988 1000 1023 1049 1080 1110 1142 1176 1204 1228 1254 1276 1300 1324 1344 1365 1383 1395 1405 1448 1448 1458 1469 1491 1508 1496 1490 1504 1508 1496 1494 -9999 -9999 -9999 -9999 -9999 -9999 -9999 -9999 -9999 -9999 -9999 1490 1474 1440 1396 1367 1346 1335 1324 1317 1319 1320 1326 1336 1362 1391 1425 1441 1456 1480 1499 1533 1576 1598 1610 1620 1638
