data/studyarea/bio1.asc
NCOLS 462 
NROWS 586 
XLLCORNER -113 
YLLCORNER -53.1666666666667 
CELLSIZE 0.166666666666667 
NODATA_value -9999 
[rows 108 to 143 of 586, columns 0 to 81 of 462]
218 217 216 212 201 204 211 215 226 232 -9999 -9999 -9999 -9999 -9999 -9999 -9999 -9999 -9999 -9999 -9999 -9999 244 244 239 243 244 240 230 216 197 203 178 174 153 164 145 152 131 119 140 123 130 160 171 174 175 176 181 186 188 193 196 197 198 198 194 199 188 202 192 211 208 196 187 196 203 179 173 191 197 208 211 213 203 211 213 227 229 229 229 230
-9999 217 220 218 217 216 211 209 221 230 -9999 -9999 -9999 -9999 -9999 -9999 -9999 -9999 -9999 -9999 -9999 -9999 244 245 244 244 242 235 237 208 211 230 194 188 172 156 150 139 120 119 125 129 139 162 169 169 167 172 179 186 190 195 197 200 201 202 199 203 192 201 183 213 205 190 184 184 196 200 193 194 190 204 205 204 205 202 205 213 213 225 229 231
-9999 -9999 -9999 -9999 223 221 212 208 206 229 240 237 -9999 -9999 -9999 -9999 -9999 -9999 -9999 -9999 -9999 244 244 243 244 244 239 239 242 231 230 222 223 198 205 157 136 132 127 116 112 123 148 157 174 169 167 168 175 182 189 194 197 200 203 205 206 207 206 207 205 203 204 199 200 190 186 195 178 193 204 201 200 200 199 210 219 213 196 217 227 231
-9999 -9999 -9999 -9999 225 225 221 214 206 221 236 234 -9999 -9999 -9999 -9999 -9999 -9999 -9999 -9999 -9999 244 245 245 247 247 246 249 249 246 241 228 195 225 214 172 139 134 134 120 116 120 148 148 166 179 173 173 171 182 188 192 195 198 204 205 208 209 209 210 211 211 208 210 210 205 202 192 175 193 204 206 207 205 200 206 224 223 215 221 229 232
-9999 -9999 -9999 -9999 -9999 225 225 221 212 207 229 246 -9999 238 -9999 -9999 -9999 -9999 -9999 -9999 -9999 244 245 246 247 248 249 250 250 245 240 233 199 203 219 179 155 145 147 139 131 129 147 154 145 168 180 186 176 180 182 191 196 195 197 199 210 211 211 211 213 214 214 214 213 211 209 206 197 199 197 199 193 193 200 210 222 226 228 225 231 232
-9999 -9999 -9999 -9999 -9999 224 225 224 220 212 215 230 -9999 238 -9999 -9999 -9999 -9999 -9999 -9999 -9999 244 245 246 247 248 249 250 249 247 242 240 233 212 214 182 136 167 173 138 131 141 128 146 139 170 181 188 193 179 187 192 199 189 185 207 209 213 213 212 213 209 212 209 209 208 207 206 204 203 190 186 184 167 151 184 201 223 228 229 230 232
-9999 -9999 -9999 -9999 -9999 222 223 224 222 217 209 215 230 -9999 -9999 -9999 -9999 -9999 -9999 -9999 -9999 -9999 -9999 247 246 248 249 249 249 246 243 239 237 232 229 201 166 184 191 161 130 131 144 156 125 164 181 181 190 195 195 198 209 206 198 205 207 210 212 212 213 218 212 191 188 195 196 200 201 200 192 185 175 151 126 138 175 215 226 228 230 231
-9999 -9999 -9999 -9999 -9999 220 220 221 220 218 213 212 228 230 -9999 -9999 -9999 -9999 -9999 -9999 -9999 -9999 -9999 -9999 -9999 -9999 249 249 249 247 243 243 240 243 235 224 215 199 164 159 144 132 132 151 160 166 162 154 166 183 207 198 208 211 211 209 208 204 198 201 200 207 214 216 213 199 189 184 177 175 188 184 149 163 141 120 149 195 222 225 228 229
-9999 -9999 -9999 -9999 218 218 218 218 218 217 214 210 214 224 226 -9999 -9999 -9999 -9999 -9999 -9999 -9999 -9999 -9999 -9999 -9999 -9999 -9999 249 248 247 248 244 246 241 230 232 224 196 141 135 124 125 126 138 170 157 150 155 170 203 208 207 198 205 207 203 204 195 200 202 200 209 205 211 204 204 198 180 177 178 181 173 176 163 135 144 183 211 221 225 228
-9999 -9999 -9999 -9999 217 217 216 216 215 215 214 212 209 213 226 -9999 -9999 -9999 -9999 -9999 -9999 -9999 -9999 -9999 -9999 -9999 -9999 -9999 249 249 250 250 250 251 248 248 242 220 175 197 181 154 120 130 128 157 143 161 165 167 195 204 198 202 199 203 204 206 207 199 206 205 206 203 198 201 200 194 196 194 191 191 175 177 170 161 132 175 189 219 226 229
-9999 -9999 -9999 -9999 216 216 215 214 213 213 215 215 214 216 232 -9999 -9999 -9999 -9999 -9999 -9999 -9999 -9999 -9999 -9999 -9999 -9999 -9999 -9999 250 251 252 253 253 251 251 245 241 222 226 173 171 133 137 128 142 147 141 159 166 189 195 177 191 189 189 186 194 206 208 210 210 211 206 192 188 200 190 178 196 191 188 190 170 171 164 161 171 176 204 224 228
-9999 -9999 -9999 -9999 214 213 212 214 213 214 216 218 216 224 -9999 230 232 -9999 -9999 -9999 -9999 -9999 -9999 -9999 -9999 -9999 -9999 -9999 -9999 250 251 252 253 253 252 252 251 250 230 221 201 176 158 142 131 133 150 124 148 177 171 176 155 173 182 174 180 192 195 200 202 211 208 207 193 183 192 192 171 170 192 162 182 179 169 171 169 153 167 197 220 226
-9999 -9999 -9999 -9999 -9999 -9999 209 211 216 217 219 221 218 221 233 234 235 -9999 235 -9999 -9999 -9999 -9999 -9999 -9999 -9999 -9999 -9999 -9999 -9999 -9999 252 253 253 252 252 251 245 237 202 161 140 119 126 123 125 135 131 131 178 179 174 170 175 168 166 175 186 183 187 200 202 195 197 198 187 181 182 181 181 184 174 178 185 181 174 172 157 148 179 211 226
-9999 -9999 -9999 -9999 -9999 -9999 -9999 213 -9999 219 222 223 220 216 229 237 234 228 225 236 -9999 -9999 -9999 -9999 -9999 -9999 -9999 -9999 -9999 -9999 -9999 -9999 253 253 253 253 245 247 241 210 208 161 150 154 132 124 126 134 132 170 181 179 173 165 154 157 166 173 173 182 197 192 191 190 189 190 184 183 175 183 177 169 179 182 178 179 178 177 158 184 211 228
-9999 -9999 -9999 -9999 -9999 -9999 -9999 -9999 -9999 -9999 -9999 225 224 221 225 233 227 213 235 235 -9999 -9999 -9999 -9999 -9999 -9999 -9999 -9999 -9999 -9999 -9999 -9999 -9999 -9999 254 255 254 251 245 240 223 216 203 133 131 131 122 128 138 164 177 179 176 167 153 144 155 165 171 180 192 169 173 182 184 184 184 181 176 177 174 174 180 170 169 180 179 184 175 181 194 216
-9999 -9999 -9999 -9999 -9999 -9999 -9999 -9999 -9999 -9999 -9999 -9999 228 227 226 226 221 215 229 232 -9999 -9999 -9999 -9999 -9999 -9999 -9999 -9999 -9999 -9999 -9999 -9999 -9999 -9999 -9999 255 255 254 252 249 238 196 190 188 152 130 128 124 140 158 171 169 181 176 156 150 149 162 175 185 186 168 158 171 177 177 175 175 167 164 174 174 177 173 174 181 170 185 152 142 155 181
-9999 -9999 -9999 -9999 -9999 -9999 -9999 -9999 -9999 -9999 -9999 -9999 -9999 229 228 226 221 211 208 227 -9999 -9999 -9999 -9999 -9999 -9999 -9999 -9999 -9999 -9999 -9999 -9999 -9999 -9999 -9999 -9999 254 253 250 245 229 224 220 155 127 112 135 125 132 146 139 171 180 170 164 149 153 159 174 180 173 166 163 167 169 170 167 167 164 164 171 174 163 170 185 182 175 183 163 134 165 188
-9999 -9999 -9999 -9999 -9999 -9999 -9999 -9999 -9999 -9999 -9999 -9999 -9999 -9999 229 228 222 206 182 223 241 243 -9999 -9999 -9999 -9999 -9999 -9999 -9999 -9999 -9999 -9999 -9999 -9999 -9999 -9999 -9999 252 248 248 245 242 203 174 168 125 154 136 123 125 127 191 163 159 166 157 160 161 172 173 165 161 161 165 167 172 171 169 167 163 167 176 156 171 193 187 190 174 187 150 168 205
-9999 -9999 -9999 -9999 -9999 -9999 -9999 -9999 -9999 -9999 -9999 -9999 -9999 -9999 -9999 -9999 226 217 186 231 230 238 -9999 -9999 -9999 -9999 -9999 -9999 -9999 -9999 -9999 -9999 -9999 -9999 -9999 -9999 -9999 -9999 250 247 247 242 222 210 195 161 171 160 132 128 149 180 143 145 155 152 151 153 159 163 167 162 164 169 173 175 175 173 171 162 161 170 169 185 194 180 192 184 176 173 179 206
-9999 -9999 -9999 -9999 -9999 -9999 -9999 -9999 -9999 -9999 -9999 -9999 -9999 -9999 -9999 -9999 230 224 199 231 229 237 -9999 -9999 -9999 -9999 -9999 -9999 -9999 -9999 -9999 -9999 -9999 -9999 -9999 -9999 -9999 -9999 -9999 247 247 246 242 227 223 186 193 164 133 155 179 173 146 156 145 161 148 150 159 164 164 168 169 175 178 177 175 173 171 165 164 164 172 183 204 192 198 195 179 189 179 187
-9999 -9999 -9999 -9999 -9999 -9999 -9999 -9999 -9999 -9999 -9999 -9999 -9999 -9999 -9999 -9999 -9999 226 213 230 237 241 -9999 -9999 -9999 -9999 -9999 -9999 -9999 -9999 -9999 -9999 -9999 -9999 -9999 -9999 -9999 -9999 -9999 246 248 247 248 245 232 192 210 201 194 180 170 163 132 181 160 147 140 151 155 154 155 168 170 175 177 175 170 169 172 171 164 175 169 175 203 200 200 202 185 203 180 201
-9999 -9999 -9999 -9999 -9999 -9999 -9999 -9999 -9999 -9999 -9999 -9999 -9999 -9999 -9999 -9999 -9999 232 231 236 -9999 -9999 -9999 -9999 -9999 -9999 -9999 -9999 -9999 -9999 -9999 -9999 -9999 -9999 -9999 -9999 -9999 -9999 -9999 -9999 248 249 250 243 238 225 224 197 200 158 152 162 150 193 163 142 144 158 150 151 156 163 164 171 172 173 167 169 172 171 172 179 183 180 200 202 205 215 204 209 198 226
-9999 -9999 -9999 -9999 -9999 -9999 -9999 -9999 -9999 -9999 -9999 -9999 -9999 -9999 -9999 -9999 -9999 -9999 -9999 -9999 -9999 -9999 -9999 -9999 -9999 -9999 -9999 -9999 -9999 -9999 -9999 -9999 -9999 -9999 -9999 -9999 -9999 -9999 -9999 -9999 -9999 249 249 249 242 238 219 182 215 172 179 182 152 210 177 153 168 158 144 150 163 161 157 165 168 168 167 167 173 174 176 182 190 183 189 185 201 220 219 214 202 229
-9999 -9999 -9999 -9999 -9999 -9999 -9999 -9999 -9999 -9999 -9999 -9999 -9999 -9999 -9999 -9999 -9999 -9999 -9999 -9999 -9999 -9999 -9999 -9999 -9999 -9999 -9999 -9999 -9999 -9999 -9999 -9999 -9999 -9999 -9999 -9999 -9999 -9999 -9999 -9999 -9999 -9999 -9999 248 246 246 235 193 211 165 206 192 149 208 188 172 169 158 145 166 165 162 157 160 166 168 166 168 167 172 169 181 189 188 201 194 212 219 220 211 198 221
-9999 -9999 -9999 -9999 -9999 -9999 -9999 -9999 -9999 -9999 -9999 -9999 -9999 -9999 -9999 -9999 -9999 -9999 -9999 -9999 -9999 -9999 -9999 -9999 -9999 -9999 -9999 -9999 -9999 -9999 -9999 -9999 -9999 -9999 -9999 -9999 -9999 -9999 -9999 -9999 -9999 -9999 -9999 247 248 248 237 226 194 167 205 208 160 197 174 186 162 161 164 172 173 165 149 159 168 166 165 165 161 166 174 182 181 182 194 201 224 222 218 211 198 208
-9999 -9999 -9999 -9999 -9999 -9999 -9999 -9999 -9999 -9999 -9999 -9999 -9999 -9999 -9999 -9999 -9999 -9999 -9999 -9999 -9999 -9999 -9999 -9999 -9999 -9999 -9999 -9999 -9999 -9999 -9999 -9999 -9999 -9999 -9999 -9999 -9999 -9999 -9999 -9999 -9999 -9999 -9999 -9999 247 247 243 228 217 175 216 211 178 188 153 187 163 171 174 170 180 165 145 163 171 167 165 164 159 163 171 176 180 174 191 203 220 223 220 214 199 206
-9999 -9999 -9999 -9999 -9999 -9999 -9999 -9999 -9999 -9999 -9999 -9999 -9999 -9999 -9999 -9999 -9999 -9999 -9999 -9999 -9999 -9999 -9999 -9999 -9999 -9999 -9999 -9999 -9999 -9999 -9999 -9999 -9999 -9999 -9999 -9999 -9999 -9999 -9999 -9999 -9999 -9999 -9999 -9999 247 247 247 243 231 201 219 187 207 192 148 198 186 188 185 163 184 169 157 166 176 175 169 163 164 165 163 165 175 173 175 206 209 218 218 211 202 213
-9999 -9999 -9999 -9999 -9999 -9999 -9999 -9999 -9999 -9999 -9999 -9999 -9999 -9999 -9999 -9999 -9999 -9999 -9999 -9999 -9999 -9999 -9999 -9999 -9999 -9999 -9999 -9999 -9999 -9999 -9999 -9999 -9999 -9999 -9999 -9999 -9999 -9999 -9999 -9999 -9999 -9999 246 -9999 248 249 249 250 230 231 228 212 200 206 169 200 179 176 178 160 194 183 170 173 178 175 169 167 164 161 163 160 180 177 170 180 188 214 216 211 210 218
-9999 -9999 -9999 -9999 -9999 -9999 -9999 -9999 -9999 -9999 -9999 -9999 -9999 -9999 -9999 -9999 -9999 -9999 -9999 -9999 -9999 -9999 -9999 -9999 -9999 -9999 -9999 -9999 -9999 -9999 -9999 -9999 -9999 -9999 -9999 -9999 -9999 243 241 -9999 -9999 -9999 -9999 -9999 249 251 252 251 246 229 234 192 184 203 174 217 164 167 174 173 202 178 174 177 176 177 172 163 164 164 156 174 180 179 183 179 191 206 213 215 217 222
-9999 -9999 -9999 -9999 -9999 -9999 -9999 -9999 -9999 -9999 -9999 -9999 -9999 -9999 -9999 -9999 -9999 -9999 -9999 -9999 -9999 -9999 -9999 -9999 -9999 -9999 -9999 -9999 -9999 -9999 -9999 -9999 -9999 -9999 -9999 -9999 -9999 -9999 235 -9999 -9999 -9999 -9999 -9999 -9999 253 252 234 222 217 238 209 179 188 195 201 160 174 165 199 185 167 183 181 178 176 170 168 166 165 165 175 165 173 173 180 202 209 209 216 218 227
-9999 -9999 -9999 -9999 -9999 -9999 -9999 -9999 -9999 -9999 -9999 -9999 -9999 -9999 -9999 -9999 -9999 -9999 -9999 -9999 -9999 -9999 -9999 -9999 -9999 -9999 -9999 -9999 -9999 -9999 -9999 -9999 -9999 -9999 -9999 -9999 -9999 -9999 -9999 238 -9999 -9999 -9999 -9999 -9999 -9999 252 231 204 206 227 234 184 178 220 176 168 168 161 203 169 179 186 185 185 178 182 169 157 157 164 164 168 170 166 167 190 196 207 204 221 226
-9999 -9999 -9999 -9999 -9999 -9999 -9999 -9999 -9999 -9999 -9999 -9999 -9999 -9999 -9999 -9999 -9999 -9999 -9999 -9999 -9999 -9999 -9999 -9999 -9999 -9999 -9999 -9999 -9999 -9999 -9999 -9999 -9999 -9999 -9999 -9999 -9999 -9999 -9999 -9999 241 -9999 -9999 -9999 -9999 -9999 256 248 221 196 204 211 215 205 190 186 185 187 197 185 178 184 187 186 184 183 184 177 159 159 159 170 176 176 171 166 174 176 190 179 202 220
-9999 -9999 -9999 -9999 -9999 -9999 -9999 -9999 -9999 -9999 -9999 -9999 -9999 -9999 -9999 -9999 -9999 -9999 -9999 -9999 -9999 -9999 -9999 -9999 -9999 -9999 -9999 -9999 -9999 -9999 -9999 -9999 -9999 -9999 -9999 -9999 -9999 -9999 -9999 -9999 -9999 -9999 -9999 -9999 -9999 -9999 252 240 220 226 217 204 216 222 223 199 184 217 197 179 182 185 185 181 176 178 185 190 187 172 156 166 181 182 176 172 170 177 192 190 189 209
-9999 -9999 -9999 -9999 -9999 -9999 -9999 -9999 -9999 -9999 -9999 -9999 -9999 -9999 -9999 -9999 -9999 -9999 -9999 -9999 -9999 -9999 -9999 -9999 -9999 -9999 -9999 -9999 -9999 -9999 -9999 -9999 -9999 -9999 -9999 -9999 -9999 -9999 -9999 -9999 -9999 -9999 -9999 -9999 -9999 248 242 250 236 220 234 205 186 196 210 217 212 199 184 179 183 181 179 174 170 180 191 194 195 191 182 170 184 185 173 166 153 162 188 190 167 198
-9999 -9999 -9999 -9999 -9999 -9999 -9999 -9999 -9999 -9999 -9999 -9999 -9999 -9999 -9999 -9999 -9999 -9999 -9999 -9999 -9999 -9999 -9999 -9999 -9999 -9999 -9999 -9999 -9999 -9999 -9999 -9999 -9999 -9999 -9999 -9999 -9999 -9999 -9999 -9999 -9999 -9999 -9999 -9999 255 248 257 246 205 182 200 216 202 189 192 196 190 193 198 188 185 187 175 176 168 174 199 197 196 199 194 180 183 183 172 177 175 173 174 166 169 182
-9999 -9999 -9999 -9999 -9999 -9999 -9999 -9999 -9999 -9999 -9999 -9999 -9999 -9999 -9999 -9999 -9999 -9999 -9999 -9999 -9999 -9999 -9999 -9999 -9999 -9999 -9999 -9999 -9999 -9999 -9999 -9999 -9999 -9999 -9999 -9999 -9999 -9999 -9999 -9999 -9999 -9999 -9999 -9999 -9999 257 243 222 196 173 168 193 195 195 207 203 184 192 198 194 183 194 191 189 182 178 189 180 202 204 202 192 189 190 186 183 178 176 176 180 187 182
