data/studyarea/bio12.asc
NCOLS 462 
NROWS 586 
XLLCORNER -113 
YLLCORNER -53.1666666666667 
CELLSIZE 0.166666666666667 
NODATA_value -9999 
[rows 385 to 419 of 586, columns 316 to 394 of 462]
709 753 796 842 883 917 941 951 954 955 960 969 989 1017 1050 1085 1120 1156 1188 1216 1240 1260 1285 1310 1334 1356 1376 1392 1403 1422 1444 1450 1457 1457 1458 1486 1499 1492 1495 1489 1479 1476 1475 -9999 -9999 -9999 -9999 -9999 -9999 -9999 -9999 -9999 -9999 1482 1461 1418 1371 1330 1293 1266 1261 1248 1257 1270 1289 1320 1370 1403 1440 1441 1448 1456 1468 1521 1570 1585 1600 1626 1628
690 734 776 817 853 883 906 919 927 932 939 949 968 1005 1050 1092 1129 1166 1204 1240 1257 1269 1292 1319 1345 1368 1386 1403 1414 1436 1438 1451 1443 1446 1454 1478 1489 1485 1472 1485 1471 1458 1449 1453 -9999 -9999 -9999 -9999 -9999 -9999 -9999 -9999 1471 1466 1443 1387 1324 1271 1240 1221 1205 1196 1204 1220 1245 1279 1327 1399 1456 1435 1422 1416 1442 1463 1505 1536 1542 1563 1613
678 718 754 794 826 856 877 893 908 913 921 927 939 978 1040 1089 1131 1177 1224 1259 1283 1280 1303 1329 1358 1381 1402 1418 1430 1432 1441 1438 1435 1439 1450 1475 1475 1472 1462 1461 1459 1444 1430 1429 1425 -9999 -9999 -9999 -9999 -9999 -9999 -9999 1438 1441 1419 1351 1280 1223 1197 1194 1174 1167 1176 1191 1228 1260 1300 1372 1424 1411 1387 1391 1398 1415 1451 1520 1514 1506 1552
667 706 740 775 804 832 857 875 890 902 912 917 923 956 1027 1084 1134 1180 1227 1260 1291 1299 1314 1338 1373 1399 1418 1438 1440 1437 1432 1434 1429 1441 1470 1473 1468 1459 1452 1443 1446 1438 1426 1408 1410 1410 -9999 -9999 -9999 -9999 -9999 1397 1394 1394 1369 1302 1241 1188 1175 1190 1201 1175 1176 1176 1198 1237 1267 1317 1350 1365 1353 1362 1391 1418 1467 1512 1549 1548 1482
666 698 730 761 788 816 840 862 879 898 912 927 946 982 1034 1089 1139 1185 1225 1263 1297 1306 1326 1349 1382 1409 1431 1447 1446 1434 1429 1425 1428 1442 1461 1460 1454 1447 1441 1430 1429 1425 1408 1394 1380 1383 1375 -9999 -9999 -9999 -9999 1351 1341 1324 1301 1258 1212 1178 1169 1178 1193 1199 1207 1197 1209 1243 1263 1287 1304 1325 1320 1334 1386 1436 1466 1506 1542 1540 1506
666 693 722 750 775 803 826 852 875 899 920 944 971 1009 1054 1102 1150 1192 1231 1265 1303 1322 1337 1356 1381 1408 1431 1441 1437 1428 1421 1418 1421 1438 1448 1452 1446 1445 1433 1420 1411 1411 1401 1387 1369 1350 1344 -9999 -9999 -9999 1305 1302 1281 1270 1246 1210 1184 1168 1170 1184 1202 1217 1225 1224 1244 1266 1286 1287 1301 1304 1312 1324 1373 1460 1512 1511 1536 1547 1511
670 694 716 740 766 794 819 847 874 904 933 964 998 1034 1078 1123 1164 1204 1240 1274 1310 1337 1348 1369 1386 1399 1417 1426 1427 1421 1412 1408 1413 1428 1434 1441 1445 1440 1433 1419 1404 1391 1385 1371 1352 1334 1311 1299 -9999 -9999 1265 1257 1232 1223 1197 1166 1156 1162 1172 1185 1198 1212 1215 1222 1246 1266 1296 1306 1312 1307 1322 1329 1361 1438 1524 1551 1532 1519 1507
675 693 715 735 759 785 813 845 879 910 947 984 1023 1066 1104 1147 1187 1221 1254 1281 1316 1349 1361 1368 1379 1391 1405 1414 1414 1414 1411 1408 1419 1428 1426 1436 1436 1432 1421 1417 1400 1381 1366 1356 1343 1318 1294 1271 -9999 -9999 1223 1195 1177 1181 1161 1137 1138 1150 1168 1185 1191 1195 1190 1190 1199 1225 1281 1310 1318 1320 1341 1340 1361 1421 1488 1543 1557 1538 1507
682 696 712 730 751 777 808 841 878 921 962 1007 1053 1096 1136 1175 1209 1241 1276 1295 1322 1353 1362 1365 1374 1387 1392 1401 1410 1413 1419 1416 1412 1420 1433 1428 1433 1429 1423 1409 1400 1382 1358 1337 1324 1303 1275 1250 1222 -9999 1172 1135 1126 1128 1132 1126 1141 1163 1176 1187 1189 1186 1177 1172 1170 1187 1240 1302 1309 1307 1322 1337 1363 1413 1477 1519 1510 1499 1495
689 698 709 723 743 768 801 837 882 929 979 1030 1080 1127 1171 1205 1238 1262 1289 1310 1333 1358 1358 1364 1371 1383 1388 1394 1413 1412 1412 1413 1411 1416 1431 1437 1432 1432 1422 1410 1396 1376 1354 1323 1306 1287 1254 1233 1205 -9999 1131 1119 1091 1100 1116 1133 1154 1176 1196 1204 1191 1188 1179 1177 1174 1186 1219 1257 1269 1281 1313 1330 1350 1391 1462 1499 1476 1452 1491
699 702 706 715 734 756 793 834 883 938 998 1056 1115 1165 1207 1239 1265 1288 1312 1328 1344 1357 1359 1363 1368 1376 1385 1392 1406 1406 1404 1407 1410 1415 1426 1436 1442 1438 1432 1414 1396 1376 1350 1315 1293 1271 1241 1210 1191 1157 1127 1128 1144 1146 1139 1138 1152 1184 1210 1215 1204 1217 1210 1208 1202 1208 1215 1230 1250 1279 1316 1332 1333 1363 1413 1448 1457 1416 1391
707 703 700 705 716 741 778 828 882 945 1011 1081 1151 1206 1248 1274 1295 1311 1330 1340 1349 1361 1363 1364 1369 1372 1378 1392 1406 1406 1405 1402 1409 1419 1425 1436 1444 1450 1440 1424 1400 1371 1341 1310 1283 1259 1231 1206 1177 1148 1139 1142 1168 1183 1170 1155 1164 1194 1213 1214 1211 1215 1223 1242 1234 1235 1244 1232 1242 1272 1309 1326 1334 1344 1371 1412 1433 1429 1377
715 704 694 689 700 725 764 818 881 951 1025 1105 1184 1254 1290 1308 1319 1328 1341 1350 1365 1367 1365 1364 1368 1371 1382 1400 1408 1407 1406 1405 1406 1423 1438 1452 1460 1462 1455 1436 1412 1379 1347 1316 1278 1246 1217 1194 1167 1158 1158 1158 1157 1164 1161 1165 1201 1235 1231 1202 1161 1166 1204 1233 1225 1227 1226 1212 1221 1259 1305 1324 1336 1347 1365 1377 1386 1377 1326
723 707 688 675 676 700 748 812 879 954 1035 1122 1212 1300 1332 1326 1327 1336 1346 1362 1372 1377 1372 1365 1362 1370 1385 1405 1411 1410 1406 1407 1410 1421 1443 1464 1485 1487 1475 1451 1421 1386 1348 1313 1279 1249 1217 1185 1167 1162 1162 1160 1155 1169 1173 1179 1211 1242 1250 1216 1168 1168 1206 1221 1210 1199 1188 1177 1188 1229 1284 1310 1319 1366 1412 1398 1351 1243 1197
729 713 686 663 656 682 739 808 879 957 1037 1119 1208 1299 1321 1308 1318 1334 1353 1370 1381 1386 1390 1369 1362 1368 1389 1405 1417 1426 1422 1421 1414 1432 1463 1493 1511 1529 1516 1474 1427 1392 1343 1304 1270 1235 1203 1175 1167 1163 1155 1150 1149 1181 1196 1201 1213 1227 1224 1208 1191 1197 1221 1254 1243 1212 1177 1156 1158 1203 1258 1292 1317 1347 1398 1396 1342 1246 1202
726 724 687 664 666 693 747 813 883 959 1034 1108 1175 1223 1229 1261 1303 1333 1355 1376 1388 1396 1394 1383 1371 1370 1382 1406 1438 1451 1446 1434 1429 1453 1496 1524 1544 1564 1553 1498 1427 1382 1333 1291 1253 1219 1195 1180 1171 1166 1168 1163 1172 1198 1213 1221 1232 1244 1243 1222 1200 1205 1259 1293 1286 1231 1198 1195 1183 1208 1266 1302 1309 1350 1368 1358 1316 1311 1292
710 702 667 666 685 716 765 826 893 963 1030 1097 1148 1182 1198 1243 1294 1338 1365 1386 1399 1406 1399 1391 1380 1376 1377 1403 1473 1500 1492 1474 1476 1499 1540 1564 1571 1569 1552 1495 1424 1362 1314 1271 1242 1224 1206 1195 1173 1169 1178 1195 1206 1223 1248 1274 1270 1264 1265 1258 1247 1224 1242 1281 1281 1247 1229 1233 1229 1231 1271 1299 1316 1341 1360 1340 1304 1317 1306
685 678 669 679 704 740 789 844 907 970 1036 1092 1139 1176 1209 1252 1299 1347 1381 1403 1412 1416 1411 1400 1394 1390 1388 1384 1495 1542 1533 1524 1526 1545 1575 1583 1571 1551 1517 1467 1400 1343 1294 1256 1239 1221 1208 1194 1195 1195 1216 1227 1232 1242 1285 1337 1316 1288 1292 1311 1270 1222 1237 1279 1295 1274 1252 1248 1254 1267 1287 1279 1269 1275 1288 1295 1296 1287 1282
666 671 680 698 726 766 810 863 920 981 1042 1096 1143 1184 1221 1264 1310 1354 1394 1418 1427 1426 1420 1413 1404 1405 1412 1443 1491 1534 1545 1543 1546 1560 1572 1572 1557 1531 1492 1436 1377 1323 1276 1258 1247 1237 1232 1231 1234 1251 1274 1283 1270 1257 1285 1330 1302 1286 1291 1303 1287 1276 1282 1331 1338 1300 1261 1250 1267 1297 1328 1283 1258 1235 1229 1233 1259 1263 1270
653 668 688 714 749 790 833 882 936 995 1051 1108 1153 1194 1230 1271 1317 1364 1404 1436 1442 1434 1429 1425 1422 1427 1438 1464 1499 1532 1546 1552 1559 1562 1562 1555 1539 1509 1468 1415 1362 1319 1273 1255 1258 1260 1263 1263 1273 1297 1322 1334 1329 1315 1312 1304 1271 1258 1248 1254 1292 1377 1356 1368 1367 1304 1243 1230 1266 1306 1325 1307 1249 1208 1182 1175 1195 1219 1266
642 667 696 732 770 811 855 900 949 1003 1064 1122 1165 1200 1234 1274 1316 1361 1401 1431 1438 1434 1434 1433 1435 1443 1460 1481 1515 1544 1561 1571 1573 1572 1559 1544 1520 1490 1449 1401 1356 1320 1277 1261 1265 1271 1278 1291 1297 1317 1338 1358 1373 1377 1358 1312 1272 1256 1237 1228 1276 1396 1380 1340 1335 1276 1209 1214 1273 1301 1310 1297 1237 1202 1181 1162 1171 1200 1259
635 667 707 748 793 835 873 912 953 1000 1067 1138 1173 1198 1229 1269 1313 1353 1376 1382 1404 1424 1431 1437 1444 1457 1475 1503 1535 1557 1574 1580 1584 1577 1568 1549 1516 1480 1435 1393 1364 1337 1306 1291 1287 1290 1298 1304 1310 1310 1333 1360 1409 1441 1437 1344 1293 1279 1277 1268 1316 1378 1388 1354 1323 1288 1211 1182 1207 1236 1245 1245 1238 1212 1185 1169 1185 1231 1281
631 674 720 768 815 862 893 914 930 968 1052 1133 1157 1177 1213 1252 1298 1340 1351 1340 1373 1408 1421 1434 1453 1469 1491 1521 1552 1570 1588 1592 1590 1589 1572 1547 1514 1473 1427 1404 1393 1379 1363 1348 1339 1328 1323 1319 1326 1309 1306 1372 1433 1490 1486 1385 1341 1344 1336 1335 1362 1408 1417 1338 1311 1301 1227 1178 1186 1210 1221 1224 1233 1209 1172 1155 1199 1260 1317
642 687 736 786 837 888 912 913 915 952 1018 1078 1106 1140 1183 1228 1270 1309 1325 1336 1365 1393 1409 1431 1452 1477 1499 1532 1569 1587 1603 1608 1604 1594 1581 1554 1517 1468 1424 1413 1406 1429 1421 1398 1376 1368 1366 1350 1353 1358 1365 1418 1479 1507 1494 1441 1391 1395 1395 1354 1369 1387 1346 1254 1217 1227 1214 1183 1189 1198 1201 1211 1215 1188 1151 1124 1150 1301 1418
670 711 757 802 850 890 915 921 934 961 1002 1038 1065 1108 1155 1201 1243 1276 1302 1329 1355 1376 1396 1415 1442 1472 1503 1539 1578 1609 1619 1619 1617 1607 1594 1569 1530 1471 1421 1404 1411 1446 1478 1431 1402 1396 1412 1426 1401 1413 1437 1471 1497 1516 1522 1489 1440 1446 1422 1365 1351 1323 1263 1207 1193 1213 1211 1191 1202 1199 1189 1193 1190 1181 1178 1194 1308 1514 1649
707 742 781 821 861 893 918 936 948 971 997 1024 1053 1089 1133 1178 1221 1255 1282 1319 1346 1361 1376 1400 1426 1461 1499 1545 1592 1626 1633 1634 1627 1623 1612 1596 1553 1485 1428 1392 1397 1458 1475 1448 1414 1428 1464 1487 1461 1475 1490 1506 1529 1550 1557 1529 1460 1425 1391 1365 1338 1302 1256 1228 1215 1236 1224 1227 1223 1231 1222 1214 1197 1208 1275 1409 1604 1720 1804
747 777 808 839 872 901 926 947 963 984 1002 1022 1044 1075 1115 1163 1212 1250 1272 1306 1337 1351 1365 1384 1412 1448 1487 1536 1598 1630 1634 1639 1639 1634 1628 1617 1588 1502 1452 1423 1434 1491 1502 1497 1470 1462 1528 1567 1536 1505 1512 1551 1567 1564 1542 1529 1492 1419 1383 1367 1338 1308 1282 1284 1268 1274 1289 1299 1299 1312 1298 1290 1293 1340 1446 1566 1692 1792 1856
789 812 835 860 888 913 939 960 979 998 1009 1021 1036 1061 1099 1151 1215 1273 1312 1338 1353 1354 1357 1368 1400 1436 1483 1517 1562 1600 1612 1620 1636 1633 1632 1624 1593 1540 1506 1485 1500 1538 1549 1551 1538 1560 1618 1627 1529 1438 1491 1570 1594 1577 1552 1524 1501 1438 1384 1377 1385 1363 1369 1386 1396 1385 1377 1365 1350 1357 1363 1384 1412 1539 1685 1688 1659 1747 1872
829 845 861 883 904 929 951 978 1000 1018 1025 1025 1027 1039 1075 1139 1224 1316 1372 1390 1376 1352 1342 1351 1392 1431 1471 1490 1521 1564 1591 1615 1630 1635 1635 1628 1616 1603 1558 1527 1551 1597 1604 1588 1589 1593 1639 1681 1548 1422 1481 1530 1543 1563 1573 1537 1526 1476 1390 1355 1391 1452 1478 1446 1431 1412 1369 1337 1375 1394 1395 1435 1486 1562 1625 1651 1711 1835 2020
867 874 887 903 922 940 964 991 1020 1042 1045 1034 1021 1018 1046 1123 1227 1330 1389 1400 1380 1347 1319 1336 1396 1471 1495 1500 1531 1563 1583 1606 1613 1623 1629 1627 1632 1641 1572 1507 1554 1633 1659 1641 1631 1639 1650 1669 1696 1563 1567 1568 1530 1550 1576 1586 1580 1523 1474 1393 1485 1503 1505 1492 1477 1381 1268 1266 1342 1392 1440 1500 1533 1551 1605 1725 1757 1829 1972
893 896 906 920 937 955 976 999 1029 1059 1064 1047 1025 1009 1026 1120 1239 1327 1378 1391 1378 1352 1331 1347 1451 1537 1570 1572 1568 1568 1577 1602 1608 1614 1624 1627 1643 1644 1587 1517 1615 1703 1742 1712 1665 1650 1651 1634 1647 1679 1718 1683 1598 1573 1567 1586 1623 1582 1511 1453 1509 1539 1539 1544 1462 1276 1169 1299 1360 1430 1511 1592 1654 1677 1753 1858 1824 1863 -9999
905 913 921 933 948 967 986 1005 1024 1050 1086 1071 1047 1066 1159 1212 1287 1347 1378 1390 1384 1375 1372 1398 1505 1665 1690 1635 1599 1580 1573 1579 1605 1620 1635 1641 1667 1692 1678 1672 1734 1806 1815 1791 1738 1705 1694 1712 1708 1716 1737 1729 1677 1631 1579 1562 1605 1611 1542 1476 1462 1546 1561 1540 1373 1256 1332 1458 1476 1492 1612 1690 1833 1972 2149 2063 -9999 -9999 -9999
913 921 932 946 963 978 998 1013 1031 1057 1088 1080 1070 1145 1251 1308 1348 1372 1388 1400 1400 1401 1413 1446 1516 1677 1701 1652 1610 1573 1560 1566 1610 1639 1661 1675 1724 1779 1809 1821 1832 1822 1858 1845 1818 1797 1731 1707 1719 1744 1741 1740 1724 1686 1637 1583 1563 1572 1523 1470 1454 1499 1544 1494 1444 1499 1508 1609 1611 1639 1747 1905 2058 2301 2412 -9999 -9999 -9999 -9999
916 927 937 954 970 990 1009 1028 1048 1073 1096 1107 1129 1195 1285 1358 1391 1377 1401 1416 1424 1424 1444 1477 1525 1578 1627 1633 1599 1549 1527 1550 1608 1657 1682 1707 1753 1859 1846 1814 1815 1810 1840 1808 1786 1803 1790 1790 1773 1748 1729 1737 1719 1710 1687 1572 1544 1537 1493 1465 1454 1475 1555 1548 1509 1598 1600 1609 1702 1938 2063 2117 2241 2429 2509 -9999 -9999 -9999 -9999
916 929 946 962 983 1003 1020 1044 1068 1094 1122 1150 1188 1248 1317 1381 1409 1361 1397 1444 1439 1447 1470 1501 1529 1547 1585 1627 1610 1528 1504 1521 1577 1648 1707 1737 1767 1806 1801 1784 1797 1822 1834 1803 1787 1777 1784 1795 1752 1724 1740 1725 1705 1701 1698 1605 1536 1518 1480 1474 1459 1473 1491 1520 1494 1480 1415 1557 1846 2057 2119 2123 2268 2376 -9999 -9999 -9999 -9999 -9999
