data/studyarea/bio11.asc
NCOLS 462 
NROWS 586 
XLLCORNER -113 
YLLCORNER -53.1666666666667 
CELLSIZE 0.166666666666667 
NODATA_value -9999 
[rows 360 to 395 of 586, columns 246 to 327 of 462]
37 21 17 17 -6 -3 -2 -3 4 28 65 65 61 64 68 71 62 60 118 153 84 134 180 200 210 209 201 218 219 203 201 218 223 220 223 223 223 223 223 223 224 225 226 227 228 228 228 228 229 228 228 228 228 228 225 221 219 217 217 215 213 211 213 213 213 216 218 215 216 218 220 221 221 221 217 214 220 217 222 226 228 229
-23 -3 -9 0 -2 -6 -2 14 21 34 60 60 64 64 69 72 73 63 43 111 45 79 108 189 198 205 202 194 204 212 202 203 217 221 221 224 223 224 224 224 224 226 226 226 226 226 227 227 227 227 227 227 227 226 224 219 214 212 213 213 213 211 211 211 212 216 216 215 217 218 219 220 220 221 219 203 216 219 223 225 228 230
30 16 18 -1 9 -6 -11 9 24 7 26 43 55 66 69 72 75 74 60 49 19 -7 59 156 185 190 199 186 197 191 205 199 207 220 222 224 224 224 224 225 225 226 226 226 225 225 226 225 226 226 226 226 226 224 222 219 214 213 211 209 210 210 209 210 212 213 213 214 216 218 219 219 220 220 219 200 207 219 222 226 228 230
96 76 36 26 16 13 -5 6 20 11 -1 42 58 55 68 72 76 72 65 45 42 8 13 102 163 181 179 178 182 192 196 195 192 208 221 224 224 225 225 225 225 225 226 225 225 225 224 224 224 224 224 224 224 223 219 212 210 211 206 206 207 209 209 208 209 210 211 212 215 217 217 218 219 220 213 202 214 224 226 228 227 230
140 128 65 33 6 3 -2 27 -5 0 3 30 48 54 54 54 70 65 62 53 48 36 10 28 114 165 169 167 173 178 181 186 189 190 205 221 224 225 225 225 226 225 225 225 224 223 223 223 223 223 223 223 222 222 218 212 208 209 204 203 206 206 207 206 207 208 209 211 214 214 215 216 217 218 217 219 223 227 228 229 228 231
175 157 135 97 7 -2 9 47 -7 2 3 13 20 29 45 39 53 51 56 49 47 45 36 28 27 122 165 163 166 143 150 175 180 177 186 209 221 225 226 226 225 225 224 224 223 222 222 221 221 221 221 221 220 221 220 217 213 212 207 200 204 205 207 207 206 206 206 208 210 210 213 215 217 219 220 222 225 227 229 229 230 231
175 157 118 100 65 41 20 62 4 6 -9 -8 3 34 33 37 50 51 46 38 39 43 46 76 53 42 122 158 162 132 100 154 149 165 167 181 207 223 226 226 226 224 223 223 222 221 220 220 219 219 219 219 219 219 219 219 218 213 208 204 206 208 206 205 205 205 204 204 207 213 215 217 219 221 222 223 225 225 228 229 230 231
170 166 144 124 119 134 129 97 -3 -3 -6 -9 0 40 22 25 46 49 45 30 24 37 45 53 94 106 107 80 133 127 95 140 88 110 161 159 182 212 224 226 225 224 223 222 221 220 219 218 217 217 218 217 217 217 217 217 218 216 211 210 212 208 206 207 207 206 205 207 208 212 214 216 217 219 221 223 225 226 227 229 230 231
166 167 166 159 146 123 106 42 -4 -10 -6 -12 -5 23 2 32 46 48 45 44 33 30 36 40 68 121 76 3 76 125 125 116 41 53 116 124 168 190 212 223 224 223 222 222 221 219 218 217 215 215 215 215 215 215 216 216 216 217 217 214 211 210 209 208 208 209 211 210 212 212 212 214 217 218 221 223 224 226 227 228 229 230
166 167 166 160 146 139 126 79 14 -14 -4 -14 -9 -1 13 16 43 47 44 45 37 23 24 42 43 64 83 32 28 99 119 124 75 42 42 103 147 176 188 211 216 219 220 221 220 219 217 215 214 213 213 213 213 213 214 215 216 217 216 216 216 213 212 210 212 212 213 214 213 212 211 211 214 217 215 222 224 225 227 228 229 230
168 168 165 158 150 150 143 109 67 52 53 13 -10 8 24 7 34 34 43 45 44 35 20 39 46 24 42 42 28 37 97 98 86 38 62 54 97 102 128 180 187 199 210 213 217 217 217 214 212 211 211 211 210 211 214 215 216 216 217 217 216 216 216 214 214 215 215 214 214 212 211 209 211 215 218 221 220 225 226 227 228 229
-9999 -9999 -9999 160 147 151 148 141 132 114 98 62 -12 -19 22 30 36 30 39 42 45 44 42 45 48 41 47 41 34 33 56 66 68 100 138 125 91 88 72 101 154 179 184 192 199 204 208 212 210 210 210 210 209 210 216 217 217 217 217 217 217 216 216 216 216 216 215 216 215 214 212 210 209 209 215 219 219 223 225 227 227 228
-9999 -9999 -9999 164 154 147 151 150 142 134 101 74 7 -20 24 43 37 33 32 32 38 43 44 43 47 49 55 51 48 38 28 42 84 119 134 124 133 113 75 102 108 113 126 139 178 176 185 198 204 207 209 208 209 212 216 218 217 217 217 217 216 216 216 215 216 216 216 217 217 216 213 213 214 214 217 218 216 221 224 225 225 228
-9999 -9999 -9999 -9999 157 144 151 148 146 145 131 109 44 5 -2 13 21 7 21 28 29 39 37 35 46 55 60 62 55 47 31 34 52 90 127 118 119 93 84 123 135 123 127 132 149 145 158 178 187 192 201 206 206 210 215 217 217 217 217 216 216 216 216 216 216 215 216 218 217 216 214 215 218 214 214 214 214 216 221 224 224 226
-9999 -9999 -9999 -9999 -9999 157 153 150 152 146 140 130 70 18 27 -3 6 -3 -10 22 24 25 30 32 35 50 60 59 48 37 33 30 46 68 91 123 138 121 121 140 144 143 145 142 145 144 156 169 168 184 185 201 205 210 214 216 216 216 216 216 216 216 216 217 216 216 213 211 212 212 212 214 216 220 214 205 204 203 210 220 219 224
-9999 -9999 -9999 -9999 -9999 -9999 150 154 154 151 145 137 89 36 20 -22 -11 -31 -12 21 25 2 18 35 41 26 51 53 44 35 23 20 44 59 67 103 106 143 141 142 144 149 156 161 164 161 163 168 159 171 182 200 203 210 214 214 215 215 216 216 216 216 216 216 216 216 215 211 209 208 205 208 213 221 222 219 216 212 210 216 216 218
-9999 -9999 -9999 -9999 -9999 -9999 -9999 -9999 158 158 149 137 111 72 46 -16 -19 -21 8 21 16 16 34 40 42 40 46 49 45 42 33 21 44 73 52 98 123 133 145 137 140 141 153 148 145 160 141 158 162 166 181 196 203 209 212 213 214 215 215 215 216 215 216 216 216 216 216 213 211 210 211 209 217 209 215 222 222 220 211 211 214 214
-9999 -9999 -9999 -9999 -9999 -9999 -9999 -9999 -9999 159 151 136 122 80 61 -7 -3 -35 11 27 35 39 40 41 42 43 46 48 47 48 33 20 43 59 68 81 118 137 148 148 149 145 156 148 141 153 143 148 138 161 173 197 203 209 211 212 213 214 215 215 215 216 215 215 215 216 216 214 212 210 214 210 217 221 216 217 217 221 218 214 213 212
-9999 -9999 -9999 -9999 -9999 -9999 -9999 -9999 -9999 151 144 135 120 84 54 7 -6 3 26 29 34 38 41 42 43 43 45 47 50 51 47 28 36 57 80 71 84 121 139 136 158 158 156 165 164 165 167 132 136 167 183 202 205 208 209 211 213 214 214 215 215 215 215 215 215 213 214 212 212 212 213 214 214 220 221 221 220 219 218 220 219 220
-9999 -9999 -9999 -9999 -9999 -9999 -9999 -9999 -9999 148 139 132 119 99 56 13 -5 -6 -5 11 29 36 34 41 42 42 42 48 51 54 58 51 32 49 72 76 63 85 100 126 143 155 133 146 155 160 162 138 160 180 203 202 208 208 209 212 213 214 215 215 215 215 214 214 212 212 210 210 209 211 213 215 212 214 217 219 219 220 220 220 220 221
-9999 -9999 -9999 -9999 -9999 -9999 -9999 -9999 -9999 147 133 128 120 107 82 36 12 -16 -18 -6 19 34 33 42 43 44 42 46 48 55 60 43 28 20 38 72 41 70 91 112 139 148 129 142 141 135 171 166 175 196 204 204 208 209 210 212 214 215 215 214 213 212 211 210 209 208 207 207 209 209 213 214 214 212 211 212 215 217 219 220 220 220
-9999 -9999 -9999 -9999 -9999 -9999 -9999 -9999 -9999 -9999 134 131 127 111 77 27 16 -19 -11 -14 8 21 39 40 42 44 45 46 49 55 60 50 29 26 31 49 70 63 101 117 137 129 115 131 145 135 150 175 186 197 199 197 203 206 209 213 214 215 214 213 212 211 209 209 210 210 209 208 208 210 212 213 213 212 210 208 208 212 216 219 219 220
-9999 -9999 -9999 -9999 -9999 -9999 -9999 -9999 -9999 -9999 -9999 129 129 118 90 57 21 -5 -2 12 27 33 35 39 41 43 44 45 48 53 57 52 15 26 39 48 44 86 83 116 135 125 115 107 128 141 145 174 184 185 189 188 196 203 206 211 214 215 214 213 212 211 210 209 209 210 210 210 208 209 211 213 213 211 210 209 207 207 212 216 219 220
-9999 -9999 -9999 -9999 -9999 -9999 -9999 -9999 -9999 -9999 -9999 -9999 125 116 100 74 38 10 -8 15 24 30 32 38 40 41 42 45 44 48 52 40 9 5 18 49 63 77 55 93 128 126 137 114 126 142 147 162 177 185 187 181 186 199 204 209 212 213 212 211 210 210 209 208 208 207 208 210 210 208 209 211 212 212 211 210 209 207 209 215 218 220
-9999 -9999 -9999 -9999 -9999 -9999 -9999 -9999 -9999 -9999 -9999 -9999 -9999 -9999 106 89 55 3 -11 0 9 26 34 29 35 30 33 40 45 41 46 43 21 7 6 21 51 47 66 98 114 83 109 117 105 143 148 168 172 180 183 179 181 196 202 207 210 210 210 209 208 207 207 207 207 207 208 208 209 210 209 210 211 211 211 210 209 207 209 214 218 220
-9999 -9999 -9999 -9999 -9999 -9999 -9999 -9999 -9999 -9999 -9999 -9999 -9999 -9999 -9999 -9999 63 16 -8 -34 -2 26 23 31 31 25 35 43 45 39 39 44 21 6 22 31 41 34 48 101 103 74 111 130 113 149 152 166 170 175 175 176 177 193 199 204 207 207 207 207 204 205 203 205 205 206 206 207 208 209 209 209 210 210 211 210 211 211 212 216 219 220
-9999 -9999 -9999 -9999 -9999 -9999 -9999 -9999 -9999 -9999 -9999 -9999 -9999 -9999 -9999 -9999 -9999 -9999 -4 -6 11 7 22 33 35 34 33 41 43 40 38 31 3 22 52 52 43 67 86 89 93 103 96 116 120 126 143 162 172 169 174 179 180 193 197 200 203 203 204 203 202 202 201 202 203 204 205 206 207 207 208 209 209 210 210 211 212 213 215 217 218 220
-9999 -9999 -9999 -9999 -9999 -9999 -9999 -9999 -9999 -9999 -9999 -9999 -9999 -9999 -9999 -9999 -9999 -9999 -9999 -9999 -9999 -9999 -9999 32 33 35 37 39 41 40 39 18 21 43 51 71 59 72 88 93 80 101 72 63 138 115 147 156 172 172 174 182 181 191 195 197 199 200 200 200 201 201 201 200 201 202 204 205 206 207 207 208 208 209 210 211 212 213 215 217 218 220
-9999 -9999 -9999 -9999 -9999 -9999 -9999 -9999 -9999 -9999 -9999 -9999 -9999 -9999 -9999 -9999 -9999 -9999 -9999 -9999 -9999 -9999 21 30 31 33 35 36 38 40 38 19 22 44 48 54 61 95 99 106 80 90 85 103 144 122 152 159 171 171 166 176 175 186 192 194 196 197 197 197 198 198 200 200 200 201 202 204 205 202 204 208 208 209 210 211 212 213 215 217 218 220
-9999 -9999 -9999 -9999 -9999 -9999 -9999 -9999 -9999 -9999 -9999 -9999 -9999 -9999 -9999 -9999 -9999 -9999 -9999 -9999 -9999 9 21 29 29 32 33 35 36 37 38 29 37 28 41 55 62 101 113 107 57 91 88 133 153 151 162 162 165 161 161 171 178 183 189 191 193 194 195 195 196 197 198 198 200 200 201 203 203 203 203 207 208 209 210 211 212 213 214 216 218 219
-9999 -9999 -9999 -9999 -9999 -9999 -9999 -9999 -9999 -9999 -9999 -9999 -9999 -9999 -9999 -9999 -9999 -9999 -9999 -9999 7 -4 10 16 27 20 27 33 34 35 36 37 41 36 35 53 71 91 115 102 91 93 81 128 129 141 167 164 167 160 158 164 176 180 187 189 191 192 193 194 194 195 196 197 198 199 200 202 203 205 206 206 207 208 209 210 211 212 214 215 216 218
-9999 -9999 -9999 -9999 -9999 -9999 -9999 -9999 -9999 -9999 -9999 -9999 -9999 -9999 -9999 -9999 -9999 -9999 -9999 1 0 -3 1 13 25 9 28 32 33 33 36 38 40 35 30 50 70 95 112 109 112 90 99 109 113 149 171 168 172 163 161 170 179 181 186 188 190 191 191 193 193 194 194 196 197 198 200 201 203 204 205 206 207 208 209 210 211 212 213 214 215 216
-9999 -9999 -9999 -9999 -9999 -9999 -9999 -9999 -9999 -9999 -9999 -9999 -9999 -9999 -9999 -9999 -9999 -9999 12 -14 -8 -11 12 0 24 24 29 27 30 33 36 35 32 30 40 35 57 96 106 70 111 110 93 139 133 136 167 174 174 171 165 170 182 181 185 188 189 190 191 191 191 192 192 193 195 197 199 201 202 204 205 206 207 208 209 209 210 211 212 213 214 215
-9999 -9999 -9999 -9999 -9999 -9999 -9999 -9999 -9999 -9999 -9999 -9999 -9999 -9999 -9999 -9999 -9999 -9999 27 -13 -5 -9 16 14 14 19 19 21 17 30 33 32 30 23 25 33 39 73 89 71 116 105 102 113 138 142 154 166 179 177 169 175 184 180 184 187 188 189 189 190 190 190 191 192 194 196 198 201 202 204 205 206 206 207 208 209 210 210 211 212 213 213
-9999 -9999 -9999 -9999 -9999 -9999 -9999 -9999 -9999 -9999 -9999 -9999 -9999 -9999 -9999 -9999 -9999 91 32 2 -15 -19 12 8 2 5 0 19 26 31 31 28 24 13 13 41 51 71 74 68 115 98 91 104 108 121 139 164 169 176 172 184 185 181 182 186 187 188 188 188 188 188 188 190 193 196 198 200 202 203 205 206 206 207 208 208 208 209 210 211 212 213
-9999 -9999 -9999 -9999 -9999 -9999 -9999 -9999 -9999 -9999 -9999 -9999 -9999 -9999 -9999 -9999 -9999 91 27 11 9 11 12 -11 -12 -3 16 20 27 29 28 22 19 16 18 37 41 88 77 49 102 78 82 122 113 106 132 154 152 163 163 182 185 181 183 186 186 186 187 188 188 187 188 189 192 195 198 200 202 203 205 205 206 206 207 208 208 208 209 210 210 211
