data/studyarea/bio10.asc
NCOLS 462 
NROWS 586 
XLLCORNER -113 
YLLCORNER -53.1666666666667 
CELLSIZE 0.166666666666667 
NODATA_value -9999 
[rows 72 to 107 of 586, columns 0 to 81 of 462]
-9999 -9999 -9999 -9999 -9999 -9999 -9999 -9999 -9999 -9999 -9999 -9999 -9999 -9999 -9999 -9999 -9999 -9999 -9999 -9999 258 267 259 239 250 249 234 225 234 241 245 242 246 245 240 242 249 250 234 257 261 258 250 238 237 230 238 226 220 239 250 258 267 267 266 260 256 258 259 261 261 263 264 265 266 267 268 269 269 268 271 273 272 270 267 269 269 274 276 277 273 272
-9999 -9999 -9999 -9999 -9999 -9999 -9999 -9999 -9999 -9999 -9999 -9999 -9999 -9999 -9999 -9999 -9999 -9999 -9999 -9999 -9999 257 262 252 251 246 252 246 245 249 252 254 255 255 252 250 253 258 239 260 262 259 245 238 245 248 248 257 229 225 244 256 268 272 269 262 259 262 263 265 264 265 265 266 267 268 268 271 272 270 272 273 274 271 266 265 265 266 269 272 270 271
-9999 -9999 -9999 -9999 -9999 -9999 -9999 -9999 -9999 -9999 -9999 -9999 -9999 -9999 -9999 -9999 -9999 -9999 -9999 -9999 -9999 -9999 234 254 248 242 249 250 248 251 256 258 250 260 255 254 258 262 264 264 264 257 239 239 238 250 256 260 228 213 243 262 269 274 271 267 266 267 271 270 267 265 267 268 269 269 269 270 270 267 268 270 271 274 268 267 270 270 272 271 270 272
-9999 -9999 -9999 -9999 -9999 -9999 -9999 -9999 -9999 -9999 -9999 -9999 -9999 -9999 -9999 -9999 -9999 -9999 -9999 -9999 -9999 -9999 -9999 242 240 244 250 244 245 244 255 257 264 264 255 256 262 264 266 264 267 257 238 243 245 251 261 265 236 231 254 262 266 272 276 274 272 271 275 273 270 266 268 269 270 270 270 269 267 265 265 268 266 267 273 273 274 273 273 269 267 272
-9999 -9999 -9999 -9999 -9999 -9999 -9999 -9999 -9999 -9999 -9999 -9999 -9999 -9999 -9999 -9999 -9999 -9999 -9999 -9999 -9999 -9999 -9999 -9999 -9999 236 247 249 248 251 257 262 267 267 266 265 265 266 266 271 268 263 248 245 251 256 259 264 260 242 250 256 263 271 275 278 277 276 277 276 273 271 270 270 271 271 269 268 265 264 264 266 269 267 267 271 275 275 275 271 269 272
-9999 -9999 -9999 -9999 -9999 -9999 -9999 -9999 -9999 -9999 -9999 -9999 -9999 -9999 -9999 -9999 -9999 -9999 -9999 -9999 -9999 -9999 -9999 -9999 -9999 -9999 -9999 244 253 258 256 264 267 269 269 267 268 268 267 270 273 268 262 247 247 253 254 253 263 250 241 255 261 268 271 275 279 279 277 278 277 275 274 275 272 271 270 268 265 263 264 265 267 269 272 274 277 277 277 276 274 275
-9999 -9999 -9999 -9999 -9999 -9999 -9999 -9999 -9999 -9999 -9999 -9999 -9999 -9999 -9999 -9999 -9999 -9999 -9999 -9999 -9999 -9999 -9999 -9999 -9999 -9999 -9999 -9999 -9999 261 260 259 267 270 270 271 270 271 271 268 271 273 268 259 245 248 248 241 237 263 244 251 260 268 272 275 279 280 279 279 278 278 280 280 276 273 271 269 267 265 266 267 269 272 275 280 280 278 276 276 276 276
-9999 -9999 -9999 -9999 -9999 -9999 -9999 -9999 -9999 -9999 -9999 -9999 -9999 -9999 -9999 -9999 -9999 -9999 -9999 -9999 -9999 -9999 -9999 -9999 -9999 -9999 -9999 -9999 -9999 -9999 260 252 262 269 265 272 272 271 269 264 255 264 266 268 258 245 245 237 236 259 255 248 259 265 269 273 278 278 277 278 279 280 283 283 275 276 273 269 266 265 264 264 267 272 274 276 274 274 270 270 270 270
-9999 -9999 -9999 -9999 -9999 -9999 -9999 -9999 -9999 -9999 -9999 -9999 -9999 -9999 -9999 -9999 -9999 -9999 -9999 -9999 -9999 -9999 -9999 -9999 -9999 -9999 242 250 255 259 261 249 256 264 268 268 272 272 266 262 255 256 245 263 264 249 252 249 247 260 259 248 250 251 262 268 273 274 275 276 278 280 282 284 283 279 271 268 264 264 263 265 266 268 270 270 268 268 267 266 267 268
-9999 -9999 -9999 -9999 -9999 -9999 -9999 -9999 -9999 -9999 -9999 -9999 -9999 -9999 -9999 -9999 -9999 -9999 -9999 -9999 -9999 -9999 276 239 231 248 251 253 254 252 251 239 251 266 267 267 271 271 266 266 258 249 248 244 256 261 252 233 252 255 254 245 233 232 252 259 266 267 269 272 275 276 275 277 278 276 276 271 268 267 264 265 266 266 267 268 268 268 268 267 267 267
-9999 -9999 -9999 -9999 -9999 -9999 -9999 -9999 -9999 -9999 -9999 -9999 -9999 -9999 -9999 -9999 -9999 -9999 -9999 -9999 253 260 266 268 236 240 242 246 245 249 253 238 249 261 265 267 269 265 269 267 259 253 250 242 234 247 251 242 256 255 250 243 227 223 228 239 249 259 263 264 266 269 269 267 269 271 275 275 270 269 267 266 267 267 266 267 267 266 265 265 267 268
-9999 -9999 -9999 -9999 -9999 -9999 -9999 -9999 -9999 -9999 -9999 -9999 -9999 -9999 -9999 -9999 -9999 -9999 258 236 244 273 243 239 261 233 212 227 237 246 250 235 241 258 262 260 265 264 267 262 254 250 248 249 245 246 249 246 265 256 250 243 228 224 231 235 242 254 254 251 253 258 262 266 271 273 274 274 272 271 269 268 269 268 267 266 265 266 268 269 270 267
-9999 -9999 -9999 -9999 -9999 -9999 -9999 -9999 -9999 -9999 -9999 -9999 -9999 -9999 -9999 -9999 258 266 258 249 243 276 261 231 270 243 211 208 218 236 247 241 248 257 258 258 257 261 263 258 248 249 242 251 251 249 249 247 260 248 237 240 236 232 230 235 242 242 234 235 243 249 255 262 269 273 276 278 275 275 273 272 272 271 268 266 266 266 268 268 264 264
-9999 -9999 -9999 -9999 -9999 -9999 -9999 -9999 -9999 -9999 -9999 -9999 -9999 -9999 -9999 249 269 245 255 264 243 273 270 246 265 233 203 202 213 231 238 242 253 254 254 250 254 255 256 252 246 246 244 245 251 251 250 248 253 244 236 234 238 240 236 230 228 235 241 243 240 248 257 262 271 276 279 280 281 277 276 276 275 270 268 265 264 264 265 262 262 260
-9999 -9999 -9999 -9999 -9999 -9999 -9999 -9999 -9999 -9999 -9999 -9999 -9999 -9999 253 254 279 258 269 277 248 277 283 249 231 228 217 205 204 217 217 238 250 248 250 246 248 240 236 244 249 245 250 250 251 250 249 248 253 248 244 235 236 246 241 233 237 247 251 250 249 258 266 271 276 282 284 283 285 282 279 278 275 273 269 265 263 262 260 259 259 261
-9999 -9999 -9999 -9999 -9999 -9999 -9999 -9999 -9999 -9999 -9999 -9999 -9999 266 274 259 285 260 267 287 266 276 282 263 234 216 222 194 186 207 206 211 240 238 241 242 242 242 233 234 238 242 246 254 258 257 259 264 271 276 273 245 250 256 252 253 253 253 263 256 263 269 279 284 287 286 288 289 288 288 284 283 280 275 268 267 263 263 261 258 258 261
-9999 -9999 -9999 -9999 -9999 -9999 -9999 -9999 -9999 -9999 -9999 -9999 284 279 282 270 276 283 264 277 294 274 289 274 260 210 211 195 187 196 204 203 209 231 218 231 226 235 230 228 232 242 242 250 253 251 255 261 265 267 293 282 271 272 264 267 262 258 268 279 277 277 280 280 283 292 292 292 292 292 287 285 284 278 272 270 265 269 263 265 264 264
-9999 -9999 -9999 -9999 -9999 -9999 -9999 -9999 -9999 -9999 -9999 286 292 290 290 294 278 290 276 282 298 283 283 279 271 252 212 187 193 183 187 200 195 221 207 223 205 207 224 229 233 245 250 248 248 239 250 260 281 280 299 302 295 275 256 264 272 266 273 276 281 281 269 269 277 285 288 289 290 293 294 291 289 284 280 273 271 271 270 270 272 273
-9999 -9999 -9999 -9999 -9999 -9999 -9999 -9999 -9999 -9999 -9999 286 297 298 295 303 293 282 289 294 299 272 292 286 282 260 223 209 194 183 190 195 191 215 205 213 209 195 204 228 235 247 257 256 250 240 256 269 281 271 286 298 297 278 264 265 281 268 270 273 271 286 268 269 259 270 283 287 289 293 294 295 293 290 286 280 277 278 276 278 282 282
-9999 -9999 -9999 -9999 -9999 -9999 -9999 -9999 -9999 -9999 302 301 302 305 303 302 298 289 279 306 299 284 292 275 270 244 243 201 186 178 183 192 186 210 204 209 210 204 195 220 234 238 259 260 258 254 264 277 277 269 259 284 278 260 277 290 293 273 249 287 282 249 256 266 256 259 269 278 286 291 292 294 295 294 289 285 282 282 283 283 285 285
-9999 -9999 -9999 -9999 -9999 -9999 -9999 -9999 -9999 309 310 312 311 308 302 303 288 293 282 295 288 299 299 268 249 262 237 206 203 180 188 191 196 209 197 204 204 203 196 221 235 235 260 255 258 255 266 278 269 270 268 266 252 244 267 287 282 292 288 291 288 249 228 257 245 227 256 271 277 287 292 295 295 295 293 289 288 287 286 285 286 287
-9999 -9999 -9999 -9999 -9999 -9999 -9999 -9999 309 310 312 312 310 306 300 300 300 297 289 296 288 282 282 268 244 262 232 219 190 196 198 202 200 207 195 198 196 198 191 212 234 237 258 259 261 267 268 269 271 272 267 255 242 244 257 265 279 290 295 275 278 270 224 243 241 236 256 259 272 280 291 294 295 297 296 293 292 292 290 289 289 288
-9999 -9999 -9999 -9999 -9999 -9999 -9999 309 310 311 312 309 307 307 302 301 298 291 295 297 301 269 263 259 232 245 222 215 182 212 215 203 200 192 201 207 206 195 193 205 228 247 255 265 266 267 262 256 265 267 265 257 246 247 253 246 254 277 283 281 269 264 248 251 256 246 265 267 270 282 293 295 297 298 298 296 295 295 294 293 291 290
-9999 -9999 -9999 -9999 -9999 -9999 307 309 311 312 311 310 296 303 301 299 303 295 301 287 306 280 253 253 228 236 212 215 188 191 211 195 199 203 199 197 211 205 208 202 225 243 243 259 271 273 258 256 258 257 253 258 254 253 252 247 237 258 274 277 273 263 234 240 241 271 276 276 275 276 289 295 298 299 299 299 296 296 296 296 295 294
-9999 -9999 -9999 -9999 -9999 -9999 -9999 309 311 312 311 306 295 306 309 305 302 297 303 294 304 282 273 241 223 235 223 210 196 186 196 202 194 207 207 198 208 207 205 221 225 220 244 257 270 273 267 260 250 250 250 252 250 252 254 250 252 259 266 255 271 269 235 242 238 241 271 284 286 283 288 295 299 300 300 300 299 297 296 298 299 298
-9999 -9999 -9999 -9999 -9999 -9999 -9999 -9999 -9999 310 308 307 303 307 309 301 303 302 308 300 299 292 284 235 228 221 239 221 190 180 183 179 178 200 192 202 202 211 222 225 236 229 248 254 262 271 264 263 261 247 248 252 247 246 255 252 250 251 265 232 259 255 249 236 243 240 263 278 289 291 293 293 296 299 301 302 302 300 299 300 300 299
-9999 -9999 -9999 -9999 -9999 -9999 -9999 -9999 -9999 -9999 304 300 307 306 310 303 305 307 310 308 300 289 279 243 237 250 250 246 201 185 176 174 174 180 186 193 198 210 216 229 238 236 245 257 262 263 262 263 256 253 258 257 257 258 258 253 253 254 264 241 241 247 245 243 245 254 270 288 292 297 300 299 292 293 300 302 302 303 301 301 299 300
-9999 -9999 -9999 -9999 -9999 -9999 -9999 -9999 -9999 311 311 310 309 309 312 309 300 308 313 310 299 290 280 263 251 274 248 245 209 199 184 171 171 170 181 197 196 221 222 231 237 244 247 251 254 256 260 258 257 255 255 252 248 255 257 244 247 259 262 258 252 244 251 241 242 251 240 275 290 297 304 310 302 293 300 302 301 303 304 302 301 301
-9999 -9999 -9999 -9999 -9999 -9999 -9999 -9999 -9999 -9999 -9999 -9999 -9999 -9999 315 315 306 317 318 310 301 293 293 277 272 266 222 228 219 214 192 172 175 176 183 198 185 207 222 222 237 237 236 241 247 250 253 256 255 257 251 252 249 248 247 249 242 254 259 259 258 236 242 249 241 244 255 266 268 288 304 311 310 305 303 302 301 302 304 305 304 301
-9999 -9999 272 280 303 -9999 -9999 -9999 -9999 -9999 -9999 -9999 -9999 -9999 316 318 320 322 324 313 304 305 305 287 290 262 249 261 217 193 194 196 179 182 192 198 204 216 223 226 234 233 236 242 246 249 252 257 255 254 244 249 251 250 238 247 239 243 248 251 254 227 227 249 240 244 258 277 277 293 303 308 310 309 303 299 298 300 302 306 307 304
-9999 -9999 266 278 300 -9999 307 -9999 -9999 -9999 -9999 -9999 -9999 -9999 316 318 320 323 324 319 316 311 309 301 295 275 264 264 236 213 196 209 196 193 188 187 199 219 211 232 238 236 236 237 240 246 249 251 254 247 249 243 248 240 245 240 237 244 249 251 253 236 220 250 257 254 242 273 286 291 304 308 308 306 302 299 297 301 301 306 309 306
-9999 273 264 275 295 304 -9999 -9999 -9999 -9999 -9999 -9999 -9999 -9999 316 318 319 320 320 318 317 315 310 304 298 266 239 263 231 207 235 225 189 191 196 193 197 210 198 230 234 229 235 231 236 241 245 250 254 249 246 247 241 226 240 228 233 243 251 252 253 242 230 252 267 243 241 276 293 296 300 298 301 304 304 302 300 300 303 306 307 306
-9999 263 245 261 280 303 305 -9999 -9999 -9999 -9999 -9999 -9999 -9999 -9999 -9999 317 318 316 314 314 315 304 290 285 269 254 265 251 231 254 230 205 194 187 190 193 202 198 228 231 220 225 225 233 238 242 248 253 252 242 248 237 239 243 242 246 252 244 254 252 243 223 224 254 259 255 281 294 297 299 283 280 293 306 303 302 302 303 305 306 304
-9999 261 246 240 270 294 300 299 -9999 -9999 -9999 -9999 -9999 -9999 -9999 -9999 -9999 -9999 311 308 307 309 302 288 287 284 286 286 286 276 282 271 240 194 187 183 186 193 199 223 224 211 215 223 230 235 241 246 247 250 248 250 250 248 247 245 249 252 238 256 252 254 251 253 271 280 282 270 284 286 280 290 278 278 303 280 297 303 305 306 304 302
-9999 263 252 246 259 283 290 291 296 -9999 -9999 -9999 -9999 -9999 -9999 -9999 -9999 -9999 308 306 306 307 304 297 296 293 295 298 287 255 240 261 255 222 187 190 189 189 196 208 215 205 199 216 229 234 239 240 242 246 247 252 254 249 249 248 249 250 248 240 243 241 249 244 253 261 277 248 265 270 241 263 278 284 283 282 291 297 303 304 304 302
271 268 267 267 256 252 272 289 293 297 -9999 -9999 -9999 -9999 -9999 -9999 -9999 -9999 -9999 -9999 -9999 307 305 300 294 299 300 297 281 270 234 216 243 213 212 205 206 190 176 178 199 187 204 215 223 228 235 236 239 243 247 253 255 252 252 251 247 250 249 249 235 259 270 276 270 262 256 247 249 258 263 263 273 283 276 278 282 299 302 303 302 301
