data/studyarea/bio1.asc
NCOLS 462 
NROWS 586 
XLLCORNER -113 
YLLCORNER -53.1666666666667 
CELLSIZE 0.166666666666667 
NODATA_value -9999 
[rows 0 to 35 of 586, columns 82 to 163 of 462]
-9999 -9999 -9999 -9999 -9999 -9999 -9999 -9999 -9999 -9999 -9999 -9999 -9999 -9999 -9999 -9999 -9999 -9999 -9999 -9999 -9999 -9999 -9999 -9999 -9999 -9999 -9999 -9999 -9999 -9999 -9999 -9999 -9999 -9999 -9999 -9999 -9999 -9999 -9999 -9999 -9999 -9999 -9999 -9999 -9999 -9999 -9999 -9999 -9999 -9999 -9999 -9999 -9999 -9999 -9999 -9999 -9999 -9999 -9999 63 64 66 66 66 67 -9999 -9999 -9999 -9999 -9999 -9999 -9999 -9999 -9999 -9999 -9999 -9999 -9999 -9999 -9999 -9999 -9999
-9999 -9999 -9999 -9999 -9999 -9999 -9999 -9999 -9999 -9999 -9999 -9999 -9999 -9999 -9999 -9999 -9999 -9999 -9999 -9999 -9999 -9999 -9999 -9999 -9999 -9999 -9999 -9999 -9999 -9999 -9999 -9999 -9999 -9999 -9999 -9999 -9999 -9999 -9999 -9999 -9999 -9999 -9999 -9999 -9999 -9999 -9999 -9999 -9999 -9999 -9999 -9999 -9999 -9999 64 66 66 65 64 63 65 68 69 69 69 70 70 68 67 67 -9999 -9999 -9999 -9999 -9999 -9999 -9999 -9999 -9999 -9999 -9999 -9999
-9999 -9999 -9999 -9999 -9999 -9999 -9999 -9999 -9999 -9999 -9999 -9999 -9999 -9999 -9999 -9999 -9999 -9999 -9999 -9999 -9999 -9999 -9999 -9999 -9999 -9999 -9999 -9999 -9999 -9999 -9999 -9999 -9999 -9999 -9999 -9999 -9999 -9999 -9999 -9999 -9999 -9999 -9999 -9999 -9999 -9999 -9999 -9999 -9999 -9999 -9999 -9999 63 64 66 68 67 66 65 65 68 70 71 72 72 73 70 70 69 69 69 70 -9999 -9999 -9999 -9999 -9999 -9999 -9999 -9999 -9999 -9999
-9999 -9999 -9999 -9999 -9999 -9999 -9999 -9999 -9999 -9999 -9999 -9999 -9999 -9999 -9999 -9999 -9999 -9999 -9999 -9999 -9999 -9999 -9999 -9999 -9999 -9999 -9999 -9999 -9999 -9999 -9999 -9999 -9999 -9999 -9999 -9999 -9999 -9999 -9999 -9999 -9999 -9999 -9999 -9999 -9999 -9999 -9999 -9999 -9999 -9999 68 67 64 64 67 68 68 67 67 69 70 72 72 72 73 74 71 71 71 73 73 73 74 75 -9999 -9999 -9999 -9999 -9999 -9999 -9999 -9999
-9999 -9999 -9999 -9999 -9999 -9999 -9999 -9999 -9999 -9999 -9999 -9999 -9999 -9999 -9999 -9999 -9999 -9999 -9999 -9999 -9999 -9999 -9999 -9999 -9999 -9999 -9999 -9999 -9999 -9999 -9999 -9999 -9999 -9999 -9999 -9999 -9999 -9999 -9999 -9999 -9999 -9999 -9999 -9999 -9999 -9999 -9999 -9999 76 70 67 67 67 64 66 68 69 68 69 71 72 73 72 72 74 73 71 71 74 76 76 76 76 77 78 79 -9999 -9999 -9999 -9999 -9999 -9999
-9999 -9999 -9999 -9999 -9999 -9999 -9999 -9999 -9999 -9999 -9999 -9999 -9999 -9999 -9999 -9999 -9999 -9999 -9999 -9999 -9999 -9999 -9999 -9999 -9999 -9999 -9999 -9999 -9999 -9999 -9999 -9999 -9999 -9999 -9999 -9999 -9999 -9999 -9999 -9999 -9999 -9999 -9999 -9999 -9999 -9999 -9999 71 77 72 67 69 69 67 67 70 70 70 72 73 74 73 74 74 73 72 72 73 75 77 78 78 78 79 79 80 80 -9999 -9999 -9999 -9999 -9999
-9999 -9999 -9999 -9999 -9999 -9999 -9999 -9999 -9999 -9999 -9999 -9999 -9999 -9999 -9999 -9999 -9999 -9999 -9999 -9999 -9999 -9999 -9999 -9999 -9999 -9999 -9999 -9999 -9999 -9999 -9999 -9999 -9999 -9999 -9999 -9999 -9999 -9999 -9999 -9999 -9999 -9999 -9999 -9999 -9999 -9999 75 75 78 75 72 72 70 71 70 70 71 71 72 74 75 76 77 76 74 71 72 74 76 78 79 80 80 81 81 82 81 81 80 -9999 -9999 -9999
85 -9999 -9999 -9999 -9999 -9999 -9999 -9999 -9999 -9999 -9999 -9999 -9999 -9999 -9999 -9999 -9999 -9999 -9999 -9999 -9999 -9999 -9999 -9999 -9999 -9999 -9999 -9999 -9999 -9999 -9999 -9999 -9999 -9999 -9999 -9999 -9999 -9999 -9999 -9999 -9999 -9999 -9999 -9999 -9999 76 75 76 78 79 76 74 75 74 74 73 75 76 74 75 76 78 79 77 75 74 73 76 79 80 81 81 82 82 83 83 84 84 84 83 -9999 -9999
86 85 86 89 90 91 93 -9999 -9999 -9999 -9999 -9999 -9999 -9999 -9999 -9999 -9999 -9999 -9999 -9999 -9999 79 -9999 -9999 -9999 -9999 -9999 -9999 -9999 -9999 -9999 -9999 -9999 -9999 -9999 -9999 -9999 -9999 -9999 -9999 -9999 -9999 -9999 -9999 73 74 76 77 80 80 79 78 76 74 74 74 74 75 75 77 77 79 80 79 77 76 78 80 83 82 82 83 83 84 85 85 86 87 87 86 85 -9999
89 89 90 90 90 93 94 93 93 -9999 -9999 -9999 -9999 -9999 83 83 84 85 83 83 81 80 79 78 77 78 77 78 -9999 -9999 -9999 -9999 -9999 -9999 -9999 -9999 -9999 -9999 -9999 -9999 -9999 75 -9999 72 72 73 76 78 79 81 78 77 77 76 74 73 75 75 77 77 78 79 80 80 79 79 81 82 83 83 83 84 85 86 86 87 88 89 88 87 86 85
90 89 89 90 91 92 93 94 93 89 88 87 87 86 87 87 87 85 85 84 83 81 80 78 78 79 79 79 80 81 82 81 -9999 -9999 -9999 76 76 78 80 81 79 77 76 75 73 73 75 78 80 82 82 81 82 80 78 77 77 76 78 78 78 79 79 79 80 81 81 82 82 83 84 85 86 88 88 89 90 90 89 87 86 85
88 88 87 87 87 88 91 93 92 90 87 87 87 86 86 88 90 88 87 86 85 83 81 79 78 79 80 80 81 82 84 83 82 80 79 79 78 79 80 80 80 80 78 78 77 76 76 77 78 79 81 86 85 83 79 79 79 79 78 80 80 81 81 81 81 83 82 82 82 84 85 87 89 90 90 91 91 91 90 87 85 84
88 88 87 86 86 88 90 92 92 91 90 87 87 87 87 87 90 91 91 89 88 85 82 80 79 80 81 82 83 85 85 85 85 83 81 80 81 80 80 79 80 81 82 81 81 80 79 79 80 80 81 83 85 85 82 80 80 81 80 81 83 84 82 83 82 84 84 83 84 86 88 90 91 92 92 93 93 92 91 88 86 86
87 87 87 86 87 89 90 89 90 91 91 89 89 89 88 88 90 92 94 94 92 89 85 82 82 82 83 85 86 88 87 87 86 85 84 82 82 82 80 80 81 82 84 86 86 85 84 83 83 82 83 83 83 85 85 83 82 82 83 83 84 85 85 85 85 84 85 85 88 91 92 93 94 94 94 95 95 94 92 90 88 87
87 87 87 87 87 88 89 89 89 90 90 91 90 91 90 90 91 93 96 97 95 92 88 85 85 84 84 86 89 91 90 88 88 88 87 84 82 83 83 82 83 84 85 87 88 90 89 88 86 85 85 85 86 87 86 86 84 83 84 85 86 86 86 85 85 85 87 89 92 94 96 96 96 96 96 96 97 95 93 90 89 88
89 88 88 87 87 87 88 87 87 89 90 91 93 92 92 91 92 93 96 97 95 93 91 88 87 86 87 88 90 92 91 89 89 89 89 87 86 85 84 84 85 87 88 89 90 92 93 92 89 88 88 89 90 90 90 90 88 87 87 87 87 86 86 86 87 88 90 92 95 98 99 99 98 98 98 98 97 96 94 91 89 89
90 91 89 89 88 88 87 88 88 89 90 92 93 94 93 94 94 95 97 98 95 94 92 90 90 89 89 89 90 91 92 91 91 91 91 91 91 90 88 85 86 88 89 90 92 94 96 95 93 91 92 94 95 95 94 93 92 91 90 89 88 87 86 88 90 92 93 95 97 100 101 100 99 99 98 97 97 96 96 93 92 91
90 91 91 90 88 89 90 90 90 91 93 94 96 96 96 97 98 98 98 99 98 95 93 91 91 90 91 90 91 93 94 94 94 95 95 94 94 94 92 90 90 91 92 93 94 97 100 99 97 97 96 97 98 97 96 96 95 94 92 91 89 90 91 92 92 93 95 96 96 98 99 99 98 97 96 96 97 97 96 95 93 91
91 92 91 91 90 90 91 94 95 96 98 99 100 100 99 99 100 101 100 99 100 97 94 92 90 91 91 92 94 95 95 95 96 97 97 97 97 97 96 95 95 95 96 96 97 99 100 101 100 101 100 99 99 98 97 97 96 95 95 94 94 94 95 95 94 95 96 96 96 96 96 96 96 96 96 97 98 97 96 95 93 92
92 92 92 91 91 93 96 99 100 100 101 101 100 100 99 100 100 101 101 102 102 99 96 94 93 93 93 94 97 97 97 96 96 96 96 96 98 99 99 99 99 99 100 100 100 101 102 102 102 103 101 99 99 98 98 96 95 95 96 98 98 97 97 96 96 97 97 97 97 96 96 96 96 96 96 97 97 97 96 95 94 93
94 93 93 93 94 95 99 102 103 102 103 103 102 101 101 101 102 103 102 102 102 100 99 98 98 96 95 95 97 98 97 96 95 95 95 96 97 99 100 100 102 103 102 102 102 103 102 102 101 103 103 102 101 100 98 98 97 97 98 102 100 99 99 99 98 98 98 97 97 97 97 97 96 97 97 97 97 97 96 95 94 93
95 95 94 95 97 99 101 101 102 103 104 104 104 103 104 105 104 103 101 101 102 101 101 101 100 98 98 97 98 99 98 97 96 95 95 96 97 99 101 102 103 105 105 105 104 103 103 102 102 103 103 102 102 101 100 100 99 99 101 104 102 101 101 102 100 100 99 98 98 98 98 98 98 98 98 99 98 97 97 96 96 95
97 97 97 98 100 102 102 102 102 104 104 105 105 105 106 107 105 104 103 103 104 104 104 103 102 100 100 100 101 101 100 99 99 97 97 97 98 100 102 103 104 105 106 106 106 105 104 103 103 104 103 103 103 103 103 102 102 102 104 103 103 104 103 103 102 101 101 100 100 99 99 99 99 99 100 100 100 100 99 98 97 96
100 99 99 100 101 103 104 103 102 103 104 105 105 106 106 106 106 105 106 106 105 107 106 104 103 102 102 103 104 105 103 102 102 101 100 100 100 101 103 105 105 106 106 107 107 106 105 105 105 105 104 104 105 105 105 104 105 106 106 106 106 106 105 104 103 102 102 102 102 101 100 99 100 100 101 102 102 101 99 98 98 98
101 100 100 101 103 104 105 104 103 105 105 106 106 107 108 106 106 107 107 107 108 109 109 107 105 104 102 103 106 108 105 104 104 104 104 103 103 104 105 106 106 106 107 108 108 107 108 107 106 106 106 106 107 107 107 108 109 109 108 108 108 108 107 105 104 105 104 103 103 103 102 102 102 102 103 103 103 102 101 99 99 99
102 101 102 103 103 104 104 106 106 107 108 108 107 107 108 109 108 107 109 110 111 111 111 110 108 107 105 106 108 108 106 105 105 106 106 107 107 107 107 108 107 107 108 109 109 109 109 109 108 107 108 109 108 108 109 110 110 110 110 110 110 109 108 107 107 107 107 106 106 105 104 104 104 103 103 103 104 103 102 101 101 101
104 104 106 107 106 106 107 108 108 109 110 110 109 109 110 110 111 109 111 113 114 114 114 113 112 110 109 109 108 108 107 107 107 108 110 110 111 111 110 110 108 109 110 111 111 111 112 112 110 109 109 110 111 111 112 111 111 112 112 111 112 111 110 110 109 109 109 109 108 107 106 107 106 104 104 104 104 104 104 104 104 104
105 106 108 109 108 107 107 108 111 111 112 112 113 115 114 113 112 111 113 116 114 114 115 115 115 114 113 112 110 109 109 108 110 110 113 114 115 115 113 113 111 112 113 113 114 115 115 115 112 111 111 111 113 113 111 112 112 113 113 113 113 113 112 112 111 112 112 111 110 109 109 109 108 107 106 105 105 106 107 107 106 106
110 110 113 114 112 110 108 110 114 115 116 116 117 118 118 116 114 115 116 117 116 116 116 116 118 118 118 116 113 111 111 110 111 114 116 116 117 118 116 115 114 114 115 116 117 118 117 117 116 113 112 113 115 113 113 113 113 115 115 116 115 115 114 113 113 114 114 113 112 112 112 112 111 110 108 108 108 109 111 110 108 108
111 111 113 116 116 115 115 115 117 118 120 121 122 121 119 117 117 115 117 118 118 119 119 119 120 122 120 119 117 115 113 113 114 116 116 118 118 117 116 117 116 116 118 118 119 120 118 117 116 116 114 114 116 114 114 114 115 116 117 117 117 117 116 115 115 114 114 114 113 113 113 114 113 112 112 111 111 111 112 111 111 110
113 113 114 116 117 118 119 120 120 120 121 123 125 124 121 119 116 117 119 120 120 120 121 121 122 123 124 124 122 119 117 116 117 118 119 120 119 117 117 117 118 118 119 120 120 119 117 116 114 116 118 117 118 116 116 116 117 118 118 118 118 118 117 116 115 115 115 115 115 115 116 115 114 114 113 112 112 113 113 113 114 113
112 113 114 116 117 119 121 123 123 125 124 125 126 126 123 120 120 122 124 123 123 122 123 124 124 125 127 127 125 123 122 120 121 121 122 122 120 118 119 118 119 119 119 119 119 118 117 116 116 117 119 120 119 118 118 118 119 119 120 120 119 119 119 118 117 116 117 117 117 117 118 117 116 116 115 114 115 114 114 115 117 116
115 117 119 120 121 122 124 124 126 127 128 127 127 126 124 122 121 121 123 124 125 125 125 125 126 127 128 128 128 125 122 122 121 122 122 122 122 121 120 120 121 122 120 119 119 118 118 118 119 121 120 122 121 119 119 120 121 121 122 121 120 120 120 119 118 118 118 118 119 120 121 120 119 119 118 117 116 117 116 117 119 119
118 119 121 122 123 123 122 124 126 128 129 130 129 128 125 122 119 120 121 121 123 125 125 126 127 128 127 126 125 123 121 121 122 122 124 124 122 122 122 123 124 125 122 120 119 119 120 120 121 123 124 124 124 124 124 124 124 124 123 123 122 122 121 121 121 120 119 120 121 122 122 122 121 122 121 119 118 118 117 119 121 122
121 122 124 124 124 123 122 122 124 128 130 129 129 127 125 122 121 120 120 122 125 125 125 125 127 127 127 125 124 123 122 123 123 123 124 123 121 122 123 124 127 127 125 122 121 122 122 123 123 123 123 123 125 127 129 129 127 126 125 125 125 124 123 123 123 123 122 123 123 124 125 123 124 124 123 121 119 119 119 120 122 123
122 124 126 127 126 124 123 123 124 127 128 128 126 125 125 124 122 124 124 125 126 127 126 127 129 129 128 126 125 125 124 124 124 123 123 121 120 121 124 126 129 128 128 126 124 123 124 123 125 126 125 124 125 128 132 131 129 128 128 127 126 125 124 124 124 124 125 126 126 126 126 126 126 125 124 122 120 119 119 120 121 124
