data/studyarea/bio13.asc
NCOLS 462 
NROWS 586 
XLLCORNER -113 
YLLCORNER -53.1666666666667 
CELLSIZE 0.166666666666667 
NODATA_value -9999 
[rows 288 to 323 of 586, columns 246 to 327 of 462]
315 310 307 306 311 319 326 331 328 323 316 307 297 288 277 267 269 -9999 285 293 300 303 304 304 304 305 307 310 314 320 326 334 342 351 360 365 354 340 325 311 297 289 289 289 283 272 260 260 263 266 270 275 280 294 307 316 320 333 347 351 340 319 299 283 277 279 286 293 295 293 288 282 277 273 272 274 278 287 293 301 305 304
308 303 299 298 305 316 327 332 -9999 -9999 -9999 -9999 -9999 -9999 -9999 -9999 -9999 -9999 -9999 290 297 301 304 305 307 308 310 314 319 325 331 339 347 355 363 365 356 342 327 312 299 290 288 284 278 268 260 261 263 266 271 278 283 288 299 307 321 340 360 371 351 323 296 275 269 273 279 284 285 283 279 273 267 263 262 266 275 285 290 295 299 304
300 295 292 289 293 301 313 324 -9999 -9999 -9999 -9999 -9999 -9999 -9999 -9999 -9999 -9999 -9999 -9999 297 301 304 307 309 311 314 317 322 328 334 342 349 355 360 360 353 342 329 317 305 296 291 285 278 268 261 262 264 267 274 282 288 289 294 303 322 341 360 370 351 323 295 270 266 271 276 279 280 277 272 265 258 252 253 259 267 279 289 297 303 307
295 290 286 282 280 279 289 301 -9999 -9999 -9999 -9999 -9999 -9999 -9999 -9999 -9999 -9999 -9999 -9999 -9999 303 307 309 311 314 316 319 324 330 336 343 349 354 357 356 351 342 332 321 312 303 296 290 282 273 263 264 267 271 277 285 293 292 291 303 320 336 349 352 341 321 299 282 275 276 278 279 278 274 267 259 249 244 244 250 259 274 288 298 306 310
289 285 280 275 269 264 264 -9999 -9999 -9999 -9999 -9999 -9999 -9999 -9999 -9999 -9999 -9999 -9999 -9999 -9999 -9999 -9999 312 314 315 318 320 325 330 337 343 349 353 354 353 349 342 334 326 317 310 304 297 290 282 273 267 269 274 279 286 292 292 291 303 318 330 338 340 333 321 306 294 286 284 284 282 280 275 266 256 246 237 238 242 254 272 288 301 310 314
284 280 274 268 262 255 253 -9999 -9999 -9999 -9999 -9999 -9999 -9999 -9999 -9999 -9999 -9999 -9999 -9999 -9999 -9999 -9999 -9999 -9999 316 318 320 324 329 336 343 348 352 352 351 348 343 336 330 323 317 311 306 300 294 288 281 275 276 281 286 290 291 293 304 315 325 331 332 329 322 313 304 308 306 301 294 286 279 270 259 246 238 240 238 252 272 290 305 317 322
280 276 271 265 261 257 258 -9999 -9999 -9999 -9999 -9999 -9999 -9999 -9999 -9999 -9999 -9999 -9999 -9999 -9999 -9999 -9999 -9999 -9999 -9999 -9999 318 321 326 334 343 348 351 351 350 347 344 339 334 329 324 319 -9999 -9999 -9999 304 300 295 291 286 286 290 292 297 305 315 324 328 328 329 325 319 329 336 328 317 306 296 288 279 267 253 243 239 244 257 276 294 312 326 334
277 273 269 265 261 260 -9999 -9999 -9999 -9999 -9999 -9999 -9999 -9999 -9999 -9999 -9999 -9999 -9999 -9999 -9999 -9999 -9999 -9999 -9999 -9999 -9999 -9999 -9999 -9999 -9999 343 348 349 349 348 347 344 341 -9999 -9999 -9999 -9999 -9999 -9999 -9999 320 320 316 308 302 297 295 296 299 306 315 325 333 336 334 330 327 345 354 343 330 317 306 301 292 279 266 256 251 253 264 281 299 317 335 350
274 271 268 265 263 262 -9999 -9999 -9999 -9999 -9999 -9999 -9999 -9999 -9999 -9999 -9999 -9999 -9999 -9999 -9999 -9999 -9999 -9999 -9999 -9999 -9999 -9999 -9999 -9999 -9999 -9999 -9999 -9999 -9999 -9999 -9999 -9999 -9999 -9999 -9999 -9999 -9999 -9999 -9999 -9999 -9999 339 336 325 314 305 301 300 306 311 318 329 338 341 339 335 334 347 353 347 337 325 318 316 307 294 281 272 267 267 272 286 302 319 337 352
272 269 267 265 264 -9999 -9999 -9999 -9999 -9999 -9999 -9999 -9999 -9999 -9999 -9999 -9999 -9999 -9999 -9999 -9999 -9999 -9999 -9999 -9999 -9999 -9999 -9999 -9999 -9999 -9999 -9999 -9999 -9999 -9999 -9999 -9999 -9999 -9999 -9999 -9999 -9999 -9999 -9999 -9999 -9999 -9999 -9999 352 335 320 310 305 303 313 319 324 335 343 346 344 340 337 346 350 347 340 330 329 331 321 307 295 285 280 279 281 290 302 316 328 336
270 269 267 265 265 -9999 -9999 -9999 -9999 -9999 -9999 -9999 -9999 -9999 -9999 -9999 -9999 -9999 -9999 -9999 -9999 -9999 -9999 -9999 -9999 -9999 -9999 -9999 -9999 -9999 -9999 -9999 -9999 -9999 -9999 -9999 -9999 -9999 -9999 -9999 -9999 -9999 -9999 -9999 -9999 -9999 -9999 -9999 345 332 319 316 312 307 312 321 333 344 351 353 350 345 339 346 349 347 341 333 333 335 328 316 305 296 291 289 290 294 300 309 317 321
269 268 267 266 -9999 -9999 -9999 -9999 -9999 -9999 -9999 -9999 -9999 -9999 -9999 -9999 -9999 -9999 -9999 -9999 -9999 -9999 -9999 -9999 -9999 -9999 -9999 -9999 -9999 -9999 -9999 -9999 -9999 -9999 -9999 -9999 -9999 -9999 -9999 -9999 -9999 -9999 -9999 -9999 -9999 -9999 -9999 -9999 -9999 322 331 334 330 321 319 332 345 357 363 363 357 350 342 348 350 347 342 334 334 333 328 320 312 304 299 297 297 300 303 306 309 311
268 267 266 266 -9999 -9999 -9999 -9999 -9999 -9999 -9999 -9999 -9999 -9999 -9999 -9999 -9999 -9999 -9999 -9999 -9999 -9999 -9999 -9999 -9999 -9999 -9999 -9999 -9999 -9999 -9999 -9999 -9999 -9999 -9999 -9999 -9999 -9999 -9999 -9999 -9999 -9999 -9999 -9999 -9999 -9999 -9999 -9999 -9999 -9999 348 354 348 336 324 340 358 372 377 374 366 355 345 351 352 349 342 334 333 332 329 323 316 310 305 303 303 304 306 308 310 312
268 267 266 -9999 -9999 -9999 -9999 -9999 -9999 -9999 -9999 -9999 -9999 -9999 -9999 -9999 -9999 -9999 -9999 -9999 -9999 -9999 -9999 -9999 -9999 -9999 -9999 -9999 -9999 -9999 -9999 -9999 -9999 -9999 -9999 -9999 -9999 -9999 -9999 -9999 -9999 -9999 -9999 -9999 -9999 -9999 -9999 -9999 -9999 -9999 -9999 369 361 347 334 348 369 389 394 385 373 360 350 356 356 351 343 334 333 332 330 325 319 314 309 307 307 308 310 312 314 317
268 267 -9999 -9999 -9999 -9999 -9999 -9999 -9999 -9999 -9999 -9999 -9999 -9999 -9999 -9999 -9999 -9999 -9999 -9999 -9999 -9999 -9999 -9999 -9999 -9999 -9999 -9999 -9999 -9999 -9999 -9999 -9999 -9999 -9999 -9999 -9999 -9999 -9999 -9999 -9999 -9999 -9999 -9999 -9999 -9999 -9999 -9999 -9999 -9999 -9999 -9999 360 350 339 352 374 396 400 391 380 366 356 360 358 352 343 333 333 333 332 326 321 316 312 310 310 311 315 318 320 321
269 -9999 -9999 -9999 -9999 -9999 -9999 -9999 -9999 -9999 -9999 -9999 -9999 -9999 -9999 -9999 -9999 -9999 -9999 -9999 -9999 -9999 -9999 -9999 -9999 -9999 -9999 -9999 -9999 -9999 -9999 -9999 -9999 -9999 -9999 -9999 -9999 -9999 -9999 -9999 -9999 -9999 -9999 -9999 -9999 -9999 -9999 -9999 -9999 -9999 -9999 -9999 -9999 347 340 353 372 387 394 391 383 372 364 364 359 352 343 335 334 335 335 327 320 316 313 312 313 318 322 325 326 327
270 269 268 268 269 273 277 282 286 -9999 -9999 -9999 -9999 -9999 -9999 -9999 -9999 -9999 -9999 -9999 -9999 -9999 -9999 -9999 -9999 -9999 -9999 -9999 -9999 -9999 -9999 -9999 -9999 -9999 -9999 -9999 -9999 -9999 -9999 -9999 -9999 -9999 -9999 -9999 -9999 -9999 -9999 -9999 -9999 -9999 -9999 -9999 -9999 -9999 337 351 366 379 386 387 385 379 372 367 360 352 343 337 335 332 329 323 316 313 311 312 319 325 330 333 333 -9999
272 270 269 270 274 278 282 287 291 295 297 299 298 -9999 -9999 -9999 -9999 -9999 -9999 -9999 -9999 -9999 -9999 -9999 -9999 -9999 -9999 -9999 -9999 -9999 -9999 -9999 -9999 -9999 -9999 -9999 -9999 -9999 -9999 -9999 -9999 -9999 -9999 -9999 -9999 -9999 -9999 -9999 -9999 -9999 -9999 -9999 -9999 -9999 -9999 -9999 360 371 378 383 384 382 375 368 360 352 344 340 335 330 324 317 311 308 308 315 324 333 339 -9999 -9999 -9999
274 272 270 274 277 282 286 292 296 300 301 302 300 298 300 -9999 -9999 -9999 -9999 -9999 -9999 -9999 -9999 -9999 -9999 -9999 -9999 -9999 -9999 -9999 -9999 -9999 -9999 -9999 -9999 -9999 -9999 -9999 -9999 -9999 -9999 -9999 -9999 -9999 -9999 -9999 -9999 -9999 -9999 -9999 -9999 -9999 -9999 -9999 -9999 -9999 -9999 -9999 371 376 379 377 372 366 359 354 349 343 336 328 320 311 305 302 308 318 329 -9999 -9999 -9999 -9999 -9999
275 274 274 276 279 283 289 295 300 304 305 306 305 301 302 302 302 -9999 -9999 -9999 -9999 -9999 -9999 -9999 -9999 -9999 -9999 -9999 -9999 -9999 -9999 -9999 -9999 -9999 -9999 -9999 -9999 -9999 -9999 -9999 -9999 -9999 -9999 -9999 -9999 -9999 -9999 -9999 -9999 -9999 -9999 -9999 -9999 -9999 -9999 -9999 -9999 -9999 -9999 -9999 -9999 373 370 367 362 358 353 346 338 328 316 304 297 300 -9999 -9999 -9999 -9999 -9999 -9999 -9999 -9999
277 276 276 276 278 283 289 296 303 308 315 317 314 308 307 307 308 311 325 -9999 -9999 -9999 -9999 -9999 -9999 -9999 -9999 -9999 -9999 -9999 -9999 -9999 -9999 -9999 -9999 -9999 -9999 -9999 -9999 -9999 -9999 -9999 -9999 -9999 -9999 -9999 -9999 -9999 -9999 -9999 -9999 -9999 -9999 -9999 -9999 -9999 -9999 -9999 -9999 -9999 -9999 -9999 -9999 -9999 -9999 -9999 -9999 351 -9999 -9999 -9999 -9999 -9999 -9999 -9999 -9999 -9999 -9999 -9999 -9999 -9999 -9999
276 276 273 272 275 280 287 296 305 317 330 331 324 316 312 313 314 324 340 359 -9999 -9999 -9999 -9999 -9999 -9999 -9999 -9999 -9999 -9999 -9999 -9999 -9999 -9999 -9999 -9999 -9999 -9999 -9999 -9999 -9999 -9999 -9999 -9999 -9999 -9999 -9999 -9999 -9999 -9999 -9999 -9999 -9999 -9999 -9999 -9999 -9999 -9999 -9999 -9999 -9999 -9999 -9999 -9999 -9999 -9999 -9999 -9999 -9999 -9999 -9999 -9999 -9999 -9999 -9999 -9999 -9999 -9999 -9999 -9999 -9999 -9999
272 269 265 264 267 274 283 293 304 328 347 342 331 321 317 318 324 336 352 371 393 -9999 -9999 -9999 -9999 -9999 -9999 -9999 -9999 -9999 -9999 -9999 -9999 -9999 -9999 -9999 -9999 -9999 -9999 -9999 -9999 -9999 -9999 -9999 -9999 -9999 -9999 -9999 -9999 -9999 -9999 -9999 -9999 -9999 -9999 -9999 -9999 -9999 -9999 -9999 -9999 -9999 -9999 -9999 -9999 -9999 -9999 -9999 -9999 -9999 -9999 -9999 -9999 -9999 -9999 -9999 -9999 -9999 -9999 -9999 -9999 -9999
268 263 257 255 258 267 278 289 302 325 343 339 330 322 321 324 333 344 359 378 399 422 -9999 -9999 -9999 -9999 -9999 -9999 -9999 -9999 -9999 -9999 -9999 -9999 -9999 -9999 -9999 -9999 -9999 -9999 -9999 -9999 -9999 -9999 -9999 -9999 -9999 -9999 -9999 -9999 -9999 -9999 -9999 -9999 -9999 -9999 -9999 -9999 -9999 -9999 -9999 -9999 -9999 -9999 -9999 -9999 -9999 -9999 -9999 -9999 -9999 -9999 -9999 -9999 -9999 -9999 -9999 -9999 -9999 -9999 -9999 -9999
265 258 252 251 256 263 273 284 295 310 321 324 321 322 324 329 338 348 362 377 395 413 425 423 406 385 365 347 333 322 326 326 325 -9999 -9999 -9999 -9999 -9999 -9999 -9999 -9999 -9999 -9999 -9999 -9999 -9999 -9999 -9999 -9999 -9999 -9999 -9999 -9999 -9999 -9999 -9999 -9999 -9999 -9999 -9999 -9999 -9999 -9999 -9999 -9999 -9999 -9999 -9999 -9999 -9999 -9999 -9999 -9999 -9999 -9999 -9999 -9999 -9999 -9999 -9999 -9999 -9999
265 258 251 250 257 268 278 287 294 301 306 311 316 322 327 331 339 349 360 372 385 396 402 399 387 370 351 335 321 312 319 320 321 322 328 335 -9999 -9999 -9999 -9999 -9999 -9999 -9999 -9999 -9999 -9999 -9999 -9999 -9999 -9999 -9999 -9999 -9999 -9999 -9999 -9999 -9999 -9999 -9999 -9999 -9999 -9999 -9999 -9999 -9999 -9999 -9999 -9999 -9999 -9999 -9999 -9999 -9999 -9999 -9999 -9999 -9999 -9999 -9999 -9999 -9999 -9999
268 263 259 259 267 277 286 293 297 301 305 309 314 323 329 334 338 346 354 363 371 377 379 376 366 352 336 321 312 302 305 310 312 314 321 325 322 308 -9999 -9999 -9999 -9999 -9999 -9999 -9999 -9999 -9999 -9999 -9999 -9999 -9999 -9999 -9999 -9999 -9999 -9999 -9999 -9999 -9999 -9999 -9999 -9999 -9999 -9999 -9999 -9999 -9999 -9999 -9999 -9999 -9999 -9999 -9999 -9999 -9999 -9999 -9999 -9999 -9999 -9999 -9999 -9999
272 269 269 274 281 288 294 299 300 300 302 307 314 324 333 338 340 341 346 351 355 358 358 355 348 336 326 323 317 307 299 297 301 304 309 315 317 312 301 287 -9999 -9999 -9999 -9999 -9999 -9999 -9999 -9999 -9999 -9999 -9999 -9999 -9999 -9999 -9999 -9999 -9999 -9999 -9999 -9999 -9999 -9999 -9999 -9999 -9999 -9999 -9999 -9999 -9999 -9999 -9999 -9999 -9999 -9999 -9999 -9999 -9999 -9999 -9999 -9999 -9999 -9999
275 274 277 283 291 294 297 300 299 298 300 304 315 327 337 344 346 344 337 338 339 340 339 337 332 324 322 322 318 309 301 295 292 292 295 302 310 317 308 293 285 -9999 -9999 -9999 -9999 -9999 -9999 -9999 -9999 -9999 -9999 -9999 -9999 -9999 -9999 -9999 -9999 -9999 -9999 -9999 -9999 -9999 -9999 -9999 -9999 -9999 -9999 -9999 -9999 -9999 -9999 -9999 -9999 -9999 -9999 -9999 -9999 -9999 -9999 -9999 -9999 -9999
275 275 278 284 290 292 293 294 294 294 296 304 318 331 343 352 354 349 339 327 322 322 321 320 317 316 316 315 312 306 299 292 287 284 285 290 299 310 306 295 288 284 -9999 -9999 -9999 -9999 -9999 -9999 -9999 -9999 -9999 -9999 -9999 -9999 -9999 -9999 -9999 -9999 -9999 -9999 -9999 -9999 -9999 -9999 -9999 -9999 -9999 -9999 -9999 -9999 -9999 -9999 -9999 -9999 -9999 -9999 -9999 -9999 -9999 -9999 -9999 -9999
272 273 275 279 282 284 285 286 287 288 296 307 320 334 349 361 364 356 341 324 308 303 303 304 308 311 311 308 306 303 297 289 282 275 272 276 286 294 295 290 285 282 281 -9999 -9999 -9999 -9999 -9999 -9999 -9999 -9999 -9999 -9999 -9999 -9999 -9999 -9999 -9999 -9999 -9999 -9999 -9999 -9999 -9999 -9999 -9999 -9999 -9999 -9999 -9999 -9999 -9999 -9999 -9999 -9999 -9999 -9999 -9999 -9999 -9999 -9999 -9999
267 268 270 272 274 275 276 277 282 289 297 307 319 334 351 369 377 362 340 317 299 288 289 297 304 309 310 307 306 303 295 287 277 267 258 261 272 280 283 282 279 277 277 282 -9999 -9999 -9999 -9999 -9999 -9999 -9999 -9999 -9999 -9999 -9999 -9999 -9999 -9999 -9999 -9999 -9999 -9999 -9999 -9999 -9999 -9999 -9999 -9999 -9999 -9999 -9999 -9999 -9999 -9999 -9999 -9999 -9999 -9999 -9999 -9999 -9999 -9999
262 262 263 264 265 266 269 274 281 288 295 304 315 328 344 364 377 358 335 310 286 279 282 292 301 308 315 318 314 306 296 285 275 264 255 256 265 271 274 273 272 271 276 280 285 -9999 -9999 -9999 -9999 -9999 -9999 -9999 -9999 -9999 -9999 -9999 -9999 -9999 -9999 -9999 -9999 -9999 -9999 -9999 -9999 -9999 -9999 -9999 -9999 -9999 -9999 -9999 -9999 -9999 -9999 -9999 -9999 -9999 -9999 -9999 -9999 -9999
256 255 256 257 258 262 267 273 280 286 292 299 307 316 327 339 346 340 326 309 285 276 279 289 299 309 318 327 320 308 296 285 275 267 262 262 265 267 268 266 267 271 275 279 284 291 -9999 -9999 -9999 -9999 -9999 -9999 -9999 -9999 -9999 -9999 -9999 -9999 -9999 -9999 -9999 -9999 -9999 -9999 -9999 -9999 -9999 -9999 -9999 -9999 -9999 -9999 -9999 -9999 -9999 354 355 356 358 361 364 -9999
249 248 249 251 254 260 266 273 281 286 287 292 297 301 305 309 317 319 314 306 293 283 280 289 298 307 315 320 316 306 294 284 276 271 268 269 269 267 264 263 268 271 274 277 284 292 302 314 326 338 -9999 -9999 -9999 -9999 -9999 -9999 -9999 -9999 -9999 -9999 -9999 -9999 -9999 -9999 -9999 -9999 -9999 -9999 -9999 -9999 357 355 354 352 351 351 351 353 355 358 361 364
243 243 245 246 252 258 265 272 280 284 283 284 286 288 288 288 296 301 301 298 292 286 282 288 295 303 308 311 309 300 290 281 275 273 274 276 274 269 262 265 271 273 273 275 284 293 305 317 330 342 353 360 -9999 -9999 -9999 -9999 -9999 -9999 -9999 -9999 -9999 -9999 -9999 -9999 -9999 -9999 -9999 -9999 353 354 353 351 349 347 346 346 347 349 352 355 358 361
