data/studyarea/bio11.asc
NCOLS 462 
NROWS 586 
XLLCORNER -113 
YLLCORNER -53.1666666666667 
CELLSIZE 0.166666666666667 
NODATA_value -9999 
[rows 252 to 287 of 586, columns 164 to 245 of 462]
-9999 -9999 -9999 -9999 -9999 -9999 -9999 -9999 -9999 -9999 -9999 -9999 -9999 -9999 -9999 -9999 -9999 -9999 -9999 -9999 -9999 -9999 -9999 -9999 -9999 -9999 -9999 -9999 -9999 -9999 -9999 -9999 -9999 -9999 -9999 -9999 -9999 -9999 -9999 -9999 -9999 -9999 254 254 256 256 257 258 247 169 190 178 185 184 162 106 84 141 197 214 230 173 142 175 227 241 247 249 250 252 245 249 256 257 259 261 261 261 263 263 262 262
-9999 -9999 -9999 -9999 -9999 -9999 -9999 -9999 -9999 -9999 -9999 -9999 -9999 -9999 -9999 -9999 -9999 -9999 -9999 -9999 -9999 -9999 -9999 -9999 -9999 -9999 -9999 -9999 -9999 -9999 -9999 -9999 -9999 -9999 -9999 -9999 -9999 -9999 -9999 -9999 -9999 254 253 254 256 257 256 257 226 150 156 190 229 189 119 74 112 163 180 222 214 125 173 205 229 245 247 248 250 252 253 253 256 257 258 258 256 260 263 263 262 261
-9999 -9999 -9999 -9999 -9999 -9999 -9999 -9999 -9999 -9999 -9999 -9999 -9999 -9999 -9999 -9999 -9999 -9999 -9999 -9999 -9999 -9999 -9999 -9999 -9999 -9999 -9999 -9999 -9999 -9999 -9999 -9999 -9999 -9999 -9999 -9999 -9999 -9999 -9999 -9999 -9999 254 253 254 256 257 256 251 231 192 169 240 207 147 82 102 147 163 196 218 171 152 208 210 240 246 243 245 248 250 253 253 254 254 255 255 255 259 260 261 262 260
-9999 -9999 -9999 -9999 -9999 -9999 -9999 -9999 -9999 -9999 -9999 -9999 -9999 -9999 -9999 -9999 -9999 -9999 -9999 -9999 -9999 -9999 -9999 -9999 -9999 -9999 -9999 -9999 -9999 -9999 -9999 -9999 -9999 -9999 -9999 -9999 -9999 -9999 -9999 -9999 -9999 253 253 254 256 256 254 241 239 203 226 239 187 114 86 149 179 200 194 194 178 188 213 248 247 247 244 244 246 247 249 250 252 253 254 254 256 258 259 259 260 259
-9999 -9999 -9999 -9999 -9999 -9999 -9999 -9999 -9999 -9999 -9999 -9999 -9999 -9999 -9999 -9999 -9999 -9999 -9999 -9999 -9999 -9999 -9999 -9999 -9999 -9999 -9999 -9999 -9999 -9999 -9999 -9999 -9999 -9999 -9999 -9999 -9999 -9999 -9999 253 252 253 254 253 255 255 248 238 224 201 231 203 146 110 130 124 157 187 189 184 223 211 238 249 248 247 245 245 246 248 249 251 252 253 254 255 255 257 257 258 257 257
-9999 -9999 -9999 -9999 -9999 -9999 -9999 -9999 -9999 -9999 -9999 -9999 -9999 -9999 -9999 -9999 -9999 -9999 -9999 -9999 -9999 -9999 -9999 -9999 -9999 -9999 -9999 -9999 -9999 -9999 -9999 -9999 -9999 -9999 -9999 -9999 -9999 -9999 -9999 253 252 252 251 249 250 248 245 217 158 220 197 162 106 114 174 158 149 165 220 232 248 232 246 247 248 247 246 247 248 248 249 250 252 252 253 254 254 256 257 257 257 256
-9999 -9999 -9999 -9999 -9999 -9999 -9999 -9999 -9999 -9999 -9999 -9999 -9999 -9999 -9999 -9999 -9999 -9999 -9999 -9999 -9999 -9999 -9999 -9999 -9999 -9999 -9999 -9999 -9999 -9999 -9999 -9999 -9999 -9999 -9999 -9999 -9999 -9999 -9999 -9999 255 253 251 244 234 227 220 203 168 181 179 163 101 154 213 199 175 187 237 248 250 249 247 246 247 247 245 247 248 249 249 250 252 253 252 253 243 253 256 256 256 256
-9999 -9999 -9999 -9999 -9999 -9999 -9999 -9999 -9999 -9999 -9999 -9999 -9999 -9999 -9999 -9999 -9999 -9999 -9999 -9999 -9999 -9999 -9999 -9999 -9999 -9999 -9999 -9999 -9999 -9999 -9999 -9999 -9999 -9999 -9999 -9999 -9999 -9999 -9999 256 256 254 248 242 225 197 180 150 154 143 122 106 115 158 217 200 218 235 246 246 248 247 247 246 246 247 246 247 248 248 249 250 251 253 252 253 251 253 254 255 254 255
-9999 -9999 -9999 -9999 -9999 -9999 -9999 -9999 -9999 -9999 -9999 -9999 -9999 -9999 -9999 -9999 -9999 -9999 -9999 -9999 -9999 -9999 -9999 -9999 -9999 -9999 -9999 -9999 -9999 -9999 -9999 -9999 -9999 -9999 -9999 -9999 252 250 253 255 256 255 242 231 210 184 150 98 112 137 98 111 140 177 228 228 246 247 246 246 246 247 247 245 245 247 246 247 249 249 249 251 251 252 253 253 254 246 253 255 254 254
-9999 -9999 -9999 -9999 -9999 -9999 -9999 -9999 -9999 -9999 -9999 -9999 -9999 -9999 -9999 -9999 -9999 -9999 -9999 -9999 -9999 -9999 -9999 -9999 -9999 -9999 -9999 -9999 -9999 -9999 -9999 -9999 -9999 -9999 246 245 244 246 249 253 253 247 225 204 183 161 82 97 108 100 100 120 178 221 241 244 245 246 246 246 246 246 246 245 244 246 247 246 248 249 249 250 251 251 251 253 253 247 252 255 254 255
-9999 -9999 -9999 -9999 -9999 -9999 -9999 -9999 -9999 -9999 -9999 -9999 -9999 -9999 -9999 -9999 -9999 -9999 -9999 -9999 -9999 -9999 -9999 -9999 -9999 -9999 -9999 -9999 -9999 -9999 -9999 -9999 -9999 241 243 239 242 244 246 249 251 231 197 195 187 124 67 96 102 106 151 200 230 241 242 243 243 244 245 246 246 246 247 245 245 246 247 247 248 249 249 250 251 251 250 251 248 251 253 254 256 255
-9999 -9999 -9999 -9999 -9999 -9999 -9999 -9999 -9999 -9999 -9999 -9999 -9999 -9999 -9999 -9999 -9999 -9999 -9999 -9999 -9999 -9999 -9999 -9999 -9999 -9999 -9999 -9999 -9999 -9999 -9999 -9999 -9999 245 244 236 241 242 239 240 224 207 183 126 135 152 106 100 98 112 194 228 236 242 242 242 243 244 245 246 246 246 247 246 245 247 247 248 249 248 249 250 250 251 246 246 249 249 253 255 256 254
-9999 -9999 -9999 -9999 -9999 -9999 -9999 -9999 -9999 -9999 -9999 -9999 -9999 -9999 -9999 -9999 -9999 -9999 -9999 -9999 -9999 -9999 -9999 -9999 -9999 -9999 -9999 -9999 -9999 -9999 -9999 -9999 -9999 244 242 230 239 244 242 235 192 164 149 109 125 165 142 103 149 171 229 239 241 241 242 243 244 245 245 245 246 247 247 247 247 248 247 247 248 249 249 249 251 251 249 248 251 248 255 255 255 254
-9999 -9999 -9999 -9999 -9999 -9999 -9999 -9999 -9999 -9999 -9999 -9999 -9999 -9999 -9999 -9999 -9999 -9999 -9999 -9999 -9999 -9999 -9999 -9999 -9999 -9999 -9999 -9999 -9999 -9999 -9999 -9999 -9999 244 243 232 242 243 241 231 212 192 179 121 126 99 92 141 194 221 234 240 241 241 242 243 244 246 246 245 246 247 247 247 248 248 247 248 249 250 249 249 251 252 251 250 251 250 254 257 255 254
-9999 -9999 -9999 -9999 -9999 -9999 -9999 -9999 -9999 -9999 -9999 -9999 -9999 -9999 -9999 -9999 -9999 -9999 -9999 -9999 -9999 -9999 -9999 -9999 -9999 -9999 -9999 -9999 -9999 -9999 -9999 -9999 -9999 241 236 234 241 240 237 224 206 180 166 154 107 84 73 141 197 224 231 239 240 241 242 242 244 245 246 246 247 247 247 248 248 248 247 248 249 249 249 250 251 252 252 251 252 252 256 256 257 255
-9999 -9999 -9999 -9999 -9999 -9999 -9999 -9999 -9999 -9999 -9999 -9999 -9999 -9999 -9999 -9999 -9999 -9999 -9999 -9999 -9999 -9999 -9999 -9999 -9999 -9999 -9999 -9999 -9999 -9999 -9999 -9999 238 234 234 237 240 238 232 222 199 168 115 151 114 65 69 153 178 214 233 238 239 241 242 243 245 246 246 246 248 248 249 249 250 250 249 249 250 250 250 250 251 252 252 252 253 253 255 254 257 255
-9999 -9999 -9999 -9999 -9999 -9999 -9999 -9999 -9999 -9999 -9999 -9999 -9999 -9999 -9999 -9999 -9999 -9999 -9999 -9999 -9999 -9999 -9999 -9999 -9999 -9999 -9999 -9999 -9999 -9999 -9999 236 233 230 234 236 239 236 229 215 191 149 103 148 70 57 104 171 174 204 236 240 240 241 242 244 244 245 247 246 247 248 248 250 251 251 249 248 250 251 251 252 252 253 254 252 253 253 251 254 256 255
-9999 -9999 -9999 -9999 -9999 -9999 -9999 -9999 -9999 -9999 -9999 -9999 -9999 -9999 -9999 -9999 -9999 -9999 -9999 -9999 -9999 -9999 -9999 -9999 -9999 -9999 -9999 -9999 -9999 -9999 -9999 233 228 234 234 235 239 236 225 181 173 145 108 109 44 73 126 147 164 214 238 240 241 241 242 243 245 245 246 247 248 249 249 249 250 250 250 250 250 250 251 252 253 253 253 253 254 252 249 252 256 255
-9999 -9999 -9999 -9999 -9999 -9999 -9999 -9999 -9999 -9999 -9999 -9999 -9999 -9999 -9999 -9999 -9999 -9999 -9999 -9999 -9999 -9999 -9999 -9999 -9999 -9999 -9999 -9999 -9999 -9999 -9999 236 237 240 233 238 240 236 222 175 135 96 82 49 41 52 127 156 170 216 236 239 240 240 241 243 244 246 247 248 248 248 249 248 250 250 250 250 251 251 251 251 252 253 254 255 255 253 250 255 257 256
-9999 -9999 -9999 -9999 -9999 -9999 -9999 -9999 -9999 -9999 -9999 -9999 -9999 -9999 -9999 -9999 -9999 -9999 -9999 -9999 -9999 -9999 -9999 -9999 -9999 -9999 -9999 -9999 -9999 -9999 244 237 246 245 237 243 243 238 227 184 109 81 101 44 56 109 159 200 203 230 237 238 239 240 240 242 243 245 246 247 249 248 247 247 249 250 250 251 251 251 252 252 251 251 252 253 253 253 254 254 256 257
-9999 -9999 -9999 -9999 -9999 -9999 -9999 -9999 -9999 -9999 -9999 -9999 -9999 -9999 -9999 -9999 -9999 -9999 -9999 -9999 -9999 -9999 -9999 -9999 -9999 -9999 -9999 -9999 236 238 241 243 240 239 240 247 245 240 229 174 78 79 108 51 77 145 190 218 213 235 236 237 238 240 241 240 243 245 246 246 246 246 246 247 248 248 250 251 251 252 252 253 253 252 252 254 254 254 254 254 254 255
-9999 -9999 -9999 -9999 -9999 -9999 -9999 -9999 -9999 -9999 -9999 -9999 -9999 -9999 -9999 -9999 -9999 -9999 -9999 -9999 -9999 -9999 -9999 -9999 -9999 -9999 -9999 -9999 228 231 233 240 236 230 244 248 245 240 220 163 71 64 116 64 88 167 213 227 232 233 236 238 240 242 243 240 242 243 245 245 245 244 245 247 248 248 249 250 251 252 252 253 253 253 253 254 255 254 255 255 254 254
-9999 -9999 -9999 -9999 -9999 -9999 -9999 -9999 -9999 -9999 -9999 -9999 -9999 -9999 -9999 -9999 -9999 -9999 -9999 -9999 -9999 -9999 -9999 -9999 -9999 -9999 -9999 231 234 234 225 234 236 242 246 246 244 240 218 150 72 79 128 83 103 163 211 218 229 233 237 239 239 242 243 243 244 245 245 245 245 244 245 247 248 249 249 250 252 252 252 253 254 254 253 254 255 254 255 256 256 255
-9999 -9999 -9999 -9999 -9999 -9999 -9999 -9999 -9999 -9999 -9999 -9999 -9999 -9999 -9999 -9999 -9999 -9999 -9999 -9999 -9999 -9999 -9999 -9999 -9999 -9999 -9999 -9999 -9999 228 223 226 236 241 244 244 243 238 207 124 46 48 105 122 159 186 205 212 225 233 236 239 241 242 243 243 244 245 245 245 246 246 246 247 248 250 250 250 251 252 253 253 254 255 254 254 254 255 255 255 255 255
-9999 -9999 -9999 -9999 -9999 -9999 -9999 -9999 -9999 -9999 -9999 -9999 -9999 -9999 -9999 -9999 -9999 -9999 -9999 -9999 -9999 -9999 -9999 -9999 -9999 -9999 -9999 -9999 232 225 220 231 236 241 242 242 242 239 204 138 81 89 111 80 147 200 208 224 227 231 235 238 241 242 244 244 245 245 246 247 247 247 248 248 249 250 251 251 252 252 252 254 255 255 254 254 254 255 256 255 254 254
-9999 -9999 -9999 -9999 -9999 -9999 -9999 -9999 -9999 -9999 -9999 -9999 -9999 -9999 -9999 -9999 -9999 -9999 -9999 -9999 -9999 -9999 -9999 -9999 -9999 -9999 -9999 -9999 -9999 228 216 227 238 242 242 242 241 239 213 139 79 88 101 69 147 198 211 222 231 234 236 238 240 243 244 245 245 245 246 246 245 245 246 249 250 251 252 252 252 254 254 253 254 255 255 255 255 255 256 256 254 254
-9999 -9999 -9999 -9999 -9999 -9999 -9999 -9999 -9999 -9999 -9999 -9999 -9999 -9999 -9999 -9999 -9999 -9999 -9999 -9999 -9999 -9999 -9999 -9999 -9999 -9999 -9999 -9999 -9999 229 225 224 238 243 243 242 240 239 220 153 107 83 84 74 149 195 212 221 230 234 237 239 241 243 245 246 246 246 246 247 247 248 248 249 250 250 252 253 253 253 254 254 254 255 255 255 254 255 255 255 255 254
-9999 -9999 -9999 -9999 -9999 -9999 -9999 -9999 -9999 -9999 -9999 -9999 -9999 -9999 -9999 -9999 -9999 -9999 -9999 -9999 -9999 -9999 -9999 -9999 -9999 -9999 -9999 -9999 -9999 227 228 228 231 237 243 243 240 238 231 177 129 86 67 84 157 196 206 218 230 236 238 241 241 243 245 247 247 247 247 248 248 248 249 250 252 252 252 253 255 254 255 255 255 254 255 255 255 254 254 255 256 255
-9999 -9999 -9999 -9999 -9999 -9999 -9999 -9999 -9999 -9999 -9999 -9999 -9999 -9999 -9999 -9999 -9999 -9999 -9999 -9999 -9999 -9999 -9999 -9999 -9999 -9999 -9999 220 222 222 226 229 233 239 244 243 241 239 234 200 135 80 61 112 170 204 197 216 231 239 241 243 243 244 244 246 247 248 249 249 248 249 249 249 251 252 253 254 255 256 256 255 255 255 255 256 255 255 255 254 254 255
-9999 -9999 -9999 -9999 -9999 -9999 -9999 -9999 -9999 -9999 -9999 -9999 -9999 -9999 -9999 -9999 -9999 -9999 -9999 -9999 -9999 -9999 -9999 -9999 -9999 -9999 -9999 -9999 219 221 224 226 232 238 241 242 241 239 222 158 84 62 84 105 185 204 203 224 238 243 244 245 245 245 245 246 247 248 249 250 249 249 250 249 250 252 253 254 255 256 257 257 256 255 255 255 256 255 256 255 255 255
-9999 -9999 -9999 -9999 -9999 -9999 -9999 -9999 -9999 -9999 -9999 -9999 -9999 -9999 -9999 -9999 -9999 -9999 -9999 -9999 -9999 -9999 -9999 -9999 -9999 -9999 -9999 -9999 -9999 -9999 224 226 231 237 240 242 241 227 164 89 90 97 133 164 205 199 215 238 243 246 246 247 246 247 246 246 247 247 248 250 250 249 249 251 250 251 253 254 255 256 256 256 257 256 255 256 255 255 254 254 254 254
-9999 -9999 -9999 -9999 -9999 -9999 -9999 -9999 -9999 -9999 -9999 -9999 -9999 -9999 -9999 -9999 -9999 -9999 -9999 -9999 -9999 -9999 -9999 -9999 -9999 -9999 -9999 -9999 -9999 -9999 -9999 228 231 235 238 242 225 141 57 65 118 121 120 185 219 195 222 243 246 248 248 248 248 248 248 248 248 248 248 249 250 251 250 251 250 250 252 254 256 256 256 256 256 256 255 254 254 255 255 255 254 253
-9999 -9999 -9999 -9999 -9999 -9999 -9999 -9999 -9999 -9999 -9999 -9999 -9999 -9999 -9999 -9999 -9999 -9999 -9999 -9999 -9999 -9999 -9999 -9999 -9999 -9999 -9999 -9999 -9999 -9999 -9999 229 231 234 239 240 226 131 58 102 126 120 115 195 212 211 237 243 249 249 249 249 249 249 249 250 248 249 249 249 249 251 251 251 251 251 251 252 254 255 256 256 256 257 256 256 255 255 254 254 253 253
-9999 -9999 -9999 -9999 -9999 -9999 -9999 -9999 -9999 -9999 -9999 -9999 -9999 -9999 -9999 -9999 -9999 -9999 -9999 -9999 -9999 -9999 -9999 -9999 -9999 -9999 -9999 -9999 -9999 -9999 -9999 230 232 234 237 234 171 87 77 109 114 103 152 211 214 227 240 245 250 250 250 251 251 251 251 251 250 250 250 250 249 249 251 252 252 252 252 253 253 255 256 256 257 256 256 256 255 255 255 254 254 253
-9999 -9999 -9999 -9999 -9999 -9999 -9999 -9999 -9999 -9999 -9999 -9999 -9999 -9999 -9999 -9999 -9999 -9999 -9999 -9999 -9999 -9999 -9999 -9999 -9999 -9999 -9999 -9999 -9999 -9999 -9999 229 235 235 235 230 188 157 174 105 104 140 186 199 199 195 239 245 251 252 251 252 252 252 252 252 252 252 251 250 250 250 251 252 251 252 253 253 254 254 255 256 256 257 257 256 257 254 253 254 254 253
-9999 -9999 -9999 -9999 -9999 -9999 -9999 -9999 -9999 -9999 -9999 -9999 -9999 -9999 -9999 -9999 -9999 -9999 -9999 -9999 -9999 -9999 -9999 -9999 -9999 -9999 -9999 -9999 -9999 -9999 -9999 235 236 237 237 229 180 173 172 122 113 164 211 191 196 205 241 245 252 253 253 254 253 254 253 253 253 252 252 251 251 250 251 252 253 252 253 253 254 254 255 256 256 256 257 257 257 256 255 254 254 254
