data/studyarea/bio18.asc
NCOLS 462 
NROWS 586 
XLLCORNER -113 
YLLCORNER -53.1666666666667 
CELLSIZE 0.166666666666667 
NODATA_value -9999 
[rows 0 to 35 of 586, columns 82 to 163 of 462]
-9999 -9999 -9999 -9999 -9999 -9999 -9999 -9999 -9999 -9999 -9999 -9999 -9999 -9999 -9999 -9999 -9999 -9999 -9999 -9999 -9999 -9999 -9999 -9999 -9999 -9999 -9999 -9999 -9999 -9999 -9999 -9999 -9999 -9999 -9999 -9999 -9999 -9999 -9999 -9999 -9999 -9999 -9999 -9999 -9999 -9999 -9999 -9999 -9999 -9999 -9999 -9999 -9999 -9999 -9999 -9999 -9999 -9999 -9999 295 292 290 284 280 276 -9999 -9999 -9999 -9999 -9999 -9999 -9999 -9999 -9999 -9999 -9999 -9999 -9999 -9999 -9999 -9999 -9999
-9999 -9999 -9999 -9999 -9999 -9999 -9999 -9999 -9999 -9999 -9999 -9999 -9999 -9999 -9999 -9999 -9999 -9999 -9999 -9999 -9999 -9999 -9999 -9999 -9999 -9999 -9999 -9999 -9999 -9999 -9999 -9999 -9999 -9999 -9999 -9999 -9999 -9999 -9999 -9999 -9999 -9999 -9999 -9999 -9999 -9999 -9999 -9999 -9999 -9999 -9999 -9999 -9999 -9999 305 301 297 295 294 295 290 285 281 278 276 272 267 266 262 253 -9999 -9999 -9999 -9999 -9999 -9999 -9999 -9999 -9999 -9999 -9999 -9999
-9999 -9999 -9999 -9999 -9999 -9999 -9999 -9999 -9999 -9999 -9999 -9999 -9999 -9999 -9999 -9999 -9999 -9999 -9999 -9999 -9999 -9999 -9999 -9999 -9999 -9999 -9999 -9999 -9999 -9999 -9999 -9999 -9999 -9999 -9999 -9999 -9999 -9999 -9999 -9999 -9999 -9999 -9999 -9999 -9999 -9999 -9999 -9999 -9999 -9999 -9999 -9999 313 306 302 298 297 295 295 290 286 283 277 276 274 272 273 268 264 254 243 238 -9999 -9999 -9999 -9999 -9999 -9999 -9999 -9999 -9999 -9999
-9999 -9999 -9999 -9999 -9999 -9999 -9999 -9999 -9999 -9999 -9999 -9999 -9999 -9999 -9999 -9999 -9999 -9999 -9999 -9999 -9999 -9999 -9999 -9999 -9999 -9999 -9999 -9999 -9999 -9999 -9999 -9999 -9999 -9999 -9999 -9999 -9999 -9999 -9999 -9999 -9999 -9999 -9999 -9999 -9999 -9999 -9999 -9999 -9999 -9999 310 310 313 307 301 299 295 296 292 286 281 278 278 276 275 272 276 275 268 256 246 241 238 236 -9999 -9999 -9999 -9999 -9999 -9999 -9999 -9999
-9999 -9999 -9999 -9999 -9999 -9999 -9999 -9999 -9999 -9999 -9999 -9999 -9999 -9999 -9999 -9999 -9999 -9999 -9999 -9999 -9999 -9999 -9999 -9999 -9999 -9999 -9999 -9999 -9999 -9999 -9999 -9999 -9999 -9999 -9999 -9999 -9999 -9999 -9999 -9999 -9999 -9999 -9999 -9999 -9999 -9999 -9999 -9999 303 311 315 314 308 309 303 300 297 296 291 285 280 278 280 278 274 276 280 280 271 256 248 243 240 238 234 233 -9999 -9999 -9999 -9999 -9999 -9999
-9999 -9999 -9999 -9999 -9999 -9999 -9999 -9999 -9999 -9999 -9999 -9999 -9999 -9999 -9999 -9999 -9999 -9999 -9999 -9999 -9999 -9999 -9999 -9999 -9999 -9999 -9999 -9999 -9999 -9999 -9999 -9999 -9999 -9999 -9999 -9999 -9999 -9999 -9999 -9999 -9999 -9999 -9999 -9999 -9999 -9999 -9999 311 301 305 313 307 305 305 304 301 299 296 292 289 284 282 280 278 279 280 281 278 270 258 251 246 242 239 236 233 233 -9999 -9999 -9999 -9999 -9999
-9999 -9999 -9999 -9999 -9999 -9999 -9999 -9999 -9999 -9999 -9999 -9999 -9999 -9999 -9999 -9999 -9999 -9999 -9999 -9999 -9999 -9999 -9999 -9999 -9999 -9999 -9999 -9999 -9999 -9999 -9999 -9999 -9999 -9999 -9999 -9999 -9999 -9999 -9999 -9999 -9999 -9999 -9999 -9999 -9999 -9999 312 306 295 299 305 301 304 302 303 303 300 296 295 291 288 285 282 283 283 285 282 276 268 259 254 250 244 241 237 235 232 231 232 -9999 -9999 -9999
236 -9999 -9999 -9999 -9999 -9999 -9999 -9999 -9999 -9999 -9999 -9999 -9999 -9999 -9999 -9999 -9999 -9999 -9999 -9999 -9999 -9999 -9999 -9999 -9999 -9999 -9999 -9999 -9999 -9999 -9999 -9999 -9999 -9999 -9999 -9999 -9999 -9999 -9999 -9999 -9999 -9999 -9999 -9999 -9999 318 316 309 302 297 302 303 301 300 299 300 295 293 294 291 291 289 288 291 289 286 284 276 267 261 257 253 247 244 240 236 233 229 227 232 -9999 -9999
240 240 239 235 235 235 234 -9999 -9999 -9999 -9999 -9999 -9999 -9999 -9999 -9999 -9999 -9999 -9999 -9999 -9999 294 -9999 -9999 -9999 -9999 -9999 -9999 -9999 -9999 -9999 -9999 -9999 -9999 -9999 -9999 -9999 -9999 -9999 -9999 -9999 -9999 -9999 -9999 329 324 320 312 307 307 305 307 310 309 307 305 304 302 299 293 293 292 293 295 292 289 285 279 270 264 261 256 252 248 244 240 236 232 230 234 242 -9999
238 239 240 239 238 236 235 231 225 -9999 -9999 -9999 -9999 -9999 260 266 270 274 279 283 289 297 303 308 311 313 314 314 -9999 -9999 -9999 -9999 -9999 -9999 -9999 -9999 -9999 -9999 -9999 -9999 -9999 339 -9999 338 335 331 323 317 316 312 315 315 316 318 316 314 310 309 302 300 297 296 294 295 296 295 290 285 276 271 266 261 258 252 248 245 241 239 240 244 249 253
239 241 242 240 239 239 235 229 219 205 204 224 242 252 259 263 268 274 276 283 290 298 303 312 319 318 317 319 321 323 327 328 -9999 -9999 -9999 342 346 342 339 340 339 340 340 339 339 337 331 324 319 316 314 315 316 321 318 317 311 310 306 305 304 301 301 301 302 302 299 295 287 279 273 267 262 257 253 250 248 246 249 255 259 262
242 243 244 244 245 244 240 231 219 198 193 219 242 254 261 263 266 271 276 282 289 295 305 314 322 321 319 321 324 327 331 333 332 336 340 344 347 345 340 339 339 339 338 338 337 337 335 333 327 324 320 312 313 316 319 315 310 307 310 308 307 304 306 308 310 308 306 301 293 284 278 273 268 263 258 255 252 252 256 262 267 269
246 245 245 247 248 248 245 239 231 220 218 231 245 256 262 267 266 267 273 281 288 296 306 312 318 319 318 320 324 328 333 335 335 338 343 345 345 342 341 337 338 337 335 334 334 335 337 334 329 324 321 318 313 312 315 313 311 306 308 310 309 309 312 313 314 313 308 303 295 287 282 278 272 268 264 260 256 256 258 265 271 272
250 248 247 247 250 252 251 250 245 243 243 248 255 259 265 270 270 270 274 281 287 293 301 309 313 316 317 319 322 325 329 333 335 339 341 345 343 340 338 336 337 336 333 329 330 332 335 335 329 323 320 318 317 313 311 314 312 309 309 311 315 316 315 315 315 315 310 305 297 290 287 281 277 273 269 266 260 258 261 268 272 276
252 250 250 251 253 256 258 256 258 259 260 261 265 265 269 272 273 276 278 282 288 292 298 302 306 314 317 321 321 320 323 328 332 335 337 340 342 337 335 336 337 335 334 331 329 332 335 335 331 327 321 317 317 315 316 315 318 315 315 314 316 318 318 318 317 317 313 308 299 295 290 287 282 280 276 271 266 263 265 270 275 278
252 253 252 253 256 260 261 265 269 271 272 273 271 272 273 275 278 280 283 286 291 295 297 299 304 311 316 318 320 320 321 324 329 331 332 335 335 333 333 334 335 334 333 332 332 332 335 334 332 329 322 318 318 317 320 318 318 316 317 314 315 316 317 317 317 314 311 308 303 297 295 290 287 285 283 280 278 275 273 276 280 280
253 252 254 256 259 263 266 270 274 275 277 278 278 277 279 279 281 284 285 287 294 298 300 301 303 308 314 319 320 322 321 321 324 325 327 327 326 325 327 331 333 332 333 333 334 333 334 335 331 328 323 318 317 318 319 319 317 314 313 314 313 313 312 311 309 310 309 306 304 300 297 292 289 290 292 293 292 288 285 284 284 284
251 253 255 259 261 263 266 270 274 277 278 278 279 280 281 283 284 286 287 286 292 301 303 306 305 307 311 319 322 322 320 320 320 321 320 321 320 319 322 325 327 329 329 331 332 332 333 331 326 322 320 317 315 317 318 317 315 312 310 312 311 307 304 302 301 302 301 302 304 301 298 295 293 296 302 306 300 295 294 292 290 289
252 255 258 259 259 260 262 265 269 273 274 275 277 278 282 285 288 287 287 288 291 301 307 309 311 308 312 320 324 324 322 320 320 318 318 318 317 316 318 319 321 322 324 326 327 327 327 324 319 315 314 315 315 319 319 316 312 309 307 305 303 300 297 295 294 291 294 297 302 303 301 300 299 303 305 305 303 302 300 298 297 294
256 258 259 259 256 254 256 259 263 268 272 274 278 282 283 286 292 291 290 291 296 306 312 317 319 318 321 325 326 325 324 322 320 320 319 320 318 317 316 316 320 320 320 322 323 321 321 319 312 305 307 313 315 317 316 315 311 306 304 298 297 296 293 291 288 287 290 294 298 301 300 300 302 303 304 305 305 304 303 301 301 298
256 258 259 259 256 252 252 255 261 268 272 272 274 278 280 285 294 297 300 302 306 313 319 325 329 330 332 333 331 328 326 322 323 324 323 324 323 321 320 322 320 322 322 323 321 319 319 316 309 303 301 307 311 313 313 310 305 299 299 294 294 291 288 287 288 286 288 292 295 298 300 300 302 302 303 304 304 302 301 301 301 298
256 259 261 261 258 255 255 258 262 267 272 272 275 279 281 289 295 302 310 313 313 317 324 330 335 338 338 338 335 330 328 324 325 327 326 328 327 324 324 325 324 324 323 322 322 319 317 313 308 302 303 307 309 310 308 304 298 294 291 289 291 288 285 284 285 285 286 289 293 296 300 301 301 300 299 300 300 299 298 298 296 297
257 259 261 261 262 262 261 260 263 267 271 274 277 285 289 293 299 306 313 317 318 321 327 330 335 339 339 338 334 331 329 327 325 326 326 328 328 326 325 325 326 325 323 322 321 318 315 311 306 301 304 306 306 305 302 300 296 290 288 291 289 286 283 282 282 283 284 287 292 297 301 304 302 300 297 296 298 295 292 292 293 295
258 260 263 262 263 265 263 262 265 270 275 278 281 292 296 297 302 308 313 317 320 321 326 329 331 333 336 336 331 328 326 326 324 323 324 326 326 326 324 323 324 323 321 319 318 315 314 307 306 303 304 304 302 300 299 299 293 287 287 289 288 287 285 284 283 284 287 290 293 297 302 305 304 300 296 296 296 294 292 292 294 295
258 259 261 261 260 261 262 262 266 272 277 282 288 294 301 304 306 310 316 320 322 324 324 323 327 328 333 334 329 324 323 323 322 319 320 323 323 323 324 321 321 320 316 315 314 314 310 306 304 300 300 299 299 298 295 291 286 284 284 288 288 288 289 289 288 287 290 296 299 302 305 308 305 301 298 298 300 298 296 294 293 293
254 257 256 257 259 262 263 263 267 274 280 287 295 301 305 308 312 317 321 323 327 327 326 324 327 329 332 332 327 321 320 319 319 315 316 318 319 322 322 319 319 318 314 312 311 311 310 306 301 300 298 298 298 296 292 285 283 281 282 287 289 289 292 291 292 294 296 298 302 306 310 311 309 309 307 305 305 303 299 297 294 292
251 253 253 253 258 262 263 265 270 279 288 295 301 305 308 310 314 320 324 327 329 330 329 328 329 331 332 331 325 319 317 314 314 312 310 314 316 318 320 318 318 316 314 311 308 308 307 305 303 300 299 297 296 293 289 286 280 278 280 286 288 291 293 297 299 300 302 302 303 308 313 314 315 317 317 313 310 306 302 297 295 293
249 249 249 251 256 262 267 270 273 285 295 301 305 306 308 310 316 323 326 329 334 336 336 336 336 336 335 333 327 321 317 314 310 311 310 311 313 317 319 319 318 317 314 311 308 307 305 302 302 299 297 294 289 288 289 285 281 276 277 283 287 293 297 299 302 301 302 302 304 308 313 315 319 321 323 318 313 308 301 299 299 299
241 240 240 246 252 259 268 273 278 288 297 303 307 310 312 315 321 326 329 335 338 339 342 342 341 342 338 336 332 327 321 314 312 311 310 310 311 314 319 319 319 319 315 311 309 308 305 299 297 295 294 288 284 287 286 284 279 275 276 281 287 293 297 298 299 300 299 300 303 308 310 314 319 323 325 321 315 306 299 299 300 303
237 236 238 240 247 255 263 270 279 288 295 301 306 311 316 322 328 333 335 338 340 341 342 343 343 344 346 343 339 333 327 322 318 315 313 312 310 314 318 319 319 319 315 312 310 309 304 298 293 287 288 284 280 280 282 280 277 275 277 281 286 291 294 294 295 295 295 298 304 307 310 310 315 321 324 320 313 305 298 296 295 297
234 235 236 239 246 255 260 267 277 288 297 301 304 308 317 323 332 334 335 337 338 340 340 343 347 349 348 345 341 336 331 328 322 318 316 312 311 313 315 317 318 317 313 310 308 305 304 299 292 285 280 280 276 274 275 276 275 275 276 280 285 290 290 291 291 291 292 294 298 301 304 307 313 319 324 322 312 304 299 293 288 291
238 239 241 244 250 256 260 265 275 284 292 297 301 310 319 325 327 327 327 329 330 332 338 344 349 348 346 342 340 335 332 331 326 320 314 309 308 310 310 313 313 311 307 305 303 302 301 296 289 285 279 276 274 273 271 272 272 273 276 279 281 283 285 287 288 287 287 290 294 296 299 305 310 316 322 321 315 308 302 295 285 289
241 242 243 247 251 256 260 266 274 281 286 291 301 311 319 324 324 325 323 322 319 322 332 343 347 343 340 338 335 335 333 332 332 325 317 313 307 305 306 306 305 303 302 300 297 297 296 291 285 281 279 273 274 274 272 272 272 270 271 273 273 275 279 283 284 285 286 289 291 294 296 302 308 314 320 322 319 310 305 300 295 296
247 249 250 254 257 260 265 268 272 278 281 287 297 310 316 319 321 320 320 322 316 317 329 340 344 343 342 341 337 334 335 335 334 328 322 317 311 305 303 302 299 295 295 293 289 289 288 288 284 279 274 271 270 269 269 269 269 268 266 267 266 270 276 280 281 283 285 288 290 294 297 300 305 311 321 325 320 314 310 304 302 301
249 251 255 260 262 265 268 272 273 276 279 280 289 303 312 313 312 314 320 322 320 320 326 334 342 344 344 341 337 335 333 333 333 330 326 320 314 305 300 297 294 290 290 287 283 282 281 279 281 278 274 271 269 269 269 268 269 266 265 264 265 270 276 279 281 281 283 287 291 293 296 301 304 312 319 323 323 316 311 307 304 305
250 255 260 262 264 268 272 273 275 279 279 278 282 298 307 308 309 313 322 329 330 328 327 334 339 341 342 342 339 333 332 332 332 330 326 320 314 305 298 293 288 288 285 282 280 279 277 279 275 272 270 268 269 269 267 268 268 267 265 264 266 271 275 277 277 278 279 285 288 290 294 300 303 311 317 323 322 318 314 311 310 306
