data/studyarea/bio1.asc
NCOLS 462 
NROWS 586 
XLLCORNER -113 
YLLCORNER -53.1666666666667 
CELLSIZE 0.166666666666667 
NODATA_value -9999 
[rows 36 to 71 of 586, columns 0 to 81 of 462]
-9999 -9999 -9999 -9999 -9999 -9999 -9999 -9999 -9999 -9999 -9999 -9999 -9999 -9999 -9999 -9999 -9999 -9999 -9999 -9999 -9999 -9999 -9999 -9999 -9999 97 71 50 45 64 84 69 38 27 30 26 16 20 22 14 -4 22 31 58 65 71 90 105 104 104 107 109 106 104 105 106 104 106 106 104 106 108 108 107 105 106 107 108 110 111 113 115 116 115 115 116 117 119 120 121 121 122
-9999 -9999 -9999 -9999 -9999 -9999 -9999 -9999 -9999 -9999 -9999 -9999 -9999 -9999 -9999 -9999 -9999 -9999 -9999 -9999 -9999 -9999 -9999 -9999 94 89 94 81 56 38 45 62 19 3 17 14 0 10 4 10 14 21 45 15 53 57 45 87 106 111 114 115 114 112 111 111 111 112 112 109 108 111 111 111 110 109 109 110 111 113 115 117 118 117 117 118 120 122 123 124 124 125
-9999 -9999 -9999 -9999 -9999 -9999 -9999 -9999 -9999 -9999 -9999 -9999 -9999 -9999 -9999 -9999 -9999 -9999 -9999 -9999 -9999 -9999 -9999 78 88 86 80 68 60 47 27 34 -2 -16 -3 0 -8 2 11 22 38 54 61 28 13 49 23 39 88 105 110 114 115 117 115 115 116 118 117 116 115 115 115 115 116 115 114 113 114 116 118 120 119 118 119 120 121 123 125 126 125 126
-9999 -9999 -9999 -9999 -9999 -9999 -9999 -9999 -9999 -9999 -9999 -9999 -9999 -9999 -9999 -9999 -9999 -9999 -9999 -9999 -9999 -9999 78 74 70 76 75 55 31 18 14 -12 -19 -19 -8 -14 -11 -9 -6 16 44 58 61 61 13 33 42 23 72 100 104 107 113 116 116 117 117 117 118 117 115 114 114 115 116 116 116 117 119 120 122 122 121 121 121 120 121 124 126 126 127 128
-9999 -9999 -9999 -9999 -9999 -9999 -9999 -9999 -9999 -9999 -9999 -9999 -9999 -9999 -9999 -9999 -9999 -9999 -9999 -9999 -9999 76 87 81 77 67 57 51 31 11 -3 -8 -15 -14 -2 4 8 10 22 38 51 53 57 60 55 30 58 70 86 102 101 100 109 114 116 115 117 118 117 116 114 113 113 114 116 117 119 120 120 122 123 124 124 124 123 122 123 125 127 127 128 129
-9999 -9999 -9999 -9999 -9999 -9999 -9999 -9999 -9999 -9999 -9999 -9999 -9999 -9999 -9999 -9999 -9999 -9999 -9999 -9999 110 106 106 95 85 80 69 60 37 19 19 17 -10 -9 2 -3 -5 11 13 27 46 50 54 58 42 10 32 57 82 96 98 103 108 109 112 114 116 115 114 114 113 113 115 116 117 119 121 123 125 124 125 125 126 126 125 124 124 126 127 128 129 130
-9999 -9999 -9999 -9999 -9999 -9999 -9999 -9999 -9999 -9999 -9999 -9999 -9999 -9999 -9999 -9999 -9999 -9999 -9999 115 119 117 117 110 99 89 87 76 55 12 39 37 29 19 32 22 22 9 -1 7 34 50 53 56 55 50 26 36 46 78 98 105 109 111 115 113 110 109 110 111 113 116 117 119 120 122 123 125 126 126 127 129 129 129 128 127 128 128 128 130 132 133
-9999 -9999 -9999 -9999 -9999 -9999 -9999 -9999 -9999 -9999 -9999 -9999 -9999 -9999 -9999 -9999 -9999 -9999 120 124 123 123 123 116 103 89 87 80 73 61 71 67 64 49 47 49 43 15 -1 14 34 49 54 54 54 47 11 17 55 73 88 106 111 112 112 109 105 105 108 111 114 117 119 121 122 124 125 127 127 128 129 131 133 132 130 130 131 132 132 134 137 138
-9999 -9999 -9999 -9999 -9999 -9999 -9999 -9999 -9999 -9999 -9999 -9999 -9999 -9999 -9999 -9999 -9999 -9999 129 125 122 119 116 119 113 108 97 92 88 86 84 77 78 69 63 59 47 33 10 13 28 46 53 56 57 41 6 31 59 76 85 70 97 108 105 104 101 106 112 117 120 120 121 123 125 126 127 128 129 130 131 133 135 135 134 135 135 137 138 139 141 142
-9999 -9999 -9999 -9999 -9999 -9999 -9999 -9999 -9999 -9999 -9999 -9999 -9999 -9999 -9999 -9999 -9999 124 127 124 120 113 107 109 116 112 106 100 102 99 96 87 84 82 68 59 54 44 40 14 25 38 53 60 55 24 11 44 54 61 69 77 67 81 92 103 109 114 118 122 125 125 126 126 125 126 128 129 131 132 134 136 137 136 136 136 136 139 139 140 142 144
-9999 -9999 -9999 -9999 -9999 -9999 -9999 -9999 -9999 -9999 -9999 -9999 -9999 -9999 -9999 -9999 -9999 124 124 123 119 110 90 95 112 112 113 111 110 110 106 101 91 84 67 61 52 52 55 25 23 38 54 61 49 15 22 49 66 75 84 94 87 84 88 100 107 112 115 119 122 123 124 124 125 127 130 133 135 136 137 138 139 138 137 138 138 139 140 141 144 146
-9999 -9999 -9999 -9999 -9999 -9999 -9999 -9999 -9999 -9999 -9999 -9999 -9999 -9999 -9999 -9999 98 117 119 118 119 112 94 101 105 111 112 109 105 108 104 99 92 85 71 66 59 63 63 41 31 49 62 72 45 10 32 52 77 90 96 94 82 85 94 100 106 110 114 119 122 124 125 126 127 128 132 134 135 137 138 139 138 135 135 136 137 138 140 141 143 145
-9999 -9999 -9999 -9999 -9999 -9999 -9999 -9999 -9999 -9999 -9999 -9999 -9999 -9999 -9999 -9999 95 94 99 113 119 108 92 66 93 108 112 109 101 102 96 94 88 87 75 66 59 61 64 58 52 74 76 80 70 36 33 41 87 96 99 98 93 97 99 101 107 113 117 121 124 125 126 127 128 129 132 133 135 136 138 139 137 135 135 136 137 139 139 141 145 147
-9999 -9999 -9999 -9999 -9999 -9999 -9999 -9999 -9999 -9999 -9999 -9999 -9999 -9999 -9999 103 100 94 92 108 115 99 85 71 77 107 112 110 106 103 96 90 83 85 77 70 63 53 77 87 92 95 91 74 52 26 40 58 81 94 100 103 100 101 105 107 111 117 120 123 126 127 127 128 129 130 132 134 135 136 140 140 139 138 139 139 138 140 141 141 142 144
-9999 -9999 -9999 -9999 -9999 -9999 -9999 -9999 -9999 -9999 -9999 -9999 -9999 -9999 -9999 108 103 101 101 109 113 97 83 80 63 92 110 108 106 102 97 93 87 81 79 73 53 36 43 46 84 104 90 62 28 49 66 76 83 93 97 104 104 106 109 115 120 121 124 126 127 129 129 129 130 131 133 135 137 139 140 141 141 140 140 140 139 139 141 140 141 144
-9999 -9999 -9999 -9999 -9999 -9999 -9999 -9999 -9999 -9999 -9999 -9999 -9999 -9999 -9999 109 106 99 91 106 107 92 75 80 73 83 108 106 103 100 95 91 87 87 89 85 70 50 44 44 89 109 91 35 18 61 83 86 86 96 102 111 109 110 115 125 126 122 126 129 129 130 132 131 130 132 134 136 139 140 144 146 145 145 145 146 146 144 144 144 144 145
-9999 -9999 -9999 -9999 -9999 -9999 -9999 -9999 -9999 -9999 -9999 -9999 -9999 -9999 -9999 114 105 99 100 100 98 90 77 85 84 100 98 95 97 97 94 89 90 91 99 98 84 82 65 81 103 102 83 46 39 67 85 91 93 97 104 116 118 120 118 131 130 126 127 129 131 133 135 134 132 133 137 141 144 146 146 144 142 141 143 144 145 145 145 145 146 147
-9999 -9999 -9999 -9999 -9999 -9999 -9999 -9999 -9999 -9999 -9999 -9999 -9999 -9999 121 115 108 107 110 107 99 89 81 90 93 92 91 87 81 87 86 89 95 92 96 106 111 115 104 118 114 107 91 79 71 80 90 90 93 97 109 127 132 132 129 133 136 133 134 134 136 138 139 140 139 138 139 144 144 144 143 141 140 141 142 145 146 145 145 147 149 149
-9999 -9999 -9999 -9999 -9999 -9999 -9999 -9999 -9999 -9999 -9999 -9999 -9999 -9999 123 113 106 112 115 111 106 97 91 94 93 87 77 77 81 92 88 85 82 64 89 110 113 117 123 124 114 108 104 91 89 94 97 100 108 115 126 134 139 140 135 141 143 143 142 141 141 138 137 138 140 143 144 143 140 141 140 140 141 145 148 149 148 150 149 149 150 150
-9999 -9999 -9999 -9999 -9999 -9999 -9999 -9999 -9999 -9999 -9999 -9999 -9999 -9999 125 117 117 121 120 117 110 108 106 98 89 86 85 67 66 79 95 82 56 77 103 116 120 123 129 94 100 99 99 91 92 100 110 118 124 124 130 137 135 133 140 145 144 144 142 141 139 133 132 133 135 139 141 140 140 140 140 140 142 147 149 150 151 152 152 153 155 154
-9999 -9999 -9999 -9999 -9999 -9999 -9999 -9999 -9999 -9999 -9999 -9999 -9999 -9999 128 126 124 125 122 121 117 111 102 96 98 93 86 85 73 70 88 95 101 108 114 120 124 128 131 98 96 102 99 91 92 102 110 120 125 130 134 135 137 139 140 143 145 143 142 140 134 132 132 133 135 138 141 141 140 139 140 143 145 149 153 155 155 156 155 155 157 157
-9999 -9999 -9999 -9999 -9999 -9999 -9999 -9999 -9999 -9999 -9999 -9999 -9999 -9999 125 128 129 128 125 122 114 103 103 103 97 86 82 82 78 80 89 87 103 115 120 124 125 130 128 103 93 104 102 94 94 102 112 120 126 134 136 134 132 128 137 139 138 132 133 134 134 133 133 134 136 138 141 141 144 144 141 147 147 150 154 157 160 160 160 160 160 159
-9999 -9999 -9999 -9999 -9999 -9999 -9999 -9999 -9999 -9999 -9999 -9999 -9999 -9999 113 113 118 123 124 120 116 112 111 101 96 91 85 81 80 86 81 79 93 112 107 120 127 129 125 93 101 106 107 102 100 104 112 120 127 132 138 139 136 131 133 133 133 133 134 134 135 135 134 134 134 136 139 140 140 143 150 151 153 153 157 161 164 164 163 163 163 163
-9999 -9999 -9999 -9999 -9999 -9999 -9999 -9999 -9999 -9999 -9999 -9999 -9999 -9999 102 107 109 115 116 118 115 115 110 104 95 89 89 83 82 86 80 82 96 108 110 123 127 129 124 91 104 109 109 104 105 107 112 121 128 134 137 139 139 136 136 137 136 136 136 137 136 135 134 133 134 137 139 141 141 141 146 154 157 160 162 164 166 166 166 165 165 165
-9999 -9999 -9999 -9999 -9999 -9999 -9999 -9999 -9999 -9999 -9999 -9999 -9999 -9999 -9999 98 104 110 105 103 102 107 98 94 95 94 88 82 80 80 80 88 100 111 117 116 129 128 120 113 104 107 108 108 109 108 116 121 127 134 138 139 143 143 142 141 140 139 138 138 138 137 136 136 136 138 140 142 142 141 142 150 157 160 162 164 165 166 166 167 166 166
-9999 -9999 -9999 -9999 -9999 -9999 -9999 -9999 -9999 -9999 -9999 -9999 -9999 -9999 -9999 95 95 99 95 88 84 94 91 82 79 81 77 77 77 75 69 78 85 93 110 123 131 126 116 115 111 114 109 100 105 112 120 127 133 138 142 144 146 143 140 141 144 144 142 140 140 140 139 138 138 140 143 145 145 144 145 152 158 162 163 165 167 167 167 166 166 167
-9999 -9999 -9999 -9999 -9999 -9999 -9999 -9999 -9999 -9999 -9999 -9999 -9999 -9999 -9999 111 110 100 90 73 56 70 77 74 67 70 66 63 67 78 79 86 89 94 98 115 132 126 120 126 117 117 115 109 110 118 127 133 139 142 146 147 148 146 142 141 142 142 142 141 140 140 140 141 141 143 145 148 148 147 147 150 158 161 163 165 165 166 166 169 169 169
-9999 -9999 -9999 -9999 -9999 -9999 -9999 -9999 -9999 -9999 -9999 -9999 -9999 -9999 -9999 122 126 111 104 70 44 54 60 57 70 71 77 73 81 85 86 87 76 90 101 109 134 134 133 130 117 119 124 114 111 119 130 139 144 145 146 148 150 147 142 140 140 139 139 140 141 142 142 144 145 147 149 150 150 150 150 151 156 161 162 163 166 167 169 169 170 170
-9999 -9999 -9999 -9999 -9999 -9999 -9999 -9999 -9999 -9999 -9999 -9999 -9999 -9999 -9999 129 131 122 108 85 71 71 65 72 73 91 72 68 81 76 73 83 85 88 125 135 141 139 140 125 119 127 129 109 109 119 129 139 145 147 150 150 149 146 144 140 139 140 140 141 141 142 144 146 148 151 153 153 153 153 155 154 156 160 161 165 166 168 170 172 173 172
-9999 -9999 -9999 -9999 -9999 -9999 -9999 -9999 -9999 -9999 -9999 -9999 -9999 -9999 -9999 -9999 126 120 114 99 91 75 82 84 95 83 71 68 72 76 78 85 101 87 130 146 143 142 143 130 136 140 127 107 104 99 111 137 147 149 153 153 149 147 145 141 139 139 140 141 142 143 145 147 150 153 155 155 155 156 157 160 161 163 164 166 168 170 173 175 175 173
-9999 -9999 -9999 -9999 -9999 -9999 -9999 -9999 -9999 -9999 -9999 -9999 -9999 -9999 -9999 -9999 150 132 111 110 108 104 110 103 119 76 61 73 71 83 77 90 105 126 143 144 145 140 136 140 150 143 111 78 104 113 125 135 146 151 155 155 151 150 146 141 141 140 141 142 143 145 147 149 151 154 155 156 158 161 163 165 165 165 166 168 170 172 175 177 177 175
-9999 -9999 -9999 -9999 -9999 -9999 -9999 -9999 -9999 -9999 -9999 -9999 -9999 -9999 -9999 -9999 -9999 155 133 121 120 116 131 119 120 89 71 78 96 93 73 94 120 140 152 148 142 121 128 153 154 150 119 93 91 107 121 131 143 152 156 157 154 152 148 141 142 141 142 145 146 148 150 152 154 155 155 156 158 162 166 167 168 168 168 170 171 174 176 177 178 175
-9999 -9999 -9999 -9999 -9999 -9999 -9999 -9999 -9999 -9999 -9999 -9999 -9999 -9999 -9999 -9999 -9999 -9999 161 139 136 138 144 117 117 125 121 103 102 93 74 95 124 146 151 147 143 127 142 157 157 155 131 87 89 105 119 132 144 152 155 157 157 153 149 144 145 145 147 149 150 152 154 155 156 157 157 158 161 165 169 169 169 169 170 172 174 176 178 179 178 176
-9999 -9999 -9999 -9999 -9999 -9999 -9999 -9999 -9999 -9999 -9999 -9999 -9999 -9999 -9999 -9999 -9999 -9999 177 171 160 155 156 143 115 119 137 119 97 98 100 94 130 147 144 144 146 137 138 157 158 158 138 80 92 110 121 135 145 152 156 157 156 155 152 148 149 150 153 155 156 157 159 159 160 160 160 161 164 169 168 167 168 172 174 176 176 178 180 180 178 175
-9999 -9999 -9999 -9999 -9999 -9999 -9999 -9999 -9999 -9999 -9999 -9999 -9999 -9999 -9999 -9999 -9999 -9999 -9999 164 173 162 151 154 141 141 129 124 123 120 122 116 133 147 151 147 147 144 136 156 157 160 141 83 92 111 123 136 145 152 156 158 158 159 159 157 154 154 158 161 162 163 164 164 164 164 163 166 170 173 172 170 170 171 175 177 178 179 181 180 179 175
-9999 -9999 -9999 -9999 -9999 -9999 -9999 -9999 -9999 -9999 -9999 -9999 -9999 -9999 -9999 -9999 -9999 -9999 -9999 144 168 164 153 152 151 146 131 118 132 139 138 130 141 145 143 146 149 148 137 152 160 161 158 127 115 121 130 129 142 152 159 163 164 165 164 162 160 160 163 164 166 167 168 168 167 167 168 168 172 174 174 174 173 171 173 176 178 180 181 181 178 176
