data/studyarea/bio15.asc
NCOLS 462 
NROWS 586 
XLLCORNER -113 
YLLCORNER -53.1666666666667 
CELLSIZE 0.166666666666667 
NODATA_value -9999 
[rows 304 to 341 of 586, columns 252 to 335 of 462]
34 35 36 -9999 -9999 -9999 -9999 -9999 -9999 -9999 -9999 -9999 -9999 -9999 -9999 -9999 -9999 -9999 -9999 -9999 -9999 -9999 -9999 -9999 -9999 -9999 -9999 -9999 -9999 -9999 -9999 -9999 -9999 -9999 -9999 -9999 -9999 -9999 -9999 -9999 -9999 -9999 -9999 -9999 -9999 -9999 -9999 -9999 51 51 51 51 50 49 47 46 47 47 48 48 49 49 49 50 50 50 49 49 49 49 50 51 52 53 54 -9999 -9999 -9999 -9999 -9999 -9999 -9999 -9999 -9999
35 36 37 38 39 40 41 -9999 -9999 -9999 -9999 -9999 -9999 -9999 -9999 -9999 -9999 -9999 -9999 -9999 -9999 -9999 -9999 -9999 -9999 -9999 -9999 -9999 -9999 -9999 -9999 -9999 -9999 -9999 -9999 -9999 -9999 -9999 -9999 -9999 -9999 -9999 -9999 -9999 -9999 -9999 -9999 -9999 -9999 -9999 52 51 50 49 47 47 47 48 48 49 49 50 50 50 50 50 50 50 50 51 51 52 53 -9999 -9999 -9999 -9999 -9999 -9999 -9999 -9999 -9999 -9999 -9999
36 37 38 39 40 41 42 42 43 -9999 -9999 -9999 -9999 -9999 -9999 -9999 -9999 -9999 -9999 -9999 -9999 -9999 -9999 -9999 -9999 -9999 -9999 -9999 -9999 -9999 -9999 -9999 -9999 -9999 -9999 -9999 -9999 -9999 -9999 -9999 -9999 -9999 -9999 -9999 -9999 -9999 -9999 -9999 -9999 -9999 -9999 -9999 51 50 49 48 48 49 49 50 50 50 50 51 50 50 51 51 51 52 52 -9999 -9999 -9999 -9999 -9999 -9999 -9999 -9999 -9999 -9999 -9999 -9999 -9999
38 39 40 41 42 43 43 44 44 44 45 -9999 -9999 -9999 -9999 -9999 -9999 -9999 -9999 -9999 -9999 -9999 -9999 -9999 -9999 -9999 -9999 -9999 -9999 -9999 -9999 -9999 -9999 -9999 -9999 -9999 -9999 -9999 -9999 -9999 -9999 -9999 -9999 -9999 -9999 -9999 -9999 -9999 -9999 -9999 -9999 -9999 -9999 -9999 -9999 50 50 50 51 51 51 51 51 51 51 51 51 51 -9999 -9999 -9999 -9999 -9999 -9999 -9999 -9999 -9999 -9999 -9999 -9999 -9999 -9999 -9999 -9999
39 40 41 42 43 44 45 45 45 45 46 46 47 -9999 -9999 -9999 -9999 -9999 -9999 -9999 -9999 -9999 -9999 -9999 -9999 -9999 -9999 -9999 -9999 -9999 -9999 -9999 -9999 -9999 -9999 -9999 -9999 -9999 -9999 -9999 -9999 -9999 -9999 -9999 -9999 -9999 -9999 -9999 -9999 -9999 -9999 -9999 -9999 -9999 -9999 -9999 -9999 -9999 -9999 -9999 -9999 52 -9999 -9999 -9999 -9999 -9999 -9999 -9999 -9999 -9999 -9999 -9999 -9999 -9999 -9999 -9999 -9999 -9999 -9999 -9999 -9999 -9999 -9999
40 41 43 44 45 46 46 46 46 47 47 48 49 49 -9999 -9999 -9999 -9999 -9999 -9999 -9999 -9999 -9999 -9999 -9999 -9999 -9999 -9999 -9999 -9999 -9999 -9999 -9999 -9999 -9999 -9999 -9999 -9999 -9999 -9999 -9999 -9999 -9999 -9999 -9999 -9999 -9999 -9999 -9999 -9999 -9999 -9999 -9999 -9999 -9999 -9999 -9999 -9999 -9999 -9999 -9999 -9999 -9999 -9999 -9999 -9999 -9999 -9999 -9999 -9999 -9999 -9999 -9999 -9999 -9999 -9999 -9999 -9999 -9999 -9999 -9999 -9999 -9999 -9999
41 42 44 46 47 47 48 47 48 48 48 49 49 50 51 -9999 -9999 -9999 -9999 -9999 -9999 -9999 -9999 -9999 -9999 -9999 -9999 -9999 -9999 -9999 -9999 -9999 -9999 -9999 -9999 -9999 -9999 -9999 -9999 -9999 -9999 -9999 -9999 -9999 -9999 -9999 -9999 -9999 -9999 -9999 -9999 -9999 -9999 -9999 -9999 -9999 -9999 -9999 -9999 -9999 -9999 -9999 -9999 -9999 -9999 -9999 -9999 -9999 -9999 -9999 -9999 -9999 -9999 -9999 -9999 -9999 -9999 -9999 -9999 -9999 -9999 -9999 -9999 -9999
42 43 45 47 48 48 48 48 49 49 49 50 50 51 52 53 -9999 -9999 -9999 -9999 -9999 -9999 -9999 -9999 -9999 -9999 -9999 -9999 -9999 -9999 -9999 -9999 -9999 -9999 -9999 -9999 -9999 -9999 -9999 -9999 -9999 -9999 -9999 -9999 -9999 -9999 -9999 -9999 -9999 -9999 -9999 -9999 -9999 -9999 -9999 -9999 -9999 -9999 -9999 -9999 -9999 -9999 -9999 -9999 -9999 -9999 -9999 -9999 -9999 -9999 -9999 -9999 -9999 -9999 -9999 -9999 -9999 -9999 -9999 -9999 -9999 -9999 -9999 -9999
43 45 46 48 48 49 50 49 50 50 50 51 51 52 53 54 55 55 54 53 53 52 52 52 52 52 53 -9999 -9999 -9999 -9999 -9999 -9999 -9999 -9999 -9999 -9999 -9999 -9999 -9999 -9999 -9999 -9999 -9999 -9999 -9999 -9999 -9999 -9999 -9999 -9999 -9999 -9999 -9999 -9999 -9999 -9999 -9999 -9999 -9999 -9999 -9999 -9999 -9999 -9999 -9999 -9999 -9999 -9999 -9999 -9999 -9999 -9999 -9999 -9999 -9999 -9999 -9999 -9999 -9999 -9999 -9999 -9999 -9999
44 45 47 48 49 50 50 50 50 51 51 51 52 52 53 54 54 55 54 54 53 53 53 52 52 53 53 54 55 55 -9999 -9999 -9999 -9999 -9999 -9999 -9999 -9999 -9999 -9999 -9999 -9999 -9999 -9999 -9999 -9999 -9999 -9999 -9999 -9999 -9999 -9999 -9999 -9999 -9999 -9999 -9999 -9999 -9999 -9999 -9999 -9999 -9999 -9999 -9999 -9999 -9999 -9999 -9999 -9999 -9999 -9999 -9999 -9999 -9999 -9999 -9999 -9999 -9999 -9999 -9999 -9999 -9999 -9999
45 46 48 49 50 51 51 51 51 51 52 52 52 53 53 54 54 54 54 54 54 54 54 53 54 54 55 55 56 57 57 57 -9999 -9999 -9999 -9999 -9999 -9999 -9999 -9999 -9999 -9999 -9999 -9999 -9999 -9999 -9999 -9999 -9999 -9999 -9999 -9999 -9999 -9999 -9999 -9999 -9999 -9999 -9999 -9999 -9999 -9999 -9999 -9999 -9999 -9999 -9999 -9999 -9999 -9999 -9999 -9999 -9999 -9999 -9999 -9999 -9999 -9999 -9999 -9999 -9999 -9999 -9999 -9999
46 47 49 51 52 52 52 52 52 52 52 52 52 53 53 54 54 54 55 55 55 55 55 54 54 55 55 56 57 58 59 59 59 57 -9999 -9999 -9999 -9999 -9999 -9999 -9999 -9999 -9999 -9999 -9999 -9999 -9999 -9999 -9999 -9999 -9999 -9999 -9999 -9999 -9999 -9999 -9999 -9999 -9999 -9999 -9999 -9999 -9999 -9999 -9999 -9999 -9999 -9999 -9999 -9999 -9999 -9999 -9999 -9999 -9999 -9999 -9999 -9999 -9999 -9999 -9999 -9999 -9999 -9999
48 49 50 52 53 53 53 53 53 53 53 53 53 53 53 54 54 54 55 55 55 55 56 55 55 56 56 57 57 59 60 61 61 59 58 -9999 -9999 -9999 -9999 -9999 -9999 -9999 -9999 -9999 -9999 -9999 -9999 -9999 -9999 -9999 -9999 -9999 -9999 -9999 -9999 -9999 -9999 -9999 -9999 -9999 -9999 -9999 -9999 -9999 -9999 -9999 -9999 -9999 -9999 -9999 -9999 -9999 -9999 -9999 -9999 -9999 -9999 -9999 -9999 -9999 -9999 -9999 -9999 -9999
50 51 52 53 54 54 54 54 54 54 53 53 53 53 53 54 54 55 55 56 56 57 57 56 56 56 56 57 58 59 61 62 62 61 60 58 -9999 -9999 -9999 -9999 -9999 -9999 -9999 -9999 -9999 -9999 -9999 -9999 -9999 -9999 -9999 -9999 -9999 -9999 -9999 -9999 -9999 -9999 -9999 -9999 -9999 -9999 -9999 -9999 -9999 -9999 -9999 -9999 -9999 -9999 -9999 -9999 -9999 -9999 -9999 -9999 -9999 -9999 -9999 -9999 -9999 -9999 -9999 -9999
52 53 53 54 55 55 55 55 55 55 54 54 53 53 53 54 54 55 55 56 57 58 58 57 57 57 57 57 58 59 60 62 62 61 60 59 58 -9999 -9999 -9999 -9999 -9999 -9999 -9999 -9999 -9999 -9999 -9999 -9999 -9999 -9999 -9999 -9999 -9999 -9999 -9999 -9999 -9999 -9999 -9999 -9999 -9999 -9999 -9999 -9999 -9999 -9999 -9999 -9999 -9999 -9999 -9999 -9999 -9999 -9999 -9999 -9999 -9999 -9999 -9999 -9999 -9999 -9999 -9999
54 55 55 56 56 56 56 56 56 55 55 54 54 53 53 53 54 55 55 56 57 58 58 58 57 57 57 57 57 58 60 61 61 61 60 60 59 59 -9999 -9999 -9999 -9999 -9999 -9999 -9999 -9999 -9999 -9999 -9999 -9999 -9999 -9999 -9999 -9999 -9999 -9999 -9999 -9999 -9999 -9999 -9999 -9999 -9999 -9999 -9999 -9999 -9999 -9999 -9999 -9999 -9999 -9999 -9999 -9999 -9999 -9999 -9999 -9999 -9999 -9999 -9999 -9999 -9999 -9999
56 56 57 57 57 57 57 57 57 56 56 55 54 53 53 53 54 55 55 56 57 57 57 57 57 57 58 58 58 59 60 61 61 61 60 60 59 59 59 -9999 -9999 -9999 -9999 -9999 -9999 -9999 -9999 -9999 -9999 -9999 -9999 -9999 -9999 -9999 -9999 -9999 -9999 -9999 -9999 -9999 -9999 -9999 -9999 -9999 -9999 -9999 -9999 -9999 -9999 -9999 -9999 -9999 -9999 -9999 -9999 -9999 -9999 -9999 -9999 -9999 -9999 -9999 -9999 -9999
57 58 59 59 59 58 58 58 58 57 57 56 55 54 53 54 54 55 55 56 57 57 57 58 58 58 58 59 59 60 62 62 62 61 60 59 59 58 58 59 -9999 -9999 -9999 -9999 -9999 -9999 -9999 -9999 -9999 -9999 -9999 -9999 -9999 -9999 -9999 -9999 -9999 -9999 -9999 -9999 -9999 -9999 -9999 -9999 -9999 -9999 -9999 -9999 -9999 68 68 68 68 68 68 -9999 -9999 -9999 -9999 -9999 -9999 -9999 -9999 -9999
58 59 60 60 60 60 59 59 59 59 58 57 55 54 54 54 55 55 55 56 57 58 58 58 59 59 59 60 61 62 63 64 64 62 60 59 58 58 58 58 59 60 61 62 -9999 -9999 -9999 -9999 -9999 -9999 -9999 -9999 -9999 -9999 -9999 -9999 -9999 -9999 -9999 -9999 -9999 -9999 -9999 -9999 69 69 69 69 69 69 69 69 69 69 69 69 69 69 68 68 -9999 -9999 -9999 -9999
59 60 60 61 60 60 60 60 60 59 58 57 56 55 55 55 55 55 56 56 57 59 59 59 59 59 59 61 62 64 65 66 65 63 61 59 58 58 58 59 59 60 61 61 62 63 -9999 -9999 -9999 -9999 -9999 -9999 -9999 -9999 -9999 -9999 -9999 -9999 -9999 -9999 -9999 -9999 72 71 71 70 70 70 70 70 70 70 70 70 70 70 70 70 69 69 68 67 -9999 -9999
58 59 60 61 61 61 61 60 60 60 59 58 57 56 56 56 55 56 56 57 57 58 59 59 59 59 59 61 63 65 67 69 68 64 61 60 58 57 58 59 59 60 60 61 62 63 64 66 -9999 -9999 -9999 -9999 -9999 -9999 -9999 -9999 -9999 -9999 -9999 -9999 74 73 73 72 72 71 71 71 71 71 71 71 71 71 72 72 72 71 70 69 69 68 68 68
58 59 60 60 61 61 61 61 60 60 59 59 58 57 57 56 56 56 56 57 57 57 58 58 58 59 59 61 64 66 68 69 68 64 62 60 59 58 58 59 59 60 60 61 61 62 63 65 66 67 -9999 -9999 -9999 -9999 -9999 -9999 -9999 -9999 75 75 74 74 74 73 73 72 72 71 71 71 71 72 72 72 73 73 73 72 71 70 70 69 69 69
58 58 59 60 60 61 60 61 61 60 60 59 58 58 57 56 56 56 56 56 57 57 58 58 58 59 59 61 64 66 67 67 67 64 62 61 60 59 59 59 59 60 60 60 61 61 62 64 66 67 69 72 -9999 -9999 -9999 -9999 -9999 77 76 75 75 75 74 73 73 73 72 72 72 72 72 73 73 73 73 74 74 73 72 72 71 71 71 71
57 58 59 60 60 60 60 61 61 60 60 59 59 58 58 57 56 56 56 56 56 57 57 57 58 59 59 61 63 65 66 66 66 65 63 62 61 60 60 60 60 60 60 60 61 61 61 63 65 67 70 73 76 -9999 -9999 -9999 78 77 76 76 76 75 75 74 74 73 73 73 72 73 73 73 74 74 74 74 74 73 72 72 72 72 72 72
56 57 58 59 59 60 60 61 61 61 60 60 59 59 58 57 57 56 56 56 56 57 57 57 58 59 60 61 63 64 65 65 65 65 64 63 62 61 60 60 60 60 60 60 61 61 61 63 64 66 69 75 78 78 -9999 78 78 77 77 76 76 75 75 74 74 74 73 73 73 73 74 74 75 75 74 73 73 73 73 73 72 72 72 72
55 56 57 58 59 59 60 60 61 60 61 60 60 59 58 58 57 56 56 56 56 57 57 57 57 59 60 61 63 64 65 65 65 65 64 63 62 62 61 60 60 60 61 61 61 61 61 62 63 65 68 72 76 79 81 79 77 77 76 76 76 75 75 74 74 74 74 74 74 74 75 75 76 75 75 74 73 73 73 73 73 73 72 72
54 55 56 57 58 59 59 60 61 61 60 60 60 59 59 58 57 56 56 56 56 56 56 57 58 58 60 61 63 64 65 65 65 65 65 64 63 62 61 60 60 61 61 62 62 62 61 62 63 65 67 70 74 77 79 78 77 76 76 76 75 75 75 74 74 74 74 74 74 75 75 76 77 77 75 75 74 74 73 73 73 73 72 72
53 54 55 56 57 58 59 60 61 61 60 60 60 59 59 58 57 56 56 56 56 56 56 56 57 58 59 61 63 65 65 66 66 66 66 64 64 62 61 60 60 60 61 62 63 62 61 62 63 65 66 69 71 73 74 74 75 75 75 75 74 75 74 74 74 74 74 75 75 75 76 76 77 77 76 76 75 75 74 73 73 72 72 72
52 53 54 55 55 56 58 59 60 60 60 59 59 58 58 58 57 57 56 56 56 56 56 56 57 57 59 61 64 65 66 66 66 66 66 65 63 63 61 61 60 60 60 62 62 62 61 62 63 64 66 67 69 69 70 72 73 73 74 74 74 74 74 74 74 74 74 75 75 76 76 76 76 76 77 76 76 75 75 74 74 73 72 72
51 52 52 53 54 55 56 57 58 58 58 58 58 58 58 57 57 57 56 56 56 56 56 56 57 57 59 61 63 65 66 66 66 66 66 65 64 63 62 61 60 59 60 61 62 62 62 62 63 64 65 66 67 68 68 70 71 72 73 73 73 73 73 74 74 74 75 75 75 75 76 75 76 76 77 77 76 76 75 74 73 73 72 72
50 50 51 52 52 53 54 54 55 56 56 57 57 57 57 57 57 57 56 56 56 56 57 57 58 58 60 61 63 65 66 66 66 66 66 65 64 64 62 62 61 60 61 61 62 62 63 63 64 64 65 66 67 67 68 69 70 71 72 72 72 72 73 73 74 74 74 75 75 76 75 75 75 75 77 77 77 76 76 75 74 73 73 73
48 49 50 50 51 52 52 52 53 54 55 56 56 56 57 57 56 57 57 57 57 57 57 57 58 59 61 63 64 65 66 66 66 66 66 65 65 64 63 62 62 62 62 62 63 63 63 63 64 65 65 66 67 67 68 69 70 71 71 71 71 71 72 73 73 74 75 75 75 76 75 76 75 76 78 78 78 77 77 76 76 75 74 74
47 48 48 49 50 50 51 51 52 53 54 55 56 56 56 56 56 57 57 57 57 57 58 58 59 61 62 64 64 65 65 66 66 66 66 66 65 65 64 64 64 63 63 63 63 64 64 64 64 65 65 66 66 67 68 69 69 70 71 70 70 70 72 72 73 74 74 75 75 76 76 75 76 77 78 78 78 78 78 77 77 76 75 75
46 47 47 48 48 49 50 50 51 53 54 55 55 56 56 56 56 57 57 57 57 58 58 59 60 61 62 63 64 65 65 65 66 66 66 66 66 66 66 65 65 64 64 64 64 65 65 65 65 65 66 66 67 68 68 69 69 70 70 70 69 70 71 72 73 73 74 75 75 76 76 76 76 77 78 78 79 79 79 78 77 77 76 75
45 46 46 47 47 48 49 50 51 52 53 54 55 56 56 56 56 56 57 57 58 58 58 59 60 61 62 63 64 65 65 66 66 66 66 66 66 66 66 66 66 66 66 65 66 65 66 66 66 66 67 67 67 67 68 68 69 69 69 69 69 70 71 72 73 73 74 75 75 75 75 76 76 77 78 78 79 80 80 79 78 77 77 76
44 45 45 46 46 47 48 50 51 52 54 54 55 56 56 56 56 57 57 57 57 58 59 60 60 61 62 64 64 64 65 65 66 66 66 67 67 67 67 68 68 67 67 66 66 66 66 66 67 67 67 67 68 68 68 68 69 69 69 69 70 70 71 72 72 73 74 75 75 75 75 76 76 77 77 78 79 80 80 80 79 78 77 76
43 43 44 45 46 47 48 49 51 52 54 54 55 56 56 56 56 57 57 57 58 58 59 60 60 61 62 63 64 65 65 65 66 66 67 67 68 68 68 69 68 68 68 67 67 67 67 67 67 67 68 68 68 68 69 69 69 70 70 71 70 70 71 71 72 72 73 74 75 75 75 75 76 76 77 77 78 79 80 80 79 78 78 77
42 43 43 44 45 46 47 49 51 52 54 55 55 55 56 56 56 57 57 57 58 58 59 60 60 61 62 63 63 64 65 65 66 66 67 67 68 68 69 70 70 68 69 68 68 68 68 68 68 68 68 69 68 69 69 69 69 70 70 72 71 71 71 71 71 71 72 73 74 74 75 75 75 75 76 77 77 79 79 79 79 79 79 78
