data/studyarea/bio11.asc
NCOLS 462 
NROWS 586 
XLLCORNER -113 
YLLCORNER -53.1666666666667 
CELLSIZE 0.166666666666667 
NODATA_value -9999 
[rows 288 to 323 of 586, columns 164 to 245 of 462]
-9999 -9999 -9999 -9999 -9999 -9999 -9999 -9999 -9999 -9999 -9999 -9999 -9999 -9999 -9999 -9999 -9999 -9999 -9999 -9999 -9999 -9999 -9999 -9999 -9999 -9999 -9999 -9999 -9999 -9999 234 236 239 241 238 210 165 108 133 110 178 178 212 198 212 228 242 250 250 255 255 255 255 255 255 255 254 253 253 252 252 251 251 251 252 254 254 255 255 255 255 256 256 257 257 257 256 255 255 255 255 253
-9999 -9999 -9999 -9999 -9999 -9999 -9999 -9999 -9999 -9999 -9999 -9999 -9999 -9999 -9999 -9999 -9999 -9999 -9999 -9999 -9999 -9999 -9999 -9999 -9999 -9999 -9999 -9999 -9999 228 231 237 237 237 233 227 225 143 119 130 187 208 204 194 218 227 239 252 244 256 257 256 256 256 256 256 255 254 254 253 252 251 251 252 253 254 255 255 255 256 255 257 257 258 258 257 255 254 254 254 254 253
-9999 -9999 -9999 -9999 -9999 -9999 -9999 -9999 -9999 -9999 -9999 -9999 -9999 -9999 -9999 -9999 -9999 -9999 -9999 -9999 -9999 -9999 -9999 -9999 -9999 -9999 -9999 -9999 218 222 228 224 227 228 218 205 204 177 151 154 187 206 192 193 220 216 233 254 248 257 259 258 258 258 257 257 256 255 255 254 253 252 252 253 254 255 255 256 256 256 257 257 258 257 258 257 256 254 254 254 253 253
-9999 -9999 -9999 -9999 -9999 -9999 -9999 -9999 -9999 -9999 -9999 -9999 -9999 -9999 -9999 -9999 -9999 -9999 -9999 -9999 -9999 -9999 -9999 -9999 -9999 -9999 -9999 208 212 213 211 223 227 217 193 217 208 203 162 138 190 186 203 209 203 219 242 256 246 258 260 260 259 259 258 258 257 256 256 255 255 254 254 255 255 256 257 257 257 256 256 256 257 258 258 257 256 255 254 254 253 253
-9999 -9999 -9999 -9999 -9999 -9999 -9999 -9999 -9999 -9999 -9999 -9999 -9999 -9999 -9999 -9999 -9999 -9999 -9999 -9999 -9999 -9999 -9999 -9999 -9999 -9999 194 196 204 197 209 222 229 228 213 199 201 169 183 124 163 198 211 220 220 216 249 258 245 260 262 261 260 260 259 259 258 258 257 256 256 256 256 256 257 257 258 258 258 258 257 258 258 258 258 256 256 255 253 253 253 254
-9999 -9999 -9999 -9999 -9999 -9999 -9999 -9999 -9999 -9999 -9999 -9999 -9999 -9999 -9999 -9999 -9999 -9999 -9999 -9999 -9999 -9999 -9999 -9999 -9999 -9999 195 196 197 199 214 224 230 227 228 204 198 194 141 150 176 203 218 228 236 239 252 259 251 261 262 262 261 261 260 260 259 259 258 258 257 257 257 258 258 258 259 260 260 260 258 257 258 259 258 256 255 254 254 254 254 253
-9999 -9999 -9999 -9999 -9999 -9999 -9999 -9999 -9999 -9999 -9999 -9999 -9999 -9999 -9999 -9999 -9999 -9999 -9999 -9999 -9999 -9999 -9999 -9999 -9999 -9999 194 193 192 205 214 221 223 222 213 183 189 161 142 191 179 182 214 223 236 244 254 253 253 262 262 262 261 261 260 260 260 260 259 259 259 259 259 259 259 259 260 260 261 261 260 260 260 259 257 255 255 255 254 254 253 253
-9999 -9999 -9999 -9999 -9999 -9999 -9999 -9999 -9999 -9999 -9999 -9999 -9999 -9999 -9999 -9999 -9999 -9999 -9999 -9999 -9999 -9999 -9999 -9999 -9999 -9999 196 196 200 209 216 219 222 213 178 189 176 113 157 205 165 197 216 221 239 245 251 236 256 260 261 261 261 260 260 261 260 260 260 260 260 260 260 260 260 261 261 261 262 262 262 261 260 259 257 255 255 254 254 254 254 254
-9999 -9999 -9999 -9999 -9999 -9999 -9999 -9999 -9999 -9999 -9999 -9999 -9999 -9999 -9999 -9999 -9999 -9999 -9999 -9999 -9999 -9999 -9999 -9999 -9999 -9999 198 200 204 210 215 220 224 209 151 157 186 132 182 216 184 204 220 228 236 244 248 232 246 258 259 260 260 260 260 261 261 261 261 261 261 261 261 261 261 261 262 262 263 263 263 263 261 259 257 255 254 254 254 254 253 252
-9999 -9999 -9999 -9999 -9999 -9999 -9999 -9999 -9999 -9999 -9999 -9999 -9999 -9999 -9999 -9999 -9999 -9999 -9999 -9999 -9999 -9999 -9999 -9999 -9999 -9999 198 199 204 210 215 216 223 223 204 164 131 120 154 213 209 192 206 234 235 233 234 217 232 247 258 258 259 259 259 260 261 262 261 261 262 261 262 262 261 262 263 263 264 264 265 264 262 260 259 256 255 255 254 253 252 252
-9999 -9999 -9999 -9999 -9999 -9999 -9999 -9999 -9999 -9999 -9999 -9999 -9999 -9999 -9999 -9999 -9999 -9999 -9999 -9999 -9999 -9999 -9999 -9999 -9999 -9999 197 197 203 211 216 214 220 225 225 221 156 145 150 186 209 213 192 235 235 226 221 216 226 227 236 251 256 256 256 258 260 261 262 262 262 262 262 262 262 262 263 263 264 264 264 263 262 261 260 257 256 254 253 252 252 253
-9999 -9999 -9999 -9999 -9999 -9999 -9999 -9999 -9999 -9999 -9999 -9999 -9999 -9999 -9999 -9999 -9999 -9999 -9999 -9999 -9999 -9999 -9999 -9999 -9999 -9999 -9999 201 204 210 213 214 216 221 221 222 179 167 153 203 215 240 217 219 191 209 191 197 206 211 228 228 235 254 255 256 259 261 262 261 260 261 262 262 262 263 263 263 264 264 264 263 261 260 258 257 256 254 252 252 252 253
-9999 -9999 -9999 -9999 -9999 -9999 -9999 -9999 -9999 -9999 -9999 -9999 -9999 -9999 -9999 -9999 -9999 -9999 -9999 -9999 -9999 -9999 -9999 -9999 -9999 -9999 -9999 -9999 205 207 211 212 214 217 219 215 188 163 127 175 197 236 242 204 147 158 179 190 203 204 207 214 217 234 255 256 258 261 261 260 259 260 262 263 263 263 264 264 264 263 263 262 260 260 258 256 255 253 253 253 253 253
-9999 -9999 -9999 -9999 -9999 -9999 -9999 -9999 -9999 -9999 -9999 -9999 -9999 -9999 -9999 -9999 -9999 -9999 -9999 -9999 -9999 -9999 -9999 -9999 -9999 -9999 -9999 195 202 205 208 211 213 216 220 216 168 173 143 179 173 232 234 233 202 140 163 153 190 221 221 222 213 220 251 256 259 261 260 260 260 260 262 263 263 263 263 263 263 263 263 261 260 258 257 256 255 254 253 253 252 252
-9999 -9999 -9999 -9999 -9999 -9999 -9999 -9999 -9999 -9999 -9999 -9999 -9999 -9999 -9999 -9999 -9999 -9999 -9999 -9999 -9999 -9999 -9999 -9999 -9999 -9999 -9999 188 196 201 205 208 211 214 215 218 198 156 177 171 196 219 197 172 199 171 154 128 139 196 224 222 215 203 233 254 258 260 260 259 260 261 262 263 263 263 263 262 263 262 261 261 259 257 256 255 254 253 253 252 252 252
-9999 -9999 -9999 -9999 -9999 -9999 -9999 -9999 -9999 -9999 -9999 -9999 -9999 -9999 -9999 -9999 -9999 -9999 -9999 -9999 -9999 -9999 -9999 -9999 -9999 -9999 -9999 188 194 199 201 204 207 210 212 212 203 133 133 189 191 184 209 191 147 140 149 128 98 130 207 222 216 207 220 248 255 257 260 260 260 260 262 263 263 262 262 262 262 261 260 259 258 256 256 254 253 252 252 252 252 251
-9999 -9999 -9999 -9999 -9999 -9999 -9999 -9999 -9999 -9999 -9999 -9999 -9999 -9999 -9999 -9999 -9999 -9999 -9999 -9999 -9999 -9999 -9999 -9999 -9999 -9999 -9999 -9999 195 196 198 201 203 205 208 211 202 144 106 162 168 145 172 190 172 130 147 136 133 140 180 203 197 218 225 233 251 255 257 260 259 260 262 262 262 262 262 261 261 260 258 257 257 255 255 253 251 252 251 251 251 251
-9999 -9999 -9999 -9999 -9999 -9999 -9999 -9999 -9999 -9999 -9999 -9999 -9999 -9999 -9999 -9999 -9999 -9999 -9999 -9999 -9999 -9999 -9999 -9999 -9999 -9999 -9999 -9999 190 195 196 197 199 201 203 206 203 190 136 138 153 131 130 148 179 134 131 123 169 170 153 178 194 215 234 234 236 244 255 259 259 260 262 262 262 261 261 260 259 259 257 257 256 254 253 253 251 251 251 250 250 250
-9999 -9999 -9999 -9999 -9999 -9999 -9999 -9999 -9999 -9999 -9999 -9999 -9999 -9999 -9999 -9999 -9999 -9999 -9999 -9999 -9999 -9999 -9999 -9999 -9999 -9999 -9999 -9999 -9999 -9999 -9999 196 196 197 198 200 201 203 194 160 159 134 103 118 114 166 120 119 154 174 181 175 210 235 229 245 243 248 248 254 258 259 261 262 262 261 259 258 258 257 256 255 254 253 252 251 250 251 249 248 248 248
-9999 -9999 -9999 -9999 -9999 -9999 -9999 -9999 -9999 -9999 -9999 -9999 -9999 -9999 -9999 -9999 -9999 -9999 -9999 -9999 -9999 -9999 -9999 -9999 -9999 -9999 -9999 -9999 -9999 -9999 -9999 -9999 -9999 194 194 196 198 198 192 139 122 98 92 87 130 166 124 119 161 178 202 199 221 239 246 247 247 232 243 243 250 258 260 261 261 260 258 258 256 253 254 254 252 252 251 249 249 249 248 247 247 248
-9999 -9999 -9999 -9999 -9999 -9999 -9999 -9999 -9999 -9999 -9999 -9999 -9999 -9999 -9999 -9999 -9999 -9999 -9999 -9999 -9999 -9999 -9999 -9999 -9999 -9999 -9999 -9999 -9999 183 -9999 -9999 -9999 -9999 192 193 197 198 190 129 88 90 72 66 101 148 134 83 137 166 200 212 226 246 254 256 254 236 238 242 240 256 260 260 260 258 257 257 255 253 249 252 251 250 249 247 248 247 245 245 247 248
-9999 -9999 -9999 -9999 -9999 -9999 -9999 -9999 -9999 -9999 -9999 -9999 -9999 -9999 -9999 -9999 -9999 -9999 -9999 -9999 -9999 -9999 -9999 -9999 -9999 -9999 -9999 -9999 -9999 -9999 -9999 -9999 -9999 -9999 -9999 194 197 196 191 156 137 111 88 96 80 103 154 86 91 136 203 232 238 251 258 257 252 239 253 252 252 259 261 258 256 255 252 254 254 254 248 248 249 249 248 247 247 247 246 245 246 247
-9999 -9999 -9999 -9999 -9999 -9999 -9999 -9999 -9999 -9999 -9999 -9999 -9999 -9999 -9999 -9999 -9999 -9999 -9999 -9999 -9999 -9999 -9999 -9999 -9999 -9999 -9999 -9999 -9999 -9999 -9999 -9999 -9999 -9999 -9999 195 197 199 187 174 153 148 122 109 110 90 145 117 86 141 197 227 237 253 255 255 242 240 243 258 259 260 261 260 254 254 250 249 253 252 250 245 248 248 248 247 246 246 246 246 247 248
-9999 -9999 -9999 -9999 -9999 -9999 -9999 -9999 -9999 -9999 -9999 -9999 -9999 -9999 -9999 -9999 -9999 -9999 -9999 -9999 -9999 -9999 -9999 -9999 -9999 -9999 -9999 -9999 -9999 -9999 -9999 -9999 -9999 -9999 -9999 -9999 195 196 174 147 144 112 112 87 111 132 144 157 88 135 166 204 225 244 249 250 225 244 236 255 258 259 261 260 258 255 254 252 252 251 249 247 249 248 247 246 245 244 244 246 246 246
-9999 -9999 -9999 -9999 -9999 -9999 -9999 -9999 -9999 -9999 -9999 -9999 -9999 -9999 -9999 -9999 -9999 -9999 -9999 -9999 -9999 -9999 -9999 -9999 -9999 -9999 -9999 -9999 -9999 -9999 -9999 -9999 -9999 -9999 -9999 -9999 192 191 186 171 178 167 152 106 109 125 106 146 103 113 160 187 206 240 240 246 233 236 244 247 257 259 260 259 258 256 254 253 253 251 249 247 248 247 246 245 245 244 244 245 245 245
-9999 -9999 -9999 -9999 -9999 -9999 -9999 -9999 -9999 -9999 -9999 -9999 -9999 -9999 -9999 -9999 -9999 -9999 -9999 -9999 -9999 -9999 -9999 -9999 -9999 -9999 -9999 -9999 -9999 -9999 -9999 -9999 -9999 -9999 -9999 -9999 182 185 184 182 170 111 123 124 87 112 98 115 113 87 128 169 194 235 227 228 234 234 245 245 255 258 259 259 258 257 255 254 253 251 250 246 246 247 246 244 244 244 245 244 245 245
-9999 -9999 -9999 -9999 -9999 -9999 -9999 -9999 -9999 -9999 -9999 -9999 -9999 -9999 -9999 -9999 -9999 -9999 -9999 -9999 -9999 -9999 -9999 -9999 -9999 -9999 -9999 -9999 -9999 -9999 -9999 -9999 -9999 -9999 -9999 -9999 -9999 180 177 172 155 135 95 79 68 72 88 83 144 79 114 136 198 228 218 219 229 229 221 249 256 256 256 257 257 257 256 254 253 252 249 247 246 247 247 246 245 245 245 245 245 246
-9999 -9999 -9999 -9999 -9999 -9999 -9999 -9999 -9999 -9999 -9999 -9999 -9999 -9999 -9999 -9999 -9999 -9999 -9999 -9999 -9999 -9999 -9999 -9999 -9999 -9999 -9999 -9999 -9999 -9999 -9999 -9999 -9999 -9999 -9999 -9999 -9999 -9999 174 173 169 150 82 81 66 95 60 71 124 72 92 137 181 217 232 217 223 213 218 251 255 252 254 255 256 256 256 255 253 251 249 249 246 247 247 246 246 246 245 245 245 247
-9999 -9999 -9999 -9999 -9999 -9999 -9999 -9999 -9999 -9999 -9999 -9999 -9999 -9999 -9999 -9999 -9999 -9999 -9999 -9999 -9999 -9999 -9999 -9999 -9999 -9999 -9999 -9999 -9999 -9999 -9999 -9999 -9999 -9999 -9999 -9999 -9999 -9999 -9999 172 166 161 128 88 63 126 84 49 112 117 89 131 146 188 232 232 220 209 204 236 253 251 253 254 256 255 255 255 254 252 251 250 248 248 248 248 247 247 247 247 246 247
-9999 -9999 -9999 -9999 -9999 -9999 -9999 -9999 -9999 -9999 -9999 -9999 -9999 -9999 -9999 -9999 -9999 -9999 -9999 -9999 -9999 -9999 -9999 -9999 -9999 -9999 -9999 -9999 -9999 -9999 -9999 -9999 -9999 -9999 -9999 -9999 -9999 -9999 -9999 -9999 168 166 163 119 91 129 43 49 84 129 87 76 120 166 210 237 232 203 205 239 252 252 253 255 255 255 255 255 255 254 252 250 248 248 248 247 247 248 247 247 246 246
-9999 -9999 -9999 -9999 -9999 -9999 -9999 -9999 -9999 -9999 -9999 -9999 -9999 -9999 -9999 -9999 -9999 -9999 -9999 -9999 -9999 -9999 -9999 -9999 -9999 -9999 -9999 -9999 -9999 -9999 -9999 -9999 -9999 -9999 -9999 -9999 -9999 -9999 -9999 -9999 167 165 162 151 141 125 102 59 105 116 123 83 109 138 193 227 231 215 221 237 250 251 253 254 254 254 255 255 255 255 253 251 250 249 248 248 248 248 247 247 246 246
-9999 -9999 -9999 -9999 -9999 -9999 -9999 -9999 -9999 -9999 -9999 -9999 -9999 -9999 -9999 -9999 -9999 -9999 -9999 -9999 -9999 -9999 -9999 -9999 -9999 -9999 -9999 -9999 -9999 -9999 -9999 -9999 -9999 -9999 -9999 -9999 -9999 -9999 -9999 -9999 -9999 162 159 161 143 115 122 42 61 83 122 68 111 125 124 205 234 221 210 232 248 251 252 253 254 255 256 256 255 255 254 252 251 251 249 248 249 249 248 247 246 245
-9999 -9999 -9999 -9999 -9999 -9999 -9999 -9999 -9999 -9999 -9999 -9999 -9999 -9999 -9999 -9999 -9999 -9999 -9999 -9999 -9999 -9999 -9999 -9999 -9999 -9999 -9999 -9999 -9999 -9999 -9999 -9999 -9999 -9999 -9999 -9999 -9999 -9999 -9999 -9999 -9999 163 161 161 149 95 76 52 22 105 118 117 72 105 154 187 231 234 202 231 248 250 252 253 254 255 256 256 256 256 254 254 252 251 250 249 249 249 248 248 247 245
-9999 -9999 -9999 -9999 -9999 -9999 -9999 -9999 -9999 -9999 -9999 -9999 -9999 -9999 -9999 -9999 -9999 -9999 -9999 -9999 -9999 -9999 -9999 -9999 -9999 -9999 -9999 -9999 -9999 -9999 -9999 -9999 -9999 -9999 -9999 -9999 -9999 -9999 -9999 -9999 -9999 164 166 165 161 145 69 106 13 80 70 88 112 109 166 178 213 238 214 220 245 249 252 253 255 252 252 257 257 256 255 254 253 252 251 250 249 249 248 248 247 246
-9999 -9999 -9999 -9999 -9999 -9999 -9999 -9999 -9999 -9999 -9999 -9999 -9999 -9999 -9999 -9999 -9999 -9999 -9999 -9999 -9999 -9999 -9999 -9999 -9999 -9999 -9999 -9999 -9999 -9999 -9999 -9999 -9999 -9999 -9999 -9999 -9999 -9999 -9999 -9999 -9999 -9999 170 170 165 145 57 80 78 28 41 68 84 87 147 193 208 231 233 203 227 249 252 254 254 237 234 257 257 256 255 254 253 251 251 250 249 249 249 248 247 246
-9999 -9999 -9999 -9999 -9999 -9999 -9999 -9999 -9999 -9999 -9999 -9999 -9999 -9999 -9999 -9999 -9999 -9999 -9999 -9999 -9999 -9999 -9999 -9999 -9999 -9999 -9999 -9999 -9999 -9999 -9999 -9999 -9999 -9999 -9999 -9999 -9999 -9999 -9999 -9999 -9999 -9999 -9999 173 170 155 104 31 84 10 45 91 53 79 89 132 139 201 204 197 221 248 252 254 253 215 222 257 257 256 255 254 252 250 250 250 249 250 249 248 246 245
