data/studyarea/bio14.asc
NCOLS 462 
NROWS 586 
XLLCORNER -113 
YLLCORNER -53.1666666666667 
CELLSIZE 0.166666666666667 
NODATA_value -9999 
[rows 259 to 295 of 586, columns 252 to 335 of 462]
97 105 113 122 131 141 153 166 177 185 189 191 192 194 202 217 227 227 225 221 218 218 216 207 195 197 206 201 193 184 177 170 163 155 149 143 137 134 119 105 94 91 85 82 62 61 61 62 64 66 67 67 68 65 64 62 60 58 55 53 50 48 46 46 49 55 61 68 71 68 66 70 70 66 66 65 66 66 65 63 61 61 61 61
106 114 123 132 142 153 166 179 191 197 201 204 205 208 215 224 233 236 231 222 213 207 201 195 186 183 193 206 209 201 187 179 170 162 155 148 139 126 118 111 101 92 85 83 92 92 73 71 72 71 70 70 69 68 67 65 64 61 59 56 53 51 49 48 53 59 67 75 72 68 66 66 71 67 65 66 66 69 70 68 67 66 66 65
114 123 133 144 155 167 180 193 203 210 215 217 219 221 226 232 237 232 225 215 205 196 187 177 162 156 186 204 210 205 194 186 176 169 161 148 140 132 124 117 110 102 95 89 85 101 97 80 77 75 74 74 74 73 72 70 68 66 63 60 57 55 54 55 59 65 73 76 71 67 66 67 71 73 68 69 69 72 73 72 71 71 71 70
123 134 144 155 167 180 193 207 215 223 228 228 228 229 231 234 235 230 222 211 199 188 179 170 164 173 204 209 198 206 195 184 184 175 162 153 146 138 131 124 117 110 104 98 93 89 90 84 82 80 80 80 79 79 77 75 73 70 67 64 62 60 60 62 66 72 79 77 72 67 65 67 71 74 71 71 72 74 76 76 75 75 75 75
132 143 154 167 180 193 206 218 225 226 228 228 228 230 232 234 234 229 222 210 196 182 174 171 176 194 187 183 182 180 182 182 187 183 169 160 152 145 138 131 124 118 111 105 100 95 92 89 88 87 87 86 86 86 84 82 79 76 73 69 67 66 66 69 73 79 83 78 74 70 68 69 70 72 74 74 75 76 78 80 80 81 81 81
141 152 165 178 192 206 218 223 224 225 226 226 226 229 233 235 233 232 225 211 194 177 171 172 179 175 161 164 169 177 176 181 188 185 176 166 159 152 145 138 132 126 119 112 106 101 98 95 94 94 94 94 94 94 92 89 86 82 78 75 71 68 70 75 80 86 84 79 76 73 72 72 73 74 76 78 79 80 81 83 84 86 86 87
149 162 174 188 202 213 214 218 220 223 225 226 227 230 233 231 232 231 223 209 191 174 169 174 179 166 157 159 163 167 170 172 174 175 175 171 165 159 152 145 139 134 127 118 111 106 103 101 101 101 102 103 104 103 101 98 93 89 85 79 73 68 71 78 86 90 85 81 78 75 75 75 76 77 78 80 82 84 86 87 89 91 92 93
159 171 184 196 209 208 209 217 219 223 225 227 229 231 229 226 225 229 223 209 193 180 174 175 176 169 162 161 163 166 169 171 173 174 175 174 171 165 159 152 145 139 132 123 116 110 108 107 108 109 110 112 113 114 112 106 101 96 91 86 79 75 78 85 92 88 85 81 79 77 77 78 79 81 82 83 85 89 91 92 93 95 95 97
168 181 193 205 215 213 213 216 221 224 227 230 231 230 227 223 220 221 219 209 196 186 179 176 175 174 168 166 166 167 169 171 172 170 168 168 170 172 165 158 150 142 134 126 118 113 112 113 115 117 119 121 122 123 120 114 107 101 98 94 89 87 89 94 91 87 85 82 80 79 79 79 81 83 84 87 88 90 94 96 97 97 99 100
177 190 204 214 215 215 213 219 225 227 230 231 231 229 227 223 220 218 214 208 199 190 183 179 177 176 173 170 169 170 171 169 166 163 161 159 162 167 171 163 154 146 137 128 120 115 115 118 118 116 117 122 130 129 124 115 111 108 105 104 101 100 95 91 88 86 84 83 82 81 81 81 84 85 86 88 91 93 97 97 101 101 102 104
186 201 214 215 211 209 210 213 218 225 227 230 231 230 227 224 221 217 213 208 201 194 187 182 179 177 175 173 171 170 168 165 162 159 155 152 156 160 164 166 159 150 141 131 122 116 117 114 109 108 111 116 124 131 126 117 116 115 114 109 101 94 90 87 85 84 84 84 84 84 83 84 86 87 87 91 93 93 96 99 100 102 105 106
196 211 212 205 198 191 189 197 206 215 220 225 228 230 229 226 223 219 214 209 203 197 191 185 181 178 175 173 170 168 165 163 160 157 154 152 154 156 159 160 159 156 147 137 127 118 113 106 99 98 102 109 116 123 128 127 125 123 114 106 96 89 84 82 83 85 86 85 86 86 86 86 88 88 89 92 93 93 94 97 99 100 102 104
205 212 205 197 189 182 179 188 198 207 213 218 222 226 228 228 225 221 216 211 205 200 194 188 183 180 176 173 170 167 164 161 158 156 154 153 153 155 156 155 153 149 143 135 125 115 105 97 88 86 93 101 109 116 122 125 126 122 113 104 93 84 78 79 82 86 87 87 88 89 88 88 89 90 90 91 92 92 94 95 95 95 97 99
213 206 199 192 186 181 181 187 195 202 208 212 216 220 224 227 228 224 219 213 208 203 197 191 186 181 177 173 170 166 163 160 158 156 154 154 154 154 154 153 150 146 139 131 122 112 101 91 75 76 87 96 104 111 117 122 124 122 113 104 93 83 77 80 84 89 91 92 92 91 91 91 90 91 90 89 90 91 93 92 90 91 92 94
208 201 194 189 184 182 183 188 195 200 204 206 210 214 219 224 227 227 222 216 211 206 200 194 188 183 178 174 170 166 163 160 158 156 155 155 155 155 155 153 149 144 138 130 122 112 103 93 80 80 88 96 102 108 114 120 124 122 116 106 97 89 84 85 89 93 96 97 96 96 94 92 90 89 88 89 88 88 88 87 86 85 85 87
202 196 191 187 183 182 184 188 193 191 196 199 203 209 215 221 226 230 225 220 214 209 202 196 190 184 179 175 170 166 163 160 158 157 157 157 158 158 157 154 150 145 139 132 124 116 108 101 94 93 96 101 104 107 113 120 116 113 112 110 103 97 94 93 98 102 105 104 100 96 92 90 88 87 86 87 87 85 84 82 81 79 79 80
197 191 187 183 181 181 183 187 187 183 188 189 194 203 212 220 226 231 229 223 217 211 203 197 191 185 180 175 171 167 163 160 158 158 158 160 162 162 160 157 153 148 142 135 128 122 117 113 108 107 109 111 111 109 113 117 111 107 105 105 106 107 106 108 113 116 114 106 99 94 90 87 85 86 86 86 85 83 80 77 75 74 72 73
192 187 183 181 179 179 180 183 184 179 174 174 186 200 211 219 226 231 230 225 219 211 203 196 190 185 180 175 170 167 164 161 159 158 161 165 167 168 166 162 157 151 145 139 134 129 126 125 122 123 125 125 122 116 114 121 110 103 99 99 102 105 109 114 118 120 116 106 96 89 86 85 84 84 84 84 83 81 77 72 67 62 59 58
187 183 180 178 178 177 178 178 178 173 164 163 183 201 211 219 225 230 229 224 217 209 201 194 188 184 180 174 169 166 164 163 162 160 165 173 176 176 173 168 162 155 149 144 139 136 134 135 136 138 142 144 140 124 112 123 114 100 94 94 98 102 107 113 119 122 121 107 93 84 84 84 84 84 84 84 82 80 75 68 60 53 46 41
181 178 176 175 175 175 175 175 175 173 170 174 189 204 214 221 225 229 226 219 213 205 198 191 185 180 176 171 167 165 165 167 168 171 178 187 189 186 181 173 166 159 153 148 144 141 141 142 146 152 158 162 152 131 123 128 121 97 89 91 95 100 106 112 119 124 123 112 93 82 82 82 83 84 84 83 82 79 73 64 56 48 40 34
175 173 172 172 172 172 173 175 176 177 180 187 199 210 218 223 225 226 221 214 207 200 193 187 181 176 170 165 163 163 166 171 178 188 200 208 206 198 188 179 170 163 156 151 147 145 145 146 150 155 159 158 150 141 136 138 126 104 92 91 94 98 103 111 118 124 122 114 99 86 82 82 83 83 84 83 82 81 72 61 52 45 39 36
170 169 169 169 170 171 173 175 178 183 190 200 210 219 224 226 225 222 214 206 199 193 187 182 176 171 166 161 159 161 166 175 187 202 222 232 221 206 193 182 172 164 158 153 149 147 147 148 150 153 154 152 147 141 137 135 122 107 96 92 92 95 100 107 114 119 118 111 101 89 84 83 83 82 82 83 83 79 69 58 50 44 40 39
167 166 166 166 167 169 171 175 181 188 199 211 223 231 232 229 223 214 205 198 192 186 181 176 172 167 163 158 155 156 164 176 190 207 226 235 221 204 191 179 170 163 157 152 149 147 147 147 148 149 149 147 143 139 135 129 117 106 97 91 90 91 95 101 108 115 115 109 101 93 88 86 84 83 82 80 78 73 63 54 48 44 43 44
166 164 164 164 165 167 169 173 179 186 200 217 232 240 237 227 216 204 195 188 183 178 175 172 168 164 161 157 152 150 157 169 181 195 206 210 203 191 179 169 161 155 150 147 145 144 144 145 146 146 145 143 140 136 131 122 112 102 94 88 85 85 88 93 100 98 103 105 100 96 91 88 85 82 80 78 75 69 61 53 50 49 50 53
163 162 162 162 163 164 166 168 169 177 193 214 236 245 235 220 205 193 183 178 174 171 169 167 165 163 161 159 153 151 155 162 171 179 185 186 181 173 165 157 150 145 142 139 138 138 139 140 142 142 140 137 133 129 124 116 107 98 90 85 81 79 80 84 90 86 93 97 98 97 92 89 84 79 77 76 74 70 64 59 57 57 59 63
162 161 161 161 161 161 162 159 155 165 182 203 227 239 224 208 193 179 169 166 165 165 164 164 163 162 161 159 154 152 153 156 160 164 165 164 160 154 148 143 138 135 132 131 130 131 132 133 133 132 130 128 124 120 116 110 102 94 86 80 76 73 72 73 75 77 80 85 90 93 91 87 81 75 73 75 75 73 70 67 65 65 67 67
160 160 160 160 160 159 158 155 150 157 169 185 201 208 203 191 179 167 157 157 158 159 160 161 161 161 161 158 154 151 150 150 150 150 148 145 141 136 132 129 126 124 122 121 121 121 122 123 123 123 122 119 115 112 109 105 98 90 82 76 72 68 65 64 63 60 65 74 82 87 88 84 75 67 68 75 77 78 78 77 74 72 72 70
159 159 159 159 158 157 155 153 148 148 155 166 174 179 180 175 168 159 153 153 154 155 157 158 160 161 161 157 153 150 147 144 141 137 133 129 124 119 117 116 114 112 110 110 110 111 112 114 115 115 114 111 107 104 102 100 96 88 79 74 70 65 61 59 58 57 61 70 78 83 84 79 71 61 65 74 79 82 85 87 83 78 75 74
158 159 159 159 158 156 153 148 143 139 141 146 148 151 160 162 159 154 151 151 152 153 155 157 158 156 154 151 149 148 143 138 133 127 121 115 111 107 105 105 104 101 99 99 99 101 103 106 107 108 107 103 100 97 95 94 94 90 82 76 71 66 61 60 59 60 64 70 78 83 84 80 74 69 70 76 81 85 88 91 86 79 75 75
158 158 159 160 159 153 149 145 136 128 129 -9999 135 140 148 154 153 151 149 149 150 151 151 150 149 147 146 144 142 141 139 132 126 118 111 106 103 100 99 98 95 92 89 88 90 93 96 98 100 101 99 96 92 90 89 90 91 92 90 82 75 70 65 63 63 64 68 73 80 85 86 84 80 77 77 81 84 86 87 86 81 76 73 74
158 158 -9999 -9999 -9999 -9999 -9999 -9999 -9999 -9999 -9999 -9999 -9999 136 143 145 145 144 143 143 142 142 141 141 140 139 138 136 135 134 132 127 120 113 106 101 98 96 94 93 88 84 81 79 82 86 89 92 94 95 93 91 86 83 85 87 89 91 92 89 80 74 70 68 68 69 73 77 83 88 89 89 86 84 83 85 87 87 85 81 76 71 69 71
158 159 -9999 -9999 -9999 -9999 -9999 -9999 -9999 -9999 -9999 -9999 -9999 -9999 134 134 133 133 132 132 132 132 132 132 132 131 130 129 128 127 125 121 115 109 104 99 96 94 91 88 84 80 75 73 77 80 81 82 87 90 90 88 85 82 84 87 89 91 92 92 84 78 74 72 72 74 77 81 86 91 92 92 90 88 88 88 87 86 85 80 73 69 69 72
159 158 -9999 -9999 -9999 -9999 -9999 -9999 -9999 -9999 -9999 -9999 -9999 -9999 -9999 124 123 122 121 121 122 123 123 123 124 123 123 122 121 120 118 116 111 106 102 98 95 92 90 86 82 78 75 74 76 77 76 76 81 88 88 87 86 85 86 88 90 91 91 92 85 80 77 76 76 78 81 85 89 92 95 95 93 92 91 89 87 85 83 80 77 74 74 76
149 -9999 -9999 -9999 -9999 -9999 -9999 -9999 -9999 -9999 -9999 -9999 -9999 -9999 -9999 -9999 -9999 114 112 113 113 114 115 115 116 116 116 115 114 113 112 110 108 104 100 96 94 91 88 84 81 78 76 75 76 76 76 77 81 87 88 88 89 89 89 90 91 91 91 88 83 80 78 78 79 81 84 87 91 93 94 95 91 88 86 86 86 84 82 79 77 77 78 79
140 -9999 -9999 -9999 -9999 -9999 -9999 -9999 -9999 -9999 -9999 -9999 -9999 -9999 -9999 -9999 -9999 -9999 -9999 105 106 107 107 108 109 110 109 109 108 107 106 104 103 101 98 96 93 89 86 83 80 78 77 76 77 78 78 79 83 86 88 89 91 93 92 91 91 89 85 82 80 79 79 79 81 83 86 89 92 93 93 91 86 83 80 79 80 82 81 78 76 74 74 73
133 -9999 -9999 -9999 -9999 -9999 -9999 -9999 -9999 -9999 -9999 -9999 -9999 -9999 -9999 -9999 -9999 -9999 -9999 -9999 -9999 99 100 101 102 103 103 102 101 101 100 99 98 97 95 93 90 -9999 -9999 -9999 80 78 77 77 78 80 80 82 84 86 87 89 92 95 93 91 89 82 77 77 77 78 79 80 81 84 86 89 91 92 90 85 81 77 74 72 72 74 77 76 73 71 70 69
-9999 -9999 -9999 -9999 -9999 -9999 -9999 -9999 -9999 -9999 -9999 -9999 -9999 -9999 -9999 -9999 -9999 -9999 -9999 -9999 -9999 -9999 -9999 -9999 -9999 98 97 95 95 94 94 94 94 -9999 -9999 -9999 -9999 -9999 -9999 -9999 80 79 78 78 79 80 81 82 83 84 85 86 88 89 89 88 85 77 72 73 75 76 78 79 80 82 85 87 88 86 82 78 74 70 67 64 64 67 70 72 69 66 65 65
