data/studyarea/bio2.asc
NCOLS 462 
NROWS 586 
XLLCORNER -113 
YLLCORNER -53.1666666666667 
CELLSIZE 0.166666666666667 
NODATA_value -9999 
[rows 74 to 110 of 586, columns 83 to 165 of 462]
139 138 139 138 134 134 137 139 141 140 136 131 127 127 127 127 128 129 130 130 129 128 127 127 127 127 127 130 132 134 134 133 132 132 133 133 134 133 133 133 132 132 129 127 126 126 127 129 130 130 129 128 127 130 133 136 136 135 134 134 135 137 139 139 138 139 140 138 136 136 136 135 131 130 130 130 129 129 129 129 129 129 130
142 139 137 137 137 136 138 139 138 136 134 130 126 126 127 128 130 130 131 130 128 127 126 124 126 127 128 130 133 135 136 137 135 135 135 134 133 132 132 133 133 133 130 128 126 126 128 130 131 132 131 130 129 131 135 137 135 134 133 133 135 137 140 141 141 141 140 139 138 139 138 136 135 133 133 132 132 132 131 130 129 128 128
143 142 137 136 136 137 138 137 136 134 131 127 124 124 127 130 132 131 130 130 129 127 126 125 125 128 128 131 134 136 137 138 138 137 135 133 131 131 130 130 131 131 129 127 126 125 126 128 130 131 132 131 132 134 136 135 134 133 133 133 135 138 140 142 142 142 142 141 141 140 139 138 136 136 136 137 138 137 134 131 129 128 127
145 142 139 135 134 135 137 136 132 130 129 125 123 125 127 131 133 132 131 130 131 128 127 128 128 129 129 131 133 135 136 138 139 138 136 133 131 130 128 127 127 128 127 127 126 125 123 124 128 131 133 133 134 135 137 135 133 132 132 133 135 138 141 142 141 142 141 141 142 141 138 137 137 138 139 141 142 141 136 131 129 128 128
146 143 140 136 135 136 134 133 131 128 127 125 125 127 129 130 131 131 131 131 131 130 129 129 130 130 130 131 133 134 136 137 138 137 135 132 130 128 126 123 124 125 126 125 125 124 124 126 130 133 133 134 134 134 135 134 132 131 132 133 136 139 141 141 140 140 140 139 139 137 135 136 137 139 140 142 142 140 136 131 127 126 127
145 143 141 139 136 137 134 129 125 124 126 126 126 128 129 129 130 131 131 131 131 131 131 131 132 132 130 131 133 134 136 136 137 136 133 131 129 127 124 122 123 124 124 124 124 125 125 127 130 133 134 133 132 132 133 133 132 130 130 132 135 139 140 140 138 136 136 135 135 133 133 134 137 137 139 140 140 137 134 129 126 125 127
145 143 140 140 139 137 134 125 120 124 126 126 126 127 128 128 128 129 129 130 130 130 131 133 134 133 132 132 133 134 135 135 135 134 132 130 128 126 125 124 123 123 124 123 124 123 123 126 129 133 134 133 132 132 131 130 130 128 128 130 132 136 139 137 134 131 130 130 129 129 130 132 134 134 134 135 135 134 132 129 127 127 129
145 143 142 141 139 135 131 125 122 124 127 127 126 126 126 125 125 126 127 128 128 129 131 134 134 134 133 132 132 133 134 134 133 132 130 128 127 127 126 124 123 123 123 123 123 123 123 125 128 131 133 134 133 133 131 129 128 126 125 126 127 130 133 131 128 125 123 123 123 124 125 126 127 127 127 127 128 129 129 129 129 129 131
146 145 145 143 140 134 129 126 124 125 127 127 126 124 123 123 122 124 125 126 125 125 128 132 134 134 133 132 132 131 132 132 132 131 128 126 125 125 125 123 122 121 122 122 122 122 122 123 125 128 131 134 134 132 130 128 126 124 122 121 121 121 122 122 120 117 115 116 118 119 118 118 119 118 118 119 121 123 126 127 128 130 132
145 143 142 140 139 135 129 125 124 125 128 127 124 123 122 122 121 122 124 124 124 125 127 129 132 132 132 132 133 132 131 130 129 128 126 124 122 121 120 120 120 120 120 120 120 120 120 120 121 125 128 131 131 129 127 126 125 121 118 115 113 111 111 113 112 110 108 110 112 112 109 109 110 109 109 110 113 117 121 124 127 130 133
141 138 137 137 135 133 130 126 122 124 126 126 124 123 123 122 123 123 124 123 123 124 125 127 128 128 128 129 129 129 129 127 125 123 121 119 117 117 117 117 117 117 118 118 117 117 118 119 120 122 124 125 125 124 123 122 120 117 113 109 105 101 103 104 106 105 102 103 102 102 100 100 100 102 101 103 107 110 115 119 123 128 133
139 137 136 135 134 131 127 124 122 123 125 126 125 124 125 124 124 125 124 122 121 121 122 122 122 123 123 123 124 124 123 121 118 115 113 112 112 112 113 113 113 113 113 113 114 115 115 116 118 120 120 120 120 120 119 117 115 112 108 106 99 96 96 97 98 97 91 91 95 96 96 95 96 -9999 -9999 -9999 -9999 -9999 111 114 116 120 125
137 136 135 134 133 129 127 126 124 124 126 128 127 126 125 126 126 126 124 121 119 117 116 116 116 116 117 117 117 116 115 113 110 107 105 105 105 107 108 109 109 109 109 110 111 112 113 114 117 117 117 115 114 110 107 109 109 106 102 98 -9999 91 -9999 -9999 -9999 -9999 -9999 -9999 -9999 -9999 -9999 -9999 -9999 -9999 -9999 -9999 -9999 -9999 -9999 -9999 110 109 115
135 135 135 133 130 127 126 128 128 127 127 127 127 126 126 128 128 126 124 120 116 111 108 108 108 109 110 110 109 108 106 105 102 99 96 97 100 101 103 104 105 106 107 107 108 109 109 111 113 115 115 113 111 107 105 106 104 100 97 94 -9999 88 88 -9999 -9999 -9999 -9999 -9999 -9999 -9999 -9999 -9999 -9999 -9999 -9999 -9999 -9999 -9999 -9999 -9999 -9999 105 109
133 133 132 130 126 125 127 129 130 130 128 126 124 124 126 129 129 127 123 119 114 106 99 101 102 102 104 102 101 100 99 97 97 95 92 94 96 97 99 100 101 102 104 105 105 105 106 108 110 112 112 111 109 105 101 100 99 96 94 91 -9999 86 -9999 -9999 -9999 -9999 -9999 -9999 -9999 -9999 -9999 -9999 -9999 -9999 -9999 -9999 -9999 -9999 -9999 -9999 -9999 -9999 102
131 131 129 125 122 122 125 129 131 131 129 126 122 123 124 127 127 125 123 119 114 107 100 100 98 94 92 93 93 94 95 -9999 -9999 -9999 -9999 -9999 -9999 95 96 97 98 99 100 100 101 103 103 105 106 107 108 107 104 101 98 95 93 92 91 -9999 83 84 -9999 -9999 -9999 -9999 -9999 -9999 -9999 -9999 -9999 -9999 -9999 -9999 -9999 -9999 -9999 -9999 -9999 -9999 -9999 -9999 -9999
130 131 128 123 121 123 127 129 130 131 129 126 123 121 122 124 124 123 121 117 114 110 104 101 94 86 80 85 -9999 -9999 -9999 -9999 -9999 -9999 -9999 -9999 -9999 -9999 -9999 -9999 -9999 -9999 -9999 99 99 -9999 102 102 102 103 103 102 100 97 94 93 89 86 82 81 -9999 -9999 -9999 -9999 -9999 -9999 -9999 -9999 -9999 -9999 -9999 -9999 -9999 -9999 -9999 -9999 -9999 -9999 -9999 -9999 -9999 -9999 -9999
132 133 131 127 125 128 130 130 130 130 129 127 123 120 119 120 120 120 118 115 112 109 105 99 90 80 74 -9999 -9999 -9999 -9999 -9999 -9999 -9999 -9999 -9999 -9999 -9999 -9999 -9999 -9999 -9999 -9999 -9999 -9999 -9999 98 98 98 98 98 98 96 93 91 89 87 83 80 79 77 76 -9999 -9999 -9999 -9999 -9999 -9999 -9999 -9999 -9999 -9999 -9999 -9999 -9999 -9999 -9999 -9999 -9999 -9999 -9999 -9999 -9999
136 137 135 132 131 132 133 131 131 130 129 126 122 118 116 115 115 115 113 111 108 106 102 96 89 -9999 -9999 -9999 -9999 -9999 -9999 -9999 -9999 -9999 -9999 -9999 -9999 -9999 -9999 -9999 -9999 -9999 -9999 -9999 -9999 -9999 -9999 -9999 -9999 95 95 94 91 90 90 -9999 -9999 -9999 78 77 76 -9999 -9999 -9999 -9999 -9999 -9999 -9999 -9999 -9999 -9999 -9999 -9999 -9999 -9999 -9999 -9999 -9999 -9999 -9999 -9999 -9999 -9999
139 139 138 136 134 134 133 132 130 129 127 124 119 114 111 108 108 107 106 104 102 100 98 95 -9999 -9999 -9999 -9999 -9999 -9999 -9999 -9999 -9999 -9999 -9999 -9999 -9999 -9999 -9999 -9999 -9999 -9999 -9999 -9999 -9999 -9999 -9999 -9999 -9999 -9999 -9999 -9999 -9999 -9999 -9999 -9999 -9999 -9999 77 -9999 -9999 -9999 -9999 -9999 -9999 -9999 -9999 -9999 -9999 -9999 -9999 -9999 -9999 -9999 -9999 -9999 -9999 -9999 -9999 -9999 -9999 -9999 -9999
140 141 140 138 136 134 132 130 129 128 126 121 116 110 105 102 99 98 97 97 97 96 -9999 -9999 -9999 -9999 -9999 -9999 -9999 -9999 -9999 -9999 -9999 -9999 -9999 -9999 -9999 -9999 -9999 -9999 -9999 -9999 -9999 -9999 -9999 -9999 -9999 -9999 -9999 -9999 -9999 -9999 -9999 -9999 -9999 -9999 -9999 -9999 -9999 -9999 -9999 -9999 -9999 -9999 -9999 -9999 -9999 -9999 -9999 -9999 -9999 -9999 -9999 -9999 -9999 -9999 -9999 -9999 -9999 -9999 -9999 -9999 -9999
140 143 142 139 137 134 132 129 126 124 123 118 112 105 99 94 93 91 92 92 93 -9999 -9999 -9999 -9999 -9999 -9999 -9999 -9999 -9999 -9999 -9999 -9999 -9999 -9999 -9999 -9999 -9999 -9999 -9999 -9999 -9999 -9999 -9999 -9999 -9999 -9999 -9999 -9999 -9999 -9999 -9999 -9999 -9999 -9999 -9999 -9999 -9999 -9999 -9999 -9999 -9999 -9999 -9999 -9999 -9999 -9999 -9999 -9999 -9999 -9999 -9999 -9999 -9999 -9999 -9999 -9999 -9999 -9999 -9999 -9999 -9999 -9999
140 144 142 139 136 134 130 126 123 120 119 114 107 100 94 89 85 85 -9999 -9999 -9999 -9999 -9999 -9999 -9999 -9999 -9999 -9999 -9999 -9999 -9999 -9999 -9999 -9999 -9999 -9999 -9999 -9999 -9999 -9999 -9999 -9999 -9999 -9999 -9999 -9999 -9999 -9999 -9999 -9999 -9999 -9999 -9999 -9999 -9999 -9999 -9999 -9999 -9999 -9999 -9999 -9999 -9999 -9999 -9999 -9999 -9999 -9999 -9999 -9999 -9999 -9999 -9999 -9999 -9999 -9999 -9999 -9999 -9999 -9999 -9999 -9999 -9999
141 142 141 139 136 133 129 125 121 117 114 109 101 94 89 85 82 -9999 -9999 -9999 -9999 -9999 -9999 -9999 -9999 -9999 -9999 -9999 -9999 -9999 -9999 -9999 -9999 -9999 -9999 -9999 -9999 -9999 -9999 -9999 -9999 -9999 -9999 -9999 -9999 -9999 -9999 -9999 -9999 -9999 -9999 -9999 -9999 -9999 -9999 -9999 -9999 -9999 -9999 -9999 -9999 -9999 -9999 -9999 -9999 -9999 -9999 -9999 -9999 -9999 -9999 -9999 -9999 -9999 -9999 -9999 -9999 -9999 -9999 -9999 -9999 -9999 -9999
142 142 140 138 135 132 128 124 119 115 109 101 91 87 86 -9999 -9999 -9999 -9999 -9999 -9999 -9999 -9999 -9999 -9999 -9999 -9999 -9999 -9999 -9999 -9999 -9999 -9999 -9999 -9999 -9999 -9999 -9999 -9999 -9999 -9999 -9999 -9999 -9999 -9999 -9999 -9999 -9999 -9999 -9999 -9999 -9999 -9999 -9999 -9999 -9999 -9999 -9999 -9999 -9999 -9999 -9999 -9999 -9999 -9999 -9999 -9999 -9999 -9999 -9999 -9999 -9999 -9999 -9999 -9999 -9999 -9999 -9999 -9999 -9999 -9999 -9999 -9999
141 141 139 136 134 131 127 123 118 112 104 94 88 84 -9999 -9999 -9999 -9999 -9999 -9999 -9999 -9999 -9999 -9999 -9999 -9999 -9999 -9999 -9999 -9999 -9999 -9999 -9999 -9999 -9999 -9999 -9999 -9999 -9999 -9999 -9999 -9999 -9999 -9999 -9999 -9999 -9999 -9999 -9999 -9999 -9999 -9999 -9999 -9999 -9999 -9999 -9999 -9999 -9999 -9999 -9999 -9999 -9999 -9999 -9999 -9999 -9999 -9999 -9999 -9999 -9999 -9999 -9999 -9999 -9999 -9999 -9999 -9999 -9999 -9999 -9999 -9999 -9999
139 139 138 136 134 131 127 121 115 108 98 86 83 -9999 -9999 -9999 -9999 -9999 -9999 -9999 -9999 -9999 -9999 -9999 -9999 -9999 -9999 -9999 -9999 -9999 -9999 -9999 -9999 -9999 -9999 -9999 -9999 -9999 -9999 -9999 -9999 -9999 -9999 -9999 -9999 -9999 -9999 -9999 -9999 -9999 -9999 -9999 -9999 -9999 -9999 -9999 -9999 -9999 -9999 -9999 -9999 -9999 -9999 -9999 -9999 -9999 -9999 -9999 -9999 -9999 -9999 -9999 -9999 -9999 -9999 -9999 -9999 -9999 -9999 -9999 -9999 -9999 -9999
137 137 136 136 134 130 125 118 111 104 95 86 -9999 -9999 -9999 -9999 -9999 -9999 -9999 -9999 -9999 -9999 -9999 -9999 -9999 -9999 -9999 -9999 -9999 -9999 -9999 -9999 -9999 -9999 -9999 -9999 -9999 -9999 -9999 -9999 -9999 -9999 -9999 -9999 -9999 -9999 -9999 -9999 -9999 -9999 -9999 -9999 -9999 -9999 -9999 -9999 -9999 -9999 -9999 -9999 -9999 -9999 -9999 -9999 -9999 -9999 -9999 -9999 -9999 -9999 -9999 -9999 -9999 -9999 -9999 -9999 -9999 -9999 -9999 -9999 -9999 -9999 -9999
135 135 135 135 133 129 124 117 109 102 94 87 -9999 -9999 -9999 -9999 -9999 -9999 -9999 -9999 -9999 -9999 -9999 -9999 -9999 -9999 -9999 -9999 -9999 -9999 -9999 -9999 -9999 -9999 -9999 -9999 -9999 -9999 -9999 -9999 -9999 -9999 -9999 -9999 -9999 -9999 -9999 -9999 -9999 -9999 -9999 -9999 -9999 -9999 -9999 -9999 -9999 -9999 -9999 -9999 -9999 -9999 -9999 -9999 -9999 -9999 -9999 -9999 -9999 -9999 -9999 -9999 -9999 -9999 -9999 -9999 -9999 -9999 -9999 -9999 -9999 -9999 -9999
134 134 134 134 131 128 124 116 108 100 93 -9999 -9999 -9999 -9999 -9999 -9999 -9999 -9999 -9999 -9999 -9999 -9999 -9999 -9999 -9999 -9999 -9999 -9999 -9999 -9999 -9999 -9999 -9999 -9999 -9999 -9999 -9999 -9999 -9999 -9999 -9999 -9999 -9999 -9999 -9999 -9999 -9999 -9999 -9999 -9999 -9999 -9999 -9999 -9999 -9999 -9999 -9999 -9999 -9999 -9999 -9999 -9999 -9999 -9999 -9999 -9999 -9999 -9999 -9999 -9999 -9999 -9999 -9999 -9999 -9999 -9999 -9999 -9999 -9999 -9999 -9999 -9999
134 133 133 132 130 127 122 115 107 99 93 -9999 -9999 -9999 -9999 -9999 -9999 -9999 -9999 -9999 -9999 -9999 -9999 -9999 -9999 -9999 -9999 -9999 -9999 -9999 -9999 -9999 -9999 -9999 -9999 -9999 -9999 -9999 -9999 -9999 -9999 -9999 -9999 -9999 -9999 -9999 -9999 -9999 -9999 -9999 -9999 -9999 -9999 -9999 -9999 -9999 -9999 -9999 -9999 -9999 -9999 -9999 -9999 -9999 -9999 -9999 -9999 -9999 -9999 -9999 -9999 -9999 -9999 -9999 -9999 -9999 -9999 -9999 -9999 -9999 -9999 -9999 -9999
133 132 131 131 129 125 121 115 107 99 90 -9999 -9999 -9999 -9999 -9999 -9999 -9999 -9999 -9999 -9999 -9999 -9999 -9999 -9999 -9999 -9999 -9999 -9999 -9999 -9999 -9999 -9999 -9999 -9999 -9999 -9999 -9999 -9999 -9999 -9999 -9999 -9999 -9999 -9999 -9999 -9999 -9999 -9999 -9999 -9999 -9999 -9999 -9999 -9999 -9999 -9999 -9999 -9999 -9999 -9999 -9999 -9999 -9999 -9999 -9999 -9999 -9999 -9999 -9999 -9999 -9999 -9999 -9999 -9999 -9999 -9999 -9999 -9999 -9999 -9999 -9999 -9999
131 131 130 129 127 125 120 115 107 97 88 82 -9999 -9999 -9999 -9999 -9999 -9999 -9999 -9999 -9999 -9999 -9999 -9999 -9999 -9999 -9999 -9999 -9999 -9999 -9999 -9999 -9999 -9999 -9999 -9999 -9999 -9999 -9999 -9999 -9999 -9999 -9999 -9999 -9999 -9999 -9999 -9999 -9999 -9999 -9999 -9999 -9999 -9999 -9999 -9999 -9999 -9999 -9999 -9999 -9999 -9999 -9999 -9999 -9999 -9999 -9999 -9999 -9999 -9999 -9999 -9999 -9999 -9999 -9999 -9999 -9999 -9999 -9999 -9999 -9999 -9999 -9999
129 130 129 128 126 123 120 116 108 96 87 81 -9999 -9999 -9999 -9999 -9999 -9999 -9999 -9999 -9999 -9999 -9999 -9999 -9999 -9999 -9999 -9999 -9999 -9999 -9999 -9999 -9999 -9999 -9999 -9999 -9999 -9999 -9999 -9999 -9999 -9999 -9999 -9999 -9999 -9999 -9999 -9999 -9999 -9999 -9999 -9999 -9999 -9999 -9999 -9999 -9999 -9999 -9999 -9999 -9999 -9999 -9999 -9999 -9999 -9999 -9999 -9999 -9999 -9999 -9999 -9999 -9999 -9999 -9999 -9999 -9999 -9999 -9999 -9999 -9999 -9999 -9999
127 129 129 127 125 122 118 115 108 97 88 79 -9999 -9999 -9999 -9999 -9999 -9999 -9999 -9999 -9999 -9999 -9999 -9999 -9999 -9999 -9999 -9999 -9999 -9999 -9999 -9999 -9999 -9999 -9999 -9999 -9999 -9999 -9999 -9999 -9999 -9999 -9999 -9999 -9999 -9999 -9999 -9999 -9999 -9999 -9999 -9999 -9999 -9999 -9999 -9999 -9999 -9999 -9999 -9999 -9999 -9999 -9999 -9999 -9999 -9999 -9999 -9999 -9999 -9999 -9999 -9999 -9999 -9999 -9999 -9999 -9999 -9999 -9999 -9999 -9999 -9999 -9999
126 127 127 126 124 119 116 112 106 97 89 83 -9999 -9999 -9999 -9999 -9999 -9999 -9999 -9999 -9999 -9999 -9999 -9999 -9999 -9999 -9999 -9999 -9999 -9999 -9999 -9999 -9999 -9999 -9999 -9999 -9999 -9999 -9999 -9999 -9999 -9999 -9999 -9999 -9999 -9999 -9999 -9999 -9999 -9999 -9999 -9999 -9999 -9999 -9999 -9999 -9999 -9999 -9999 -9999 -9999 -9999 -9999 -9999 -9999 -9999 -9999 -9999 -9999 -9999 -9999 -9999 -9999 -9999 -9999 -9999 -9999 -9999 -9999 -9999 -9999 -9999 -9999
127 126 126 125 122 118 115 111 105 99 92 86 81 -9999 -9999 -9999 -9999 -9999 -9999 -9999 -9999 -9999 -9999 -9999 -9999 -9999 -9999 -9999 -9999 -9999 -9999 -9999 -9999 -9999 -9999 -9999 -9999 -9999 -9999 -9999 -9999 -9999 -9999 -9999 -9999 -9999 -9999 -9999 -9999 -9999 -9999 -9999 -9999 -9999 -9999 -9999 -9999 -9999 -9999 -9999 -9999 -9999 -9999 -9999 -9999 -9999 -9999 -9999 -9999 -9999 -9999 -9999 -9999 -9999 -9999 -9999 -9999 -9999 -9999 -9999 -9999 -9999 -9999
