data/studyarea/bio2.asc
NCOLS 462 
NROWS 586 
XLLCORNER -113 
YLLCORNER -53.1666666666667 
CELLSIZE 0.166666666666667 
NODATA_value -9999 
[rows 111 to 147 of 586, columns 0 to 82 of 462]
-9999 -9999 -9999 -9999 149 149 151 150 148 141 136 136 -9999 -9999 -9999 -9999 -9999 -9999 -9999 -9999 -9999 162 163 166 168 171 173 176 178 178 175 168 159 166 163 159 158 160 163 166 169 173 174 178 183 188 190 191 191 192 190 188 185 182 180 178 176 174 172 167 162 156 152 150 149 147 146 145 144 141 140 137 134 130 127 124 122 123 124 127 129 131 130
-9999 -9999 -9999 -9999 -9999 148 150 151 150 147 143 141 -9999 143 -9999 -9999 -9999 -9999 -9999 -9999 -9999 161 162 164 166 168 170 172 173 173 171 167 157 158 162 153 152 153 155 158 162 166 169 175 179 187 192 194 193 192 191 189 187 184 181 178 178 177 174 168 161 155 151 149 148 147 147 146 145 142 140 137 133 130 128 124 122 126 130 131 133 133 132
-9999 -9999 -9999 -9999 -9999 147 150 153 154 151 148 147 -9999 144 -9999 -9999 -9999 -9999 -9999 -9999 -9999 159 161 162 163 165 167 168 169 168 166 166 164 157 158 151 145 147 150 149 154 158 163 171 174 189 193 195 196 193 193 191 188 185 180 179 178 179 173 165 158 153 149 148 148 148 148 148 147 145 144 140 136 135 133 130 126 130 134 135 136 136 134
-9999 -9999 -9999 -9999 -9999 144 148 154 159 154 150 148 147 -9999 -9999 -9999 -9999 -9999 -9999 -9999 -9999 -9999 -9999 161 162 163 164 164 164 164 162 162 163 162 161 151 142 148 149 144 146 151 159 171 167 186 194 195 197 196 195 193 190 186 182 178 176 175 170 162 153 148 149 155 156 155 155 154 153 151 152 150 143 141 136 136 135 132 136 137 139 138 136
-9999 -9999 -9999 -9999 -9999 138 142 149 155 153 150 148 148 147 -9999 -9999 -9999 -9999 -9999 -9999 -9999 -9999 -9999 -9999 -9999 -9999 162 161 161 160 159 160 161 163 162 157 152 144 133 133 135 143 150 164 178 186 188 185 190 194 196 195 191 186 180 176 173 171 168 162 157 152 150 150 152 158 163 166 166 164 166 165 153 150 142 137 141 137 137 138 139 138 138
-9999 -9999 -9999 -9999 126 130 133 138 142 145 146 147 147 148 147 -9999 -9999 -9999 -9999 -9999 -9999 -9999 -9999 -9999 -9999 -9999 -9999 -9999 158 158 157 158 159 161 162 157 160 153 136 127 127 137 144 151 164 186 182 181 184 190 197 195 192 188 181 175 173 171 168 164 160 161 156 160 158 162 163 168 174 174 173 171 165 160 153 144 144 143 139 139 139 139 138
-9999 -9999 -9999 -9999 120 121 122 124 128 135 141 145 147 147 147 -9999 -9999 -9999 -9999 -9999 -9999 -9999 -9999 -9999 -9999 -9999 -9999 -9999 155 155 155 155 156 159 160 162 160 146 123 136 134 134 139 146 153 173 171 182 186 187 195 197 192 188 182 177 173 171 168 168 164 164 165 167 169 169 171 176 176 177 179 176 170 166 160 155 146 150 145 140 139 139 139
-9999 -9999 -9999 -9999 115 113 112 110 113 124 136 144 146 146 146 -9999 -9999 -9999 -9999 -9999 -9999 -9999 -9999 -9999 -9999 -9999 -9999 -9999 -9999 152 152 152 153 153 156 158 155 153 141 145 126 132 133 142 148 159 166 168 177 180 189 192 184 185 182 180 178 175 170 169 168 169 169 171 176 179 176 182 185 181 181 178 174 169 165 161 157 155 151 144 140 140 139
-9999 -9999 -9999 -9999 108 105 101 101 103 117 135 145 147 146 -9999 141 140 -9999 -9999 -9999 -9999 -9999 -9999 -9999 -9999 -9999 -9999 -9999 -9999 150 150 149 150 151 152 154 152 153 140 137 132 128 134 138 144 151 159 157 165 172 174 177 174 179 180 180 179 177 176 175 175 174 175 175 179 183 183 184 188 184 182 178 177 174 169 165 162 155 152 147 141 140 140
-9999 -9999 -9999 -9999 -9999 -9999 100 100 102 117 136 149 147 143 139 138 137 -9999 143 -9999 -9999 -9999 -9999 -9999 -9999 -9999 -9999 -9999 -9999 -9999 -9999 147 146 147 149 150 148 143 138 124 118 120 128 133 139 145 150 153 156 162 166 168 171 176 178 179 180 180 181 180 179 179 180 181 181 185 188 188 189 188 185 183 180 176 172 168 164 158 152 151 144 141 140
-9999 -9999 -9999 -9999 -9999 -9999 -9999 100 -9999 122 135 144 144 140 136 130 134 140 146 145 -9999 -9999 -9999 -9999 -9999 -9999 -9999 -9999 -9999 -9999 -9999 -9999 145 144 145 146 140 143 139 122 125 121 127 133 136 141 145 149 151 154 158 162 166 171 174 178 181 182 183 184 182 182 183 183 185 185 187 188 189 188 186 184 182 178 175 170 166 162 156 153 145 141 140
-9999 -9999 -9999 -9999 -9999 -9999 -9999 -9999 -9999 -9999 -9999 139 138 137 134 131 136 143 144 146 -9999 -9999 -9999 -9999 -9999 -9999 -9999 -9999 -9999 -9999 -9999 -9999 -9999 -9999 142 143 144 144 139 136 126 127 129 129 133 137 142 144 147 147 149 155 161 167 172 176 182 184 186 186 185 185 184 184 185 187 187 188 188 188 187 185 183 180 176 171 167 163 158 152 147 142 139
-9999 -9999 -9999 -9999 -9999 -9999 -9999 -9999 -9999 -9999 -9999 -9999 133 132 132 133 137 143 145 146 -9999 -9999 -9999 -9999 -9999 -9999 -9999 -9999 -9999 -9999 -9999 -9999 -9999 -9999 -9999 140 139 141 144 143 132 121 123 128 130 134 138 141 142 143 145 150 156 163 170 176 181 185 188 189 187 186 184 184 186 187 188 188 186 185 185 184 183 181 177 171 167 164 155 148 148 145 138
-9999 -9999 -9999 -9999 -9999 -9999 -9999 -9999 -9999 -9999 -9999 -9999 -9999 129 129 132 137 142 144 147 -9999 -9999 -9999 -9999 -9999 -9999 -9999 -9999 -9999 -9999 -9999 -9999 -9999 -9999 -9999 -9999 134 133 134 131 123 122 124 123 128 133 134 138 140 141 145 147 152 159 166 171 177 184 190 190 189 187 184 184 186 188 187 186 184 182 182 182 177 176 170 170 167 164 155 147 149 145 139
-9999 -9999 -9999 -9999 -9999 -9999 -9999 -9999 -9999 -9999 -9999 -9999 -9999 -9999 128 130 134 139 138 144 142 140 -9999 -9999 -9999 -9999 -9999 -9999 -9999 -9999 -9999 -9999 -9999 -9999 -9999 -9999 -9999 125 122 122 121 122 119 120 124 129 130 134 138 140 143 142 150 157 164 168 175 182 191 191 189 187 186 187 189 189 188 185 183 180 178 178 171 170 164 166 165 162 158 150 149 142 139
-9999 -9999 -9999 -9999 -9999 -9999 -9999 -9999 -9999 -9999 -9999 -9999 -9999 -9999 -9999 -9999 131 136 136 142 141 138 -9999 -9999 -9999 -9999 -9999 -9999 -9999 -9999 -9999 -9999 -9999 -9999 -9999 -9999 -9999 -9999 112 109 111 114 116 118 121 125 127 129 134 138 139 141 149 154 160 164 169 176 183 186 189 188 189 192 193 191 189 185 181 176 173 172 170 167 164 165 163 162 158 153 149 140 137
-9999 -9999 -9999 -9999 -9999 -9999 -9999 -9999 -9999 -9999 -9999 -9999 -9999 -9999 -9999 -9999 128 130 133 137 136 133 -9999 -9999 -9999 -9999 -9999 -9999 -9999 -9999 -9999 -9999 -9999 -9999 -9999 -9999 -9999 -9999 -9999 98 101 107 112 116 119 122 126 128 132 134 137 141 147 152 156 164 166 171 180 184 185 187 190 194 195 192 188 183 179 174 170 167 166 166 165 163 161 160 156 152 148 143 138
-9999 -9999 -9999 -9999 -9999 -9999 -9999 -9999 -9999 -9999 -9999 -9999 -9999 -9999 -9999 -9999 -9999 125 129 128 128 128 -9999 -9999 -9999 -9999 -9999 -9999 -9999 -9999 -9999 -9999 -9999 -9999 -9999 -9999 -9999 -9999 -9999 94 97 102 107 113 117 120 124 127 130 133 136 140 144 151 155 159 161 169 175 176 175 184 186 191 192 189 184 180 178 173 167 165 163 163 165 163 161 157 155 149 147 139 137
-9999 -9999 -9999 -9999 -9999 -9999 -9999 -9999 -9999 -9999 -9999 -9999 -9999 -9999 -9999 -9999 -9999 118 119 119 -9999 -9999 -9999 -9999 -9999 -9999 -9999 -9999 -9999 -9999 -9999 -9999 -9999 -9999 -9999 -9999 -9999 -9999 -9999 -9999 98 101 105 110 115 119 124 126 130 133 136 140 144 152 155 155 160 169 169 171 173 178 178 186 187 186 180 178 176 172 168 168 168 164 166 164 161 156 153 147 144 129 126
-9999 -9999 -9999 -9999 -9999 -9999 -9999 -9999 -9999 -9999 -9999 -9999 -9999 -9999 -9999 -9999 -9999 -9999 -9999 -9999 -9999 -9999 -9999 -9999 -9999 -9999 -9999 -9999 -9999 -9999 -9999 -9999 -9999 -9999 -9999 -9999 -9999 -9999 -9999 -9999 -9999 102 105 108 113 118 123 126 132 133 138 143 144 157 156 156 166 167 162 167 176 173 169 178 182 181 179 176 176 173 171 173 174 166 164 162 161 155 150 145 143 124 120
-9999 -9999 -9999 -9999 -9999 -9999 -9999 -9999 -9999 -9999 -9999 -9999 -9999 -9999 -9999 -9999 -9999 -9999 -9999 -9999 -9999 -9999 -9999 -9999 -9999 -9999 -9999 -9999 -9999 -9999 -9999 -9999 -9999 -9999 -9999 -9999 -9999 -9999 -9999 -9999 -9999 -9999 -9999 108 112 117 122 127 132 133 142 144 143 158 159 161 165 165 161 175 175 172 168 172 180 180 176 175 171 171 167 172 173 168 168 163 162 157 150 147 145 125 118
-9999 -9999 -9999 -9999 -9999 -9999 -9999 -9999 -9999 -9999 -9999 -9999 -9999 -9999 -9999 -9999 -9999 -9999 -9999 -9999 -9999 -9999 -9999 -9999 -9999 -9999 -9999 -9999 -9999 -9999 -9999 -9999 -9999 -9999 -9999 -9999 -9999 -9999 -9999 -9999 -9999 -9999 -9999 109 112 117 121 127 131 134 143 147 145 157 157 165 162 165 169 176 179 173 161 171 180 177 173 171 166 167 169 170 167 165 167 165 162 157 151 147 146 133 117
-9999 -9999 -9999 -9999 -9999 -9999 -9999 -9999 -9999 -9999 -9999 -9999 -9999 -9999 -9999 -9999 -9999 -9999 -9999 -9999 -9999 -9999 -9999 -9999 -9999 -9999 -9999 -9999 -9999 -9999 -9999 -9999 -9999 -9999 -9999 -9999 -9999 -9999 -9999 -9999 -9999 -9999 -9999 -9999 111 116 121 127 133 136 145 150 149 156 150 166 161 169 174 174 181 171 158 172 180 175 171 168 162 163 166 165 164 162 167 167 163 155 148 145 145 135 119
-9999 -9999 -9999 -9999 -9999 -9999 -9999 -9999 -9999 -9999 -9999 -9999 -9999 -9999 -9999 -9999 -9999 -9999 -9999 -9999 -9999 -9999 -9999 -9999 -9999 -9999 -9999 -9999 -9999 -9999 -9999 -9999 -9999 -9999 -9999 -9999 -9999 -9999 -9999 -9999 -9999 -9999 -9999 -9999 111 115 120 126 132 139 146 148 156 158 148 170 170 176 179 167 182 172 163 170 176 176 170 163 163 162 161 161 163 163 163 169 164 154 145 143 142 131 119
-9999 -9999 -9999 -9999 -9999 -9999 -9999 -9999 -9999 -9999 -9999 -9999 -9999 -9999 -9999 -9999 -9999 -9999 -9999 -9999 -9999 -9999 -9999 -9999 -9999 -9999 -9999 -9999 -9999 -9999 -9999 -9999 -9999 -9999 -9999 -9999 -9999 -9999 -9999 -9999 -9999 -9999 104 -9999 111 114 120 126 132 139 146 153 155 163 155 170 166 168 173 164 186 180 169 168 170 169 164 162 159 157 159 160 172 169 164 164 162 152 142 142 137 130 122
-9999 -9999 -9999 -9999 -9999 -9999 -9999 -9999 -9999 -9999 -9999 -9999 -9999 -9999 -9999 -9999 -9999 -9999 -9999 -9999 -9999 -9999 -9999 -9999 -9999 -9999 -9999 -9999 -9999 -9999 -9999 -9999 -9999 -9999 -9999 -9999 -9999 96 97 -9999 -9999 -9999 -9999 -9999 111 113 118 123 128 139 146 151 153 163 157 175 158 163 169 172 191 176 171 176 170 167 163 157 156 156 154 169 175 173 172 165 164 157 147 141 136 131 125
-9999 -9999 -9999 -9999 -9999 -9999 -9999 -9999 -9999 -9999 -9999 -9999 -9999 -9999 -9999 -9999 -9999 -9999 -9999 -9999 -9999 -9999 -9999 -9999 -9999 -9999 -9999 -9999 -9999 -9999 -9999 -9999 -9999 -9999 -9999 -9999 -9999 -9999 97 -9999 -9999 -9999 -9999 -9999 -9999 112 115 124 136 144 147 155 152 158 164 169 157 166 163 185 179 167 181 187 177 167 160 157 155 155 158 169 164 170 168 167 166 160 154 145 141 134 132
-9999 -9999 -9999 -9999 -9999 -9999 -9999 -9999 -9999 -9999 -9999 -9999 -9999 -9999 -9999 -9999 -9999 -9999 -9999 -9999 -9999 -9999 -9999 -9999 -9999 -9999 -9999 -9999 -9999 -9999 -9999 -9999 -9999 -9999 -9999 -9999 -9999 -9999 -9999 99 -9999 -9999 -9999 -9999 -9999 -9999 117 127 142 148 152 158 154 155 171 159 159 162 161 185 169 178 190 193 183 167 165 156 150 150 158 159 164 167 163 161 166 161 158 152 146 140 140
-9999 -9999 -9999 -9999 -9999 -9999 -9999 -9999 -9999 -9999 -9999 -9999 -9999 -9999 -9999 -9999 -9999 -9999 -9999 -9999 -9999 -9999 -9999 -9999 -9999 -9999 -9999 -9999 -9999 -9999 -9999 -9999 -9999 -9999 -9999 -9999 -9999 -9999 -9999 -9999 102 -9999 -9999 -9999 -9999 -9999 119 125 142 148 154 157 161 161 160 162 165 169 176 173 175 185 192 192 182 170 163 155 148 149 151 159 166 166 163 158 161 159 160 155 154 148 145
-9999 -9999 -9999 -9999 -9999 -9999 -9999 -9999 -9999 -9999 -9999 -9999 -9999 -9999 -9999 -9999 -9999 -9999 -9999 -9999 -9999 -9999 -9999 -9999 -9999 -9999 -9999 -9999 -9999 -9999 -9999 -9999 -9999 -9999 -9999 -9999 -9999 -9999 -9999 -9999 -9999 -9999 -9999 -9999 -9999 -9999 123 132 145 151 157 158 163 167 169 165 163 176 174 170 175 179 183 180 170 162 159 158 156 149 146 151 160 161 159 156 157 161 167 162 157 156 151
-9999 -9999 -9999 -9999 -9999 -9999 -9999 -9999 -9999 -9999 -9999 -9999 -9999 -9999 -9999 -9999 -9999 -9999 -9999 -9999 -9999 -9999 -9999 -9999 -9999 -9999 -9999 -9999 -9999 -9999 -9999 -9999 -9999 -9999 -9999 -9999 -9999 -9999 -9999 -9999 -9999 -9999 -9999 -9999 -9999 122 127 131 144 154 160 159 156 160 165 168 169 168 167 168 173 173 173 167 160 159 157 156 156 155 149 148 155 156 153 152 151 156 170 167 155 161 152
-9999 -9999 -9999 -9999 -9999 -9999 -9999 -9999 -9999 -9999 -9999 -9999 -9999 -9999 -9999 -9999 -9999 -9999 -9999 -9999 -9999 -9999 -9999 -9999 -9999 -9999 -9999 -9999 -9999 -9999 -9999 -9999 -9999 -9999 -9999 -9999 -9999 -9999 -9999 -9999 -9999 -9999 -9999 -9999 118 122 125 136 147 147 155 163 161 158 160 162 161 163 168 170 173 173 166 164 157 155 159 156 155 157 155 151 154 155 153 156 159 162 165 161 160 162 152
-9999 -9999 -9999 -9999 -9999 -9999 -9999 -9999 -9999 -9999 -9999 -9999 -9999 -9999 -9999 -9999 -9999 -9999 -9999 -9999 -9999 -9999 -9999 -9999 -9999 -9999 -9999 -9999 -9999 -9999 -9999 -9999 -9999 -9999 -9999 -9999 -9999 -9999 -9999 -9999 -9999 -9999 -9999 -9999 -9999 125 133 144 149 144 144 158 158 159 163 162 158 159 162 166 169 171 168 165 160 157 157 153 158 160 161 159 159 159 160 160 162 165 168 171 172 167 159
-9999 -9999 -9999 -9999 -9999 -9999 -9999 -9999 -9999 -9999 -9999 -9999 -9999 -9999 -9999 -9999 -9999 -9999 -9999 -9999 -9999 -9999 -9999 -9999 -9999 -9999 -9999 -9999 -9999 -9999 -9999 -9999 -9999 -9999 -9999 -9999 -9999 -9999 -9999 -9999 -9999 -9999 -9999 120 125 131 139 139 144 149 144 151 149 150 159 159 157 153 154 160 160 161 161 162 163 164 162 158 159 161 163 160 156 158 158 158 159 167 168 168 164 164 165
-9999 -9999 -9999 -9999 -9999 -9999 -9999 -9999 -9999 -9999 -9999 -9999 -9999 -9999 -9999 -9999 -9999 -9999 -9999 -9999 -9999 -9999 -9999 -9999 -9999 -9999 -9999 -9999 -9999 -9999 -9999 -9999 -9999 -9999 -9999 -9999 -9999 -9999 -9999 -9999 -9999 -9999 -9999 -9999 125 131 138 143 147 143 144 143 151 149 150 148 153 151 145 145 150 151 154 157 162 165 166 163 162 161 161 160 158 156 155 156 157 162 166 165 159 161 163
-9999 -9999 -9999 -9999 -9999 -9999 -9999 -9999 -9999 -9999 -9999 -9999 -9999 -9999 -9999 -9999 -9999 -9999 -9999 -9999 -9999 -9999 -9999 -9999 -9999 -9999 -9999 -9999 -9999 -9999 -9999 -9999 -9999 -9999 -9999 -9999 -9999 -9999 -9999 -9999 -9999 -9999 -9999 -9999 127 131 136 141 147 150 136 146 149 151 149 134 144 150 151 151 153 152 155 160 166 164 165 164 163 158 158 160 155 157 158 156 158 161 159 160 159 165 167
-9999 -9999 -9999 -9999 -9999 -9999 -9999 -9999 -9999 -9999 -9999 -9999 -9999 -9999 -9999 -9999 -9999 -9999 -9999 -9999 -9999 -9999 -9999 -9999 -9999 -9999 -9999 -9999 -9999 -9999 -9999 -9999 -9999 -9999 -9999 -9999 -9999 -9999 -9999 -9999 -9999 -9999 -9999 -9999 -9999 131 136 141 144 149 142 141 146 149 148 137 150 150 150 151 151 153 157 161 167 167 160 164 162 154 157 160 160 150 150 158 160 160 160 157 158 165 168
