data/studyarea/bio2.asc
NCOLS 462 
NROWS 586 
XLLCORNER -113 
YLLCORNER -53.1666666666667 
CELLSIZE 0.166666666666667 
NODATA_value -9999 
[rows 37 to 73 of 586, columns 83 to 165 of 462]
143 140 138 138 137 136 135 134 133 131 129 130 131 132 132 131 129 129 129 130 129 127 126 124 124 125 126 127 129 129 129 131 131 130 130 129 129 129 130 131 132 132 130 130 128 131 136 138 138 137 136 136 135 128 123 121 119 118 118 118 119 120 120 121 120 119 118 118 117 118 120 122 122 122 122 122 123 122 121 120 122 124 127
143 141 139 138 137 136 135 133 132 130 129 128 130 131 132 131 130 131 131 129 129 127 124 123 124 124 126 128 130 131 132 132 130 129 129 128 128 130 132 134 134 135 130 130 126 132 139 142 140 137 137 136 133 132 128 125 122 121 121 120 121 121 121 122 121 120 119 118 117 118 120 121 122 122 122 121 122 121 120 120 122 125 128
143 141 140 139 138 136 135 133 131 129 127 126 128 130 132 132 133 133 132 130 128 126 124 123 123 125 126 129 132 132 133 133 133 130 128 127 128 129 130 133 136 139 137 133 129 135 142 144 141 137 136 135 131 130 130 129 126 123 123 123 122 122 122 122 122 121 120 118 118 119 120 122 122 122 122 122 122 121 120 120 125 128 128
142 142 141 140 139 137 135 133 130 127 125 124 127 130 131 131 134 135 133 131 129 126 124 123 123 125 125 128 130 131 131 134 134 131 130 129 127 129 128 132 138 140 138 133 131 134 140 140 139 137 137 133 131 131 131 130 128 125 124 124 122 121 122 124 123 122 121 120 119 120 121 122 123 123 122 123 122 122 121 122 126 129 129
142 143 143 142 140 137 135 132 130 127 125 123 126 129 131 131 134 135 134 133 131 128 125 124 124 124 125 126 127 128 129 130 132 132 131 129 128 127 127 132 136 137 136 133 131 132 135 136 137 138 134 135 136 134 132 131 129 125 123 121 120 120 121 121 121 121 121 121 121 121 123 123 124 124 124 124 124 124 124 125 126 128 129
145 146 145 143 140 137 135 132 130 128 127 127 129 130 131 132 134 136 135 134 132 129 126 124 125 124 124 124 125 126 127 127 130 130 129 127 125 125 128 131 135 133 133 134 132 135 136 136 138 140 140 139 138 136 133 131 128 123 121 118 119 119 120 121 121 122 121 122 122 123 124 125 126 126 125 125 125 126 126 126 127 127 127
147 147 147 147 143 139 135 133 132 131 130 130 131 132 132 134 136 136 135 135 133 132 129 127 125 123 123 123 125 127 126 124 127 128 126 125 124 124 127 133 134 131 134 133 132 134 140 141 141 142 141 142 140 136 133 130 126 121 118 117 117 119 120 120 121 121 121 122 123 123 124 125 126 127 127 126 126 126 126 126 128 129 129
150 151 148 147 144 140 136 134 134 133 132 131 132 132 133 135 138 137 136 135 133 133 131 129 127 126 125 124 125 127 126 125 125 127 128 128 126 126 129 135 133 132 132 132 134 136 140 143 147 144 141 138 136 132 130 127 123 119 117 114 115 118 120 121 121 121 121 122 122 123 124 126 126 127 126 125 125 126 126 126 126 127 129
149 149 149 147 144 141 137 136 135 133 132 131 130 132 133 134 136 137 136 135 133 133 131 129 129 130 129 127 129 128 127 124 125 130 133 132 132 133 135 136 139 139 137 135 137 140 142 144 147 146 139 135 131 127 125 123 121 119 117 115 116 120 122 122 122 121 121 122 122 122 123 126 126 127 126 125 125 125 126 126 126 128 129
152 148 147 145 143 141 137 137 136 134 132 130 129 131 133 134 136 136 135 135 133 133 131 131 131 131 131 130 130 130 129 127 131 135 136 139 141 139 137 137 139 142 140 138 140 142 144 145 144 144 139 133 128 125 122 121 119 118 117 117 118 121 122 123 122 122 122 123 123 124 126 128 128 128 126 124 123 123 125 126 127 130 132
149 148 145 144 141 137 134 133 133 132 131 131 131 132 135 135 136 136 134 134 132 132 131 131 130 130 131 132 133 132 130 129 133 137 137 139 142 139 140 140 139 142 140 140 142 144 143 144 142 141 137 131 126 123 121 119 118 117 117 119 120 122 123 124 123 123 124 125 126 128 131 132 131 128 126 124 123 123 125 128 130 133 133
146 146 145 143 140 136 132 128 129 130 131 132 131 133 135 137 137 136 133 131 131 130 130 131 128 127 128 130 131 130 130 130 130 133 131 131 135 140 141 142 138 142 142 142 144 145 141 140 137 135 131 126 123 121 121 119 117 116 117 119 122 124 125 125 126 127 128 128 130 133 135 136 133 129 126 125 127 128 130 130 133 134 131
145 144 142 140 140 137 132 128 129 130 130 131 131 132 134 136 138 136 132 129 128 129 129 130 126 125 127 129 129 129 129 129 127 127 125 123 128 136 141 143 141 142 142 142 144 143 141 137 132 128 125 122 121 121 120 118 115 115 117 120 123 124 126 128 128 130 132 134 135 136 138 139 137 132 129 128 129 132 133 133 133 132 130
144 144 140 138 138 137 133 130 130 131 131 131 131 131 133 136 138 136 134 130 128 129 129 128 126 126 127 128 129 128 128 128 126 125 120 123 130 135 140 141 138 139 143 142 142 143 139 134 130 124 121 119 119 118 117 115 114 114 116 119 122 124 126 128 130 133 136 138 139 140 140 140 138 134 130 127 129 131 133 134 133 132 128
144 142 139 136 135 136 134 132 131 131 132 130 130 130 132 134 137 137 135 133 131 130 129 129 128 128 127 126 126 126 125 125 122 119 120 123 130 133 138 133 134 137 139 139 138 137 134 132 128 123 118 117 117 116 115 113 114 115 115 119 121 123 126 128 131 134 137 141 143 144 144 141 138 136 131 129 131 133 133 131 131 132 129
143 140 138 135 134 134 134 132 130 130 128 128 129 130 132 135 136 136 135 132 131 130 130 131 130 129 126 126 126 127 126 123 125 124 123 127 124 125 125 129 130 129 130 132 134 134 130 127 125 122 118 117 116 115 114 114 115 116 117 120 121 123 125 128 131 135 139 141 144 146 146 143 138 136 132 131 132 133 132 129 130 129 126
142 140 137 135 134 133 133 132 129 127 125 126 128 131 133 134 134 134 133 132 130 129 130 132 131 129 128 129 132 133 136 136 130 130 131 133 133 131 129 132 135 134 133 130 128 128 127 124 123 121 119 117 115 114 114 114 116 118 119 121 122 123 126 129 132 136 139 142 143 143 142 141 138 136 135 133 132 131 129 128 126 121 121
137 139 136 136 135 134 134 132 129 126 123 125 129 133 133 133 131 130 130 130 128 127 129 132 134 134 133 133 134 137 139 138 138 138 139 138 140 139 137 135 133 131 129 130 129 125 125 123 123 122 119 118 115 114 113 112 115 118 121 122 124 125 127 131 134 137 140 141 141 140 138 136 135 135 134 133 132 130 128 125 118 119 123
134 138 138 138 137 138 136 135 132 131 130 130 132 134 134 133 132 130 129 128 127 126 128 132 133 134 136 137 136 137 139 138 135 131 134 136 139 140 138 136 134 131 127 127 127 125 123 122 122 122 120 118 116 113 112 113 115 119 122 124 125 128 130 132 135 138 139 139 139 137 135 134 135 134 133 133 132 130 130 124 119 121 125
136 137 139 139 138 139 138 138 135 134 135 133 134 134 134 133 132 129 128 128 127 127 128 131 132 135 136 141 138 139 140 139 135 135 137 138 138 135 137 134 130 126 124 124 124 122 121 120 121 121 119 118 116 114 112 113 117 121 124 125 127 129 131 133 135 137 137 137 136 135 134 133 133 134 133 132 132 130 126 125 127 130 126
137 138 138 136 136 135 136 137 138 138 138 136 135 133 133 132 130 128 127 127 126 129 130 132 137 139 143 143 138 137 141 135 137 138 137 136 135 133 133 131 127 121 119 120 120 120 119 119 119 120 119 118 117 115 115 115 119 122 125 127 128 129 131 133 134 135 137 136 135 134 133 132 132 131 130 131 130 128 127 131 134 129 129
139 140 138 136 133 133 133 134 137 139 139 139 136 132 131 131 130 129 127 126 126 128 131 131 134 136 137 139 133 134 137 137 137 136 136 133 131 131 132 129 125 120 118 118 118 118 118 119 119 120 119 119 118 118 118 119 121 123 126 129 129 129 129 130 133 135 137 136 135 133 132 132 132 130 129 130 131 130 132 135 130 131 130
142 143 143 140 133 133 134 134 137 138 139 138 135 130 128 130 131 129 128 126 127 127 129 130 129 128 132 132 134 131 135 136 139 141 139 137 133 133 135 133 127 122 119 117 117 117 117 119 119 120 119 118 119 120 121 122 124 126 128 130 130 129 128 129 133 135 136 136 135 134 132 131 131 130 129 130 131 131 133 130 130 131 133
145 146 146 144 140 138 136 136 138 138 137 132 132 129 129 129 131 130 128 128 129 130 131 130 129 131 133 138 135 132 130 132 136 137 137 136 133 135 137 134 129 124 120 119 118 117 117 119 120 120 119 119 120 122 124 126 128 129 129 130 129 128 128 130 135 137 138 138 136 133 133 132 132 132 131 129 130 131 129 129 132 133 137
147 146 145 144 143 141 138 138 139 140 137 132 130 129 130 131 130 130 130 130 132 134 133 132 133 134 135 134 135 137 137 136 136 137 136 135 134 136 135 134 130 125 122 120 119 119 119 120 120 119 118 118 120 123 126 129 130 131 131 130 128 126 127 131 136 139 141 141 138 135 134 133 133 133 132 131 130 129 128 130 132 136 136
147 145 144 143 141 141 140 139 139 138 135 131 128 127 127 129 130 130 129 130 130 131 132 132 135 136 137 138 139 138 138 135 135 134 135 135 135 135 134 133 131 127 124 122 121 121 121 121 120 118 118 118 120 123 126 129 132 133 132 131 128 126 128 131 135 140 144 145 142 138 137 136 135 135 135 133 131 130 130 132 135 136 136
147 146 144 142 141 141 140 139 137 136 134 131 128 126 124 125 127 129 129 129 129 129 130 132 134 136 137 137 137 136 134 131 131 133 134 134 135 135 135 133 131 129 127 124 124 123 123 121 119 118 118 118 120 122 126 129 132 134 134 133 130 128 128 129 133 139 143 144 143 140 139 138 136 134 134 133 131 132 134 134 135 136 136
147 145 144 143 142 141 139 137 135 133 131 130 127 124 120 120 125 127 127 127 126 126 127 130 132 134 135 135 133 132 130 128 129 132 133 134 134 135 135 133 132 131 130 128 126 125 124 121 119 118 117 118 120 122 125 129 133 135 136 134 131 129 128 127 131 136 141 142 142 140 138 137 135 132 131 130 133 135 135 135 136 137 138
146 145 144 143 141 139 137 135 132 132 130 129 128 125 121 120 123 126 127 126 126 126 127 130 132 133 133 133 131 129 126 126 128 131 132 133 134 135 135 134 134 133 132 130 128 127 125 122 120 118 117 118 120 121 124 128 133 136 136 135 132 129 127 128 130 134 138 139 140 138 136 136 133 129 128 130 134 137 138 136 137 140 139
146 144 144 142 141 139 137 136 136 133 131 130 130 128 124 123 124 126 126 127 127 128 130 132 134 134 133 131 130 127 125 124 128 131 132 132 133 134 134 135 135 134 133 132 129 127 125 122 120 118 118 119 121 123 125 129 134 137 137 135 132 130 127 128 131 133 135 136 136 136 134 133 132 129 129 132 137 139 140 136 136 139 140
145 145 144 143 140 138 138 139 139 134 131 128 128 127 125 125 126 126 127 128 128 129 131 134 136 135 133 131 130 128 126 127 129 131 133 132 132 132 133 134 135 135 135 133 130 127 125 122 120 120 120 121 123 126 128 132 135 137 136 134 131 130 130 130 131 133 134 134 133 133 132 131 131 132 133 135 138 140 138 136 137 140 141
144 144 144 144 140 138 137 137 137 135 129 126 125 124 123 124 125 126 128 128 129 130 132 134 136 134 131 129 129 128 127 128 130 131 132 132 132 132 132 133 133 134 134 132 129 126 123 121 121 122 122 123 125 128 131 134 136 138 136 134 131 130 131 131 132 133 133 132 132 131 129 128 130 133 135 136 137 137 138 139 138 140 141
144 145 144 143 141 140 137 135 133 131 126 123 122 121 120 123 125 126 128 129 130 131 132 133 134 132 128 127 128 128 128 128 129 131 131 131 131 131 132 132 132 132 132 130 127 125 122 120 120 123 124 124 126 128 132 135 137 138 137 135 133 132 131 132 133 133 133 132 131 130 127 126 128 130 132 134 134 135 136 137 137 137 138
144 144 143 141 140 139 138 136 133 128 124 123 121 119 122 124 126 126 126 128 130 131 132 132 133 132 129 128 128 127 127 126 127 128 129 130 130 131 131 131 131 130 129 127 125 123 121 120 120 123 124 126 126 129 133 135 137 138 138 136 133 132 133 133 134 135 134 133 131 130 128 127 126 128 129 130 131 132 132 133 133 133 134
142 142 140 139 140 139 139 139 136 131 127 125 123 122 125 127 127 127 128 128 129 130 131 132 132 131 128 128 127 127 126 125 124 125 127 129 130 130 130 130 131 129 126 125 124 122 122 121 122 123 125 125 127 130 133 136 137 138 137 136 134 134 133 134 135 137 135 133 132 131 129 128 127 126 127 127 127 129 129 130 131 131 131
139 141 140 139 137 136 137 139 140 135 132 128 126 126 128 128 129 128 129 129 129 130 129 130 129 129 128 127 128 128 127 125 124 125 128 129 131 131 131 130 130 129 126 125 124 123 123 123 124 124 124 126 127 129 132 135 137 137 137 136 135 135 134 133 136 137 136 134 133 132 131 129 127 125 126 126 126 126 127 129 130 130 130
137 139 139 137 133 132 136 142 144 139 135 131 128 128 128 128 128 129 130 130 130 129 129 128 128 127 127 127 130 131 130 129 128 129 130 132 132 132 132 131 131 130 128 126 125 124 125 126 127 126 127 127 128 129 132 135 137 136 136 135 136 136 136 136 137 138 137 136 135 134 133 131 128 126 127 127 126 126 127 129 129 130 130
