data/studyarea/bio2.asc
NCOLS 462 
NROWS 586 
XLLCORNER -113 
YLLCORNER -53.1666666666667 
CELLSIZE 0.166666666666667 
NODATA_value -9999 
[rows 222 to 258 of 586, columns 249 to 331 of 462]
109 107 103 99 96 94 93 92 92 91 91 92 92 92 93 93 94 94 94 94 94 94 94 94 94 95 96 97 97 98 97 97 97 98 99 100 100 100 100 98 96 96 96 97 98 99 99 100 99 99 98 98 98 98 98 98 99 98 99 100 100 98 95 93 90 87 85 83 81 79 77 75 73 71 70 68 66 65 64 -9999 -9999 -9999 -9999
111 107 103 98 94 92 91 91 91 91 91 92 92 92 93 93 94 94 94 94 94 94 94 94 95 95 97 98 99 99 100 99 99 99 100 101 102 100 99 98 98 97 98 99 99 100 100 101 101 100 99 99 98 98 98 99 99 99 100 102 101 99 97 94 91 89 86 84 82 80 78 75 74 72 70 68 66 64 63 -9999 -9999 -9999 -9999
113 108 102 96 91 90 90 90 91 91 91 92 92 92 93 93 94 94 94 94 94 94 95 95 95 96 98 100 102 102 103 103 102 102 101 102 101 100 100 99 99 98 99 100 100 101 102 102 102 101 100 99 99 98 99 99 99 100 101 102 102 100 98 96 93 90 87 85 83 80 78 76 74 72 70 68 66 64 63 -9999 -9999 -9999 -9999
111 107 101 96 91 90 90 90 91 91 91 92 93 93 93 94 94 94 94 95 95 95 95 95 96 97 99 103 105 105 105 105 104 104 103 103 102 101 101 100 100 100 100 101 101 102 103 103 103 102 100 99 98 98 98 99 100 101 101 102 102 101 99 97 94 91 88 86 83 81 78 76 74 72 70 69 66 64 62 60 59 -9999 -9999
107 105 100 96 93 91 91 91 91 91 92 92 93 94 94 94 94 95 95 95 95 95 96 97 97 99 102 106 108 108 107 107 106 106 105 105 105 103 102 101 101 101 101 101 102 102 104 104 104 102 100 98 98 98 98 99 100 101 101 102 102 101 100 97 94 92 89 86 84 81 79 77 75 73 71 69 67 65 63 61 61 63 -9999
105 103 100 97 94 92 92 91 92 92 93 93 94 94 95 95 95 95 95 95 96 96 96 97 99 100 104 107 110 110 108 108 108 108 107 107 106 105 103 103 102 102 101 102 102 103 103 103 102 101 99 97 97 97 98 99 100 101 101 102 102 101 99 96 94 92 90 87 84 82 80 78 76 74 72 70 69 67 65 64 64 65 67
102 101 99 97 95 93 92 92 92 93 93 94 95 95 95 95 95 95 96 96 96 96 97 98 100 101 104 107 109 111 110 110 110 109 108 108 107 106 105 104 103 102 102 102 102 102 102 102 101 100 98 96 97 98 98 99 100 101 101 102 101 101 99 96 95 93 90 87 85 82 80 78 77 75 74 72 70 69 69 68 68 69 70
101 100 98 96 95 94 93 93 93 93 94 95 96 96 96 96 96 95 96 96 96 97 98 98 100 101 104 107 109 110 111 111 111 111 110 109 108 107 106 105 104 103 102 102 102 102 102 101 101 99 98 97 97 98 99 99 100 102 102 102 101 100 98 96 95 93 91 88 85 83 81 79 78 76 75 74 73 72 72 72 72 73 74
100 99 97 96 95 94 94 93 93 93 94 95 96 96 96 96 96 96 96 97 97 97 98 98 100 101 103 107 109 110 111 112 112 112 111 111 109 108 107 106 105 104 102 102 102 102 101 101 100 99 98 98 98 99 100 100 101 101 100 102 101 101 98 97 96 94 92 89 85 83 82 80 79 78 76 75 75 75 75 75 76 77 78
99 97 97 96 95 94 94 94 93 94 94 94 95 95 95 95 95 96 96 97 98 98 98 98 99 101 104 107 109 110 111 113 111 111 112 112 110 109 108 107 106 104 103 102 102 102 102 102 101 100 99 99 100 100 101 103 101 100 99 98 97 98 98 98 97 95 93 91 88 85 83 81 80 79 78 77 77 77 78 79 80 81 82
97 97 96 95 95 94 94 93 93 93 94 94 94 94 94 94 95 96 96 98 98 99 99 99 100 103 106 108 110 110 112 112 111 112 115 113 111 109 109 108 107 105 104 103 102 102 102 102 101 101 100 101 102 101 103 103 101 100 98 97 98 99 100 99 98 96 94 92 90 87 84 82 81 80 79 79 79 79 80 82 83 85 86
96 96 95 95 94 94 94 93 93 93 93 94 93 93 93 94 94 95 96 98 99 100 100 99 100 103 106 108 110 112 112 115 116 116 114 113 112 108 110 109 108 106 105 104 103 103 102 102 101 101 101 102 103 104 104 104 103 102 100 99 100 101 101 101 99 97 95 93 92 89 86 84 82 81 80 80 81 81 82 84 86 88 90
96 95 95 95 94 94 94 93 93 93 93 93 93 93 92 92 93 95 96 98 100 101 101 101 102 104 106 109 110 112 114 116 118 118 117 116 111 109 110 110 108 106 105 104 104 103 103 102 102 102 102 103 104 105 105 105 102 105 104 103 103 103 102 102 101 99 96 95 93 91 88 86 84 82 81 81 82 83 84 86 88 90 91
95 94 94 94 94 94 94 93 93 93 93 92 92 92 92 92 93 94 96 98 100 101 102 102 103 104 107 109 111 113 115 117 119 119 118 118 116 111 110 110 108 107 106 105 104 104 103 103 102 103 103 104 105 106 107 104 103 108 108 107 107 106 105 103 101 100 99 97 95 92 90 88 86 84 83 83 83 84 85 87 88 90 90
94 94 94 94 93 94 93 93 93 93 93 93 92 92 92 92 93 95 96 98 100 101 102 102 105 107 108 109 111 113 115 117 118 119 119 118 118 112 111 110 108 107 106 105 105 104 104 104 104 104 104 105 106 107 109 109 108 111 112 110 110 109 108 106 103 102 100 98 96 94 91 89 88 86 84 85 84 86 87 88 89 89 90
93 93 93 93 93 93 93 93 93 93 92 92 92 92 92 92 93 95 96 98 99 101 102 103 105 106 108 109 110 112 115 117 118 118 118 118 117 115 111 109 108 107 107 106 105 105 105 105 105 105 105 106 107 108 109 110 111 113 113 113 112 111 110 107 106 103 101 99 97 95 93 91 90 87 85 85 86 86 87 88 89 90 90
92 92 93 94 94 94 93 93 93 93 92 92 92 92 92 93 93 95 96 97 99 100 102 103 104 105 108 109 109 112 114 115 116 117 117 117 116 115 112 110 108 107 107 106 105 106 106 105 105 106 106 107 108 109 110 111 112 113 114 114 114 112 113 110 107 105 102 100 97 95 94 92 91 88 87 86 87 87 88 89 89 90 90
92 91 93 93 94 93 93 93 93 93 92 93 92 92 93 93 94 95 96 97 98 100 101 102 104 105 107 109 110 112 113 114 115 116 115 114 113 113 112 110 109 108 107 107 106 106 106 106 106 106 107 107 108 109 110 111 112 113 114 114 114 114 113 111 108 105 102 100 97 95 93 92 90 88 88 88 88 88 89 89 89 90 90
92 92 92 93 93 93 93 93 93 93 93 93 93 93 93 94 94 95 96 97 98 99 101 103 104 105 107 108 110 111 112 113 114 115 114 112 111 111 111 110 109 108 107 107 107 106 106 107 107 107 107 108 109 109 110 111 112 112 113 113 113 113 111 109 106 103 101 99 98 95 93 92 91 89 88 88 89 89 89 89 90 90 90
92 92 92 93 93 93 93 93 93 93 93 93 93 93 93 94 94 95 95 96 97 99 101 102 104 105 106 107 109 110 112 113 113 114 114 112 112 111 110 109 109 108 107 107 107 107 107 107 107 108 108 108 109 109 110 111 111 112 112 112 111 110 108 106 104 102 100 99 97 95 93 93 91 91 90 89 89 89 89 90 90 90 91
92 92 92 92 93 93 93 93 93 93 93 93 93 94 94 94 95 95 96 96 97 98 101 103 104 104 105 107 109 110 111 112 113 113 113 112 111 111 109 109 108 108 108 107 107 107 107 107 107 108 108 108 109 110 110 111 111 112 111 110 109 108 106 104 103 101 99 97 96 94 93 91 91 90 90 89 89 90 90 90 90 91 91
92 92 92 92 92 93 93 93 93 93 93 93 94 94 94 95 95 95 96 96 96 97 100 102 104 104 105 107 109 110 111 112 112 112 112 112 111 110 110 109 108 108 108 107 107 107 107 107 107 108 108 108 109 109 109 110 110 110 109 108 108 107 105 104 102 100 98 97 95 93 92 91 90 90 89 89 90 90 90 91 91 91 91
92 92 92 92 92 92 93 93 93 93 93 93 94 94 95 95 95 96 96 96 96 97 100 102 104 105 106 108 109 110 111 112 112 112 111 111 110 110 109 109 108 108 108 107 107 107 107 107 107 107 108 108 108 109 109 109 109 109 109 108 107 106 105 103 102 100 98 96 94 92 91 90 90 90 90 90 90 90 91 91 91 91 91
92 92 92 92 92 92 92 93 93 93 94 94 94 95 95 96 96 97 97 98 98 99 101 103 105 106 108 109 110 111 112 112 112 112 111 111 109 109 108 108 108 108 107 107 107 107 107 107 107 107 107 108 109 108 108 108 108 108 107 107 106 105 104 103 101 99 97 96 93 91 90 90 90 90 90 90 90 91 91 92 92 92 92
92 92 92 92 92 92 93 93 93 94 94 94 95 95 96 96 97 98 99 99 100 102 103 105 107 109 110 111 112 112 112 112 112 111 110 110 109 108 107 108 108 107 107 106 106 107 107 107 107 107 107 107 108 108 108 108 107 107 107 106 105 105 103 102 100 99 97 95 93 91 90 90 90 90 91 91 91 91 91 92 92 92 93
92 92 92 92 92 92 92 93 93 94 94 95 95 96 97 97 98 99 100 101 103 104 106 107 109 111 112 113 113 113 113 113 112 111 110 109 108 107 107 107 107 107 106 107 107 106 106 106 107 107 107 107 107 107 107 107 107 107 106 105 105 104 103 102 100 99 97 95 93 91 92 94 92 92 92 91 91 92 92 92 93 93 93
92 92 92 92 92 92 93 93 93 94 94 95 96 97 97 98 99 101 102 103 104 106 108 110 111 113 114 115 115 115 114 114 112 111 110 109 107 106 106 106 106 106 106 106 106 106 106 106 106 107 107 107 107 107 107 107 107 106 106 105 104 104 102 101 100 99 97 95 94 92 91 93 91 92 92 92 92 92 93 93 93 94 94
91 92 92 92 92 92 93 93 93 94 95 95 96 97 98 99 100 101 103 104 106 108 110 112 114 115 116 117 117 116 115 114 113 112 110 108 107 105 105 105 105 105 106 106 106 106 106 106 106 106 106 106 106 106 106 106 106 106 105 104 104 103 102 101 100 99 97 96 94 93 92 92 92 92 92 92 93 93 93 93 94 94 95
91 91 92 92 92 92 93 93 94 94 95 95 96 97 99 100 101 103 104 106 108 110 113 114 116 118 119 119 119 118 117 115 114 112 110 108 106 105 104 104 104 105 105 106 106 106 106 106 106 105 106 105 106 105 105 105 105 104 104 104 103 102 102 100 100 99 97 96 95 94 93 93 93 92 93 93 93 93 94 94 95 95 95
91 91 91 92 92 92 93 93 93 94 95 96 97 98 99 100 102 104 105 107 109 112 114 117 119 121 122 122 121 120 118 116 114 112 110 108 106 105 104 104 104 105 105 105 106 106 106 106 106 105 105 105 105 105 105 105 104 104 104 103 103 102 101 100 100 99 97 96 95 95 94 93 93 93 93 93 94 94 95 95 95 96 96
91 91 91 92 92 92 93 93 94 94 95 96 97 98 99 101 102 104 106 108 111 113 116 119 122 124 124 124 123 121 119 117 114 112 110 109 107 105 105 104 104 105 104 104 105 105 105 105 105 105 105 105 105 105 104 104 104 104 103 103 103 102 101 100 99 98 98 97 96 95 94 94 94 94 94 94 94 95 95 95 96 96 97
91 91 91 92 92 92 92 93 94 95 95 96 97 98 99 101 102 104 106 109 111 114 117 120 123 126 128 127 125 122 120 117 114 112 110 108 107 105 105 104 104 104 104 104 104 105 104 104 105 105 104 104 104 104 104 103 103 103 103 102 102 101 100 100 99 98 98 97 96 95 95 95 94 94 94 95 95 95 95 96 96 97 97
91 91 91 91 92 92 93 93 93 94 95 96 97 98 99 101 102 104 107 109 111 114 117 121 124 128 131 129 126 122 119 116 114 112 110 108 107 106 105 105 104 104 104 104 104 104 104 104 104 104 103 104 104 103 103 103 103 103 102 102 101 101 100 99 99 98 98 97 96 96 95 95 95 95 95 95 95 95 96 96 96 97 97
91 91 91 91 91 92 92 93 93 94 95 95 96 98 99 101 102 104 106 108 111 114 117 120 124 128 132 130 125 121 118 115 113 111 109 108 107 106 105 105 104 104 104 104 104 103 103 103 103 103 103 103 103 103 103 102 102 102 102 101 101 100 100 99 98 98 97 97 96 96 96 96 96 95 95 95 95 96 96 96 97 98 98
91 90 91 91 91 92 92 93 93 94 94 95 96 97 99 100 102 104 105 108 110 113 115 118 121 124 126 124 121 118 115 114 111 110 108 107 106 105 105 104 104 104 103 103 103 103 103 103 103 102 103 102 103 103 102 102 102 102 102 101 101 100 99 99 99 98 97 97 97 96 96 96 96 95 96 96 96 96 96 97 97 98 98
90 90 91 91 91 91 92 92 93 93 94 95 96 97 98 99 101 102 104 106 108 111 113 115 117 118 118 117 116 114 113 111 110 108 107 106 106 105 104 104 103 103 103 103 103 102 102 102 102 102 102 102 102 102 102 102 102 102 101 100 100 100 99 99 98 98 97 97 97 96 96 96 96 96 96 96 96 96 97 97 97 98 98
90 90 90 91 91 91 92 92 92 93 93 94 95 96 97 98 100 101 103 105 107 108 110 111 113 113 112 110 110 110 109 108 107 106 106 105 104 104 104 103 103 103 102 103 102 102 102 102 102 102 102 102 102 102 101 101 102 101 100 100 99 99 99 98 98 98 97 97 97 96 96 96 96 96 96 96 96 97 97 97 98 98 99
