data/studyarea/bio3.asc
NCOLS 462 
NROWS 586 
XLLCORNER -113 
YLLCORNER -53.1666666666667 
CELLSIZE 0.166666666666667 
NODATA_value -9999 
[rows 114 to 151 of 586, columns 0 to 83 of 462]
-9999 -9999 -9999 -9999 -9999 58 58 59 59 58 58 57 56 -9999 -9999 -9999 -9999 -9999 -9999 -9999 -9999 -9999 -9999 60 60 60 60 60 60 61 60 59 59 59 59 59 59 59 59 59 59 59 59 59 60 60 60 60 60 60 60 60 59 59 59 57 57 56 54 52 51 51 52 57 57 56 55 54 53 52 53 54 55 59 62 63 58 48 46 45 46 45 45 45
-9999 -9999 -9999 -9999 -9999 58 58 59 59 58 58 58 57 56 -9999 -9999 -9999 -9999 -9999 -9999 -9999 -9999 -9999 -9999 -9999 -9999 60 60 60 60 60 59 59 59 60 60 60 59 59 58 58 59 59 59 60 60 61 61 61 61 59 60 59 58 57 57 57 57 57 55 55 54 54 54 54 57 58 59 59 58 55 55 60 59 62 64 65 54 47 46 46 46 46 45
-9999 -9999 -9999 -9999 56 57 58 58 59 59 58 58 58 57 57 -9999 -9999 -9999 -9999 -9999 -9999 -9999 -9999 -9999 -9999 -9999 -9999 -9999 60 60 60 60 60 60 60 61 61 60 58 59 59 60 60 60 60 61 61 62 62 62 60 60 60 60 58 57 58 58 58 58 58 60 58 59 57 58 57 58 61 60 58 57 58 58 62 64 66 61 51 48 47 47 46 45
-9999 -9999 -9999 -9999 55 56 56 57 57 58 58 59 59 58 57 -9999 -9999 -9999 -9999 -9999 -9999 -9999 -9999 -9999 -9999 -9999 -9999 -9999 60 60 60 60 60 60 60 61 61 60 58 58 58 59 60 60 60 61 61 62 62 62 61 61 61 60 60 59 59 59 59 61 61 63 63 63 62 61 60 61 59 58 58 57 60 60 62 64 66 65 61 50 48 47 47 46
-9999 -9999 -9999 -9999 55 55 55 55 56 57 58 59 58 58 57 -9999 -9999 -9999 -9999 -9999 -9999 -9999 -9999 -9999 -9999 -9999 -9999 -9999 -9999 60 60 60 60 60 61 61 61 60 58 58 58 58 59 60 60 60 61 62 62 62 62 62 62 61 61 61 62 61 61 62 65 68 68 66 65 64 61 63 65 60 60 59 59 62 63 65 67 67 65 56 49 48 47 49
-9999 -9999 -9999 -9999 54 53 54 54 54 56 58 58 59 58 -9999 56 56 -9999 -9999 -9999 -9999 -9999 -9999 -9999 -9999 -9999 -9999 -9999 -9999 60 60 60 60 60 60 61 61 60 58 58 57 58 59 59 60 60 60 61 61 61 61 61 62 62 62 62 63 62 63 65 68 70 70 67 65 66 64 63 68 66 61 65 62 63 65 65 66 67 66 59 50 49 48 51
-9999 -9999 -9999 -9999 -9999 -9999 53 54 54 56 58 59 59 58 56 55 55 -9999 55 -9999 -9999 -9999 -9999 -9999 -9999 -9999 -9999 -9999 -9999 -9999 -9999 60 59 59 59 60 60 59 57 57 58 58 59 59 60 60 60 60 60 60 60 60 61 62 62 63 63 63 65 66 68 69 68 67 64 66 67 66 66 65 64 65 64 63 63 65 66 67 67 63 54 50 49 49
-9999 -9999 -9999 -9999 -9999 -9999 -9999 54 -9999 57 58 58 59 58 57 55 55 56 56 55 -9999 -9999 -9999 -9999 -9999 -9999 -9999 -9999 -9999 -9999 -9999 -9999 59 59 59 59 60 59 57 57 57 58 59 59 59 60 60 60 60 59 58 59 60 61 62 62 63 64 65 66 67 68 68 66 65 65 66 66 67 65 66 66 64 64 65 64 65 65 67 61 55 51 50 50
-9999 -9999 -9999 -9999 -9999 -9999 -9999 -9999 -9999 -9999 -9999 58 58 58 57 56 56 57 55 55 -9999 -9999 -9999 -9999 -9999 -9999 -9999 -9999 -9999 -9999 -9999 -9999 -9999 -9999 59 59 59 60 58 57 57 57 58 59 59 59 59 59 59 58 57 58 59 60 61 62 63 64 65 65 66 67 67 66 66 66 66 66 67 67 67 66 64 66 66 65 65 64 64 61 58 55 52 51
-9999 -9999 -9999 -9999 -9999 -9999 -9999 -9999 -9999 -9999 -9999 -9999 57 57 57 57 57 58 55 55 -9999 -9999 -9999 -9999 -9999 -9999 -9999 -9999 -9999 -9999 -9999 -9999 -9999 -9999 -9999 59 59 60 60 59 58 57 58 58 58 59 59 59 58 58 57 58 58 59 61 61 62 64 65 65 65 66 67 66 66 66 67 67 68 68 67 66 65 65 66 65 66 65 66 65 64 60 53 51
-9999 -9999 -9999 -9999 -9999 -9999 -9999 -9999 -9999 -9999 -9999 -9999 -9999 57 58 58 58 58 58 56 -9999 -9999 -9999 -9999 -9999 -9999 -9999 -9999 -9999 -9999 -9999 -9999 -9999 -9999 -9999 -9999 59 59 60 59 58 57 57 58 58 59 58 59 59 58 58 58 58 59 60 61 62 64 65 65 66 66 65 66 66 67 68 68 69 68 67 66 67 65 64 65 66 65 64 66 63 59 56 52
-9999 -9999 -9999 -9999 -9999 -9999 -9999 -9999 -9999 -9999 -9999 -9999 -9999 -9999 58 58 59 59 59 56 54 54 -9999 -9999 -9999 -9999 -9999 -9999 -9999 -9999 -9999 -9999 -9999 -9999 -9999 -9999 -9999 59 59 59 59 59 58 59 59 59 58 58 59 59 59 56 58 59 60 61 62 64 66 66 66 65 65 66 67 67 68 69 69 68 67 66 66 65 62 64 64 65 62 64 62 58 58 55
-9999 -9999 -9999 -9999 -9999 -9999 -9999 -9999 -9999 -9999 -9999 -9999 -9999 -9999 -9999 -9999 59 59 59 55 54 54 -9999 -9999 -9999 -9999 -9999 -9999 -9999 -9999 -9999 -9999 -9999 -9999 -9999 -9999 -9999 -9999 57 57 58 59 58 58 59 59 58 58 59 59 58 57 59 60 60 61 62 64 65 65 65 65 66 66 67 67 69 69 69 67 67 65 65 63 62 64 62 63 63 62 61 58 58 56
-9999 -9999 -9999 -9999 -9999 -9999 -9999 -9999 -9999 -9999 -9999 -9999 -9999 -9999 -9999 -9999 59 58 58 56 55 55 -9999 -9999 -9999 -9999 -9999 -9999 -9999 -9999 -9999 -9999 -9999 -9999 -9999 -9999 -9999 -9999 -9999 55 57 58 60 59 59 59 59 58 59 58 58 58 60 60 61 61 62 62 64 64 64 64 66 66 67 68 69 69 68 67 66 64 63 63 62 62 61 61 62 61 61 59 59 55
-9999 -9999 -9999 -9999 -9999 -9999 -9999 -9999 -9999 -9999 -9999 -9999 -9999 -9999 -9999 -9999 -9999 58 57 57 57 56 -9999 -9999 -9999 -9999 -9999 -9999 -9999 -9999 -9999 -9999 -9999 -9999 -9999 -9999 -9999 -9999 -9999 54 55 57 58 59 60 59 60 59 59 58 58 59 61 59 60 61 62 62 62 63 63 64 66 67 67 68 68 68 68 66 65 63 63 63 62 61 61 60 61 59 60 58 59 54
-9999 -9999 -9999 -9999 -9999 -9999 -9999 -9999 -9999 -9999 -9999 -9999 -9999 -9999 -9999 -9999 -9999 57 57 57 -9999 -9999 -9999 -9999 -9999 -9999 -9999 -9999 -9999 -9999 -9999 -9999 -9999 -9999 -9999 -9999 -9999 -9999 -9999 -9999 56 57 57 59 60 61 61 60 60 59 59 59 60 59 60 61 62 62 62 63 63 64 66 67 68 68 68 68 67 66 65 65 65 64 63 62 61 59 59 58 58 55 54 53
-9999 -9999 -9999 -9999 -9999 -9999 -9999 -9999 -9999 -9999 -9999 -9999 -9999 -9999 -9999 -9999 -9999 -9999 -9999 -9999 -9999 -9999 -9999 -9999 -9999 -9999 -9999 -9999 -9999 -9999 -9999 -9999 -9999 -9999 -9999 -9999 -9999 -9999 -9999 -9999 -9999 57 58 58 60 61 62 60 61 60 60 60 60 60 60 61 61 62 62 63 64 64 66 67 68 68 68 68 67 67 67 68 68 65 64 63 61 58 58 57 58 53 53 52
-9999 -9999 -9999 -9999 -9999 -9999 -9999 -9999 -9999 -9999 -9999 -9999 -9999 -9999 -9999 -9999 -9999 -9999 -9999 -9999 -9999 -9999 -9999 -9999 -9999 -9999 -9999 -9999 -9999 -9999 -9999 -9999 -9999 -9999 -9999 -9999 -9999 -9999 -9999 -9999 -9999 -9999 -9999 59 60 61 62 61 61 61 61 60 61 61 61 61 61 62 62 63 64 64 65 66 67 67 67 67 67 67 66 68 68 66 64 63 61 59 58 58 59 54 52 52
-9999 -9999 -9999 -9999 -9999 -9999 -9999 -9999 -9999 -9999 -9999 -9999 -9999 -9999 -9999 -9999 -9999 -9999 -9999 -9999 -9999 -9999 -9999 -9999 -9999 -9999 -9999 -9999 -9999 -9999 -9999 -9999 -9999 -9999 -9999 -9999 -9999 -9999 -9999 -9999 -9999 -9999 -9999 60 61 62 62 63 62 61 62 61 61 61 61 61 62 62 62 63 65 65 65 65 65 66 66 66 66 66 67 67 67 66 65 63 60 59 58 58 59 56 52 51
-9999 -9999 -9999 -9999 -9999 -9999 -9999 -9999 -9999 -9999 -9999 -9999 -9999 -9999 -9999 -9999 -9999 -9999 -9999 -9999 -9999 -9999 -9999 -9999 -9999 -9999 -9999 -9999 -9999 -9999 -9999 -9999 -9999 -9999 -9999 -9999 -9999 -9999 -9999 -9999 -9999 -9999 -9999 -9999 60 62 62 64 63 62 62 62 61 61 61 62 62 62 62 63 64 65 64 64 64 65 65 65 65 65 66 66 66 65 65 63 61 59 58 58 59 57 52 51
-9999 -9999 -9999 -9999 -9999 -9999 -9999 -9999 -9999 -9999 -9999 -9999 -9999 -9999 -9999 -9999 -9999 -9999 -9999 -9999 -9999 -9999 -9999 -9999 -9999 -9999 -9999 -9999 -9999 -9999 -9999 -9999 -9999 -9999 -9999 -9999 -9999 -9999 -9999 -9999 -9999 -9999 -9999 -9999 61 61 62 63 64 63 63 62 62 61 61 62 62 62 62 63 64 64 64 64 63 63 64 64 64 65 65 65 65 65 65 64 63 60 58 59 60 56 52 51
-9999 -9999 -9999 -9999 -9999 -9999 -9999 -9999 -9999 -9999 -9999 -9999 -9999 -9999 -9999 -9999 -9999 -9999 -9999 -9999 -9999 -9999 -9999 -9999 -9999 -9999 -9999 -9999 -9999 -9999 -9999 -9999 -9999 -9999 -9999 -9999 -9999 -9999 -9999 -9999 -9999 -9999 59 -9999 61 62 63 64 64 64 63 63 62 62 62 62 62 62 62 63 63 64 64 63 63 63 63 63 63 63 64 64 66 66 65 65 64 60 58 59 59 56 53 52
-9999 -9999 -9999 -9999 -9999 -9999 -9999 -9999 -9999 -9999 -9999 -9999 -9999 -9999 -9999 -9999 -9999 -9999 -9999 -9999 -9999 -9999 -9999 -9999 -9999 -9999 -9999 -9999 -9999 -9999 -9999 -9999 -9999 -9999 -9999 -9999 -9999 55 55 -9999 -9999 -9999 -9999 -9999 61 62 63 65 65 64 64 63 62 62 62 62 62 62 62 63 64 64 64 64 64 63 63 62 62 62 63 65 65 66 66 65 65 62 59 58 57 56 54 54
-9999 -9999 -9999 -9999 -9999 -9999 -9999 -9999 -9999 -9999 -9999 -9999 -9999 -9999 -9999 -9999 -9999 -9999 -9999 -9999 -9999 -9999 -9999 -9999 -9999 -9999 -9999 -9999 -9999 -9999 -9999 -9999 -9999 -9999 -9999 -9999 -9999 -9999 56 -9999 -9999 -9999 -9999 -9999 -9999 60 62 65 66 65 64 63 63 62 62 62 62 62 62 64 63 63 64 65 65 63 62 62 62 62 62 64 64 65 65 66 64 62 62 58 58 56 56 57
-9999 -9999 -9999 -9999 -9999 -9999 -9999 -9999 -9999 -9999 -9999 -9999 -9999 -9999 -9999 -9999 -9999 -9999 -9999 -9999 -9999 -9999 -9999 -9999 -9999 -9999 -9999 -9999 -9999 -9999 -9999 -9999 -9999 -9999 -9999 -9999 -9999 -9999 -9999 57 -9999 -9999 -9999 -9999 -9999 -9999 63 66 66 65 64 64 63 63 62 62 62 62 62 64 63 64 63 64 64 63 63 62 62 62 63 63 64 65 65 65 66 64 63 62 59 57 61 61
-9999 -9999 -9999 -9999 -9999 -9999 -9999 -9999 -9999 -9999 -9999 -9999 -9999 -9999 -9999 -9999 -9999 -9999 -9999 -9999 -9999 -9999 -9999 -9999 -9999 -9999 -9999 -9999 -9999 -9999 -9999 -9999 -9999 -9999 -9999 -9999 -9999 -9999 -9999 -9999 58 -9999 -9999 -9999 -9999 -9999 64 66 66 65 64 63 63 62 62 62 62 63 63 63 64 64 65 64 64 63 62 62 62 62 63 64 65 65 65 65 66 65 65 65 63 59 61 61
-9999 -9999 -9999 -9999 -9999 -9999 -9999 -9999 -9999 -9999 -9999 -9999 -9999 -9999 -9999 -9999 -9999 -9999 -9999 -9999 -9999 -9999 -9999 -9999 -9999 -9999 -9999 -9999 -9999 -9999 -9999 -9999 -9999 -9999 -9999 -9999 -9999 -9999 -9999 -9999 -9999 -9999 -9999 -9999 -9999 -9999 66 67 66 65 64 64 63 63 63 63 62 63 63 63 64 64 65 64 63 62 62 62 62 62 63 64 64 64 65 65 65 66 66 65 65 63 62 62
-9999 -9999 -9999 -9999 -9999 -9999 -9999 -9999 -9999 -9999 -9999 -9999 -9999 -9999 -9999 -9999 -9999 -9999 -9999 -9999 -9999 -9999 -9999 -9999 -9999 -9999 -9999 -9999 -9999 -9999 -9999 -9999 -9999 -9999 -9999 -9999 -9999 -9999 -9999 -9999 -9999 -9999 -9999 -9999 -9999 67 68 68 66 66 65 64 64 64 63 63 63 63 63 62 64 64 64 63 63 62 61 62 63 64 63 64 64 64 64 64 66 66 67 66 66 65 65 63
-9999 -9999 -9999 -9999 -9999 -9999 -9999 -9999 -9999 -9999 -9999 -9999 -9999 -9999 -9999 -9999 -9999 -9999 -9999 -9999 -9999 -9999 -9999 -9999 -9999 -9999 -9999 -9999 -9999 -9999 -9999 -9999 -9999 -9999 -9999 -9999 -9999 -9999 -9999 -9999 -9999 -9999 -9999 -9999 65 67 68 68 66 65 65 64 64 65 64 64 63 62 63 63 64 64 64 64 63 62 61 62 63 64 64 64 64 64 65 65 65 66 67 66 66 67 66 65
-9999 -9999 -9999 -9999 -9999 -9999 -9999 -9999 -9999 -9999 -9999 -9999 -9999 -9999 -9999 -9999 -9999 -9999 -9999 -9999 -9999 -9999 -9999 -9999 -9999 -9999 -9999 -9999 -9999 -9999 -9999 -9999 -9999 -9999 -9999 -9999 -9999 -9999 -9999 -9999 -9999 -9999 -9999 -9999 -9999 69 70 67 66 65 64 65 65 65 64 64 63 62 62 63 64 65 64 63 63 63 62 63 63 64 64 64 64 64 64 65 65 66 66 66 67 67 67 66
-9999 -9999 -9999 -9999 -9999 -9999 -9999 -9999 -9999 -9999 -9999 -9999 -9999 -9999 -9999 -9999 -9999 -9999 -9999 -9999 -9999 -9999 -9999 -9999 -9999 -9999 -9999 -9999 -9999 -9999 -9999 -9999 -9999 -9999 -9999 -9999 -9999 -9999 -9999 -9999 -9999 -9999 -9999 67 70 71 68 66 65 65 64 65 65 64 63 63 63 62 62 63 64 64 63 63 62 62 63 63 63 63 63 63 64 65 65 66 67 66 66 67 67 68 67 67
-9999 -9999 -9999 -9999 -9999 -9999 -9999 -9999 -9999 -9999 -9999 -9999 -9999 -9999 -9999 -9999 -9999 -9999 -9999 -9999 -9999 -9999 -9999 -9999 -9999 -9999 -9999 -9999 -9999 -9999 -9999 -9999 -9999 -9999 -9999 -9999 -9999 -9999 -9999 -9999 -9999 -9999 -9999 -9999 69 71 69 68 67 65 65 65 66 64 63 62 63 62 62 63 63 63 62 62 63 62 63 63 63 63 63 64 65 65 66 67 69 68 67 67 67 68 68 68
-9999 -9999 -9999 -9999 -9999 -9999 -9999 -9999 -9999 -9999 -9999 -9999 -9999 -9999 -9999 -9999 -9999 -9999 -9999 -9999 -9999 -9999 -9999 -9999 -9999 -9999 -9999 -9999 -9999 -9999 -9999 -9999 -9999 -9999 -9999 -9999 -9999 -9999 -9999 -9999 -9999 -9999 -9999 -9999 70 71 72 70 68 67 65 66 66 65 64 60 62 63 62 62 63 63 63 62 63 63 63 63 64 64 64 64 64 64 65 68 69 70 69 68 68 68 69 68
-9999 -9999 -9999 -9999 -9999 -9999 -9999 -9999 -9999 -9999 -9999 -9999 -9999 -9999 -9999 -9999 -9999 -9999 -9999 -9999 -9999 -9999 -9999 -9999 -9999 -9999 -9999 -9999 -9999 -9999 -9999 -9999 -9999 -9999 -9999 -9999 -9999 -9999 -9999 -9999 -9999 -9999 -9999 -9999 -9999 71 72 70 69 67 66 66 66 66 65 62 64 63 62 62 63 63 63 64 64 64 65 64 65 64 64 65 65 65 67 66 68 70 70 69 68 69 70 69
-9999 -9999 -9999 -9999 -9999 -9999 -9999 -9999 -9999 -9999 -9999 -9999 -9999 -9999 -9999 -9999 -9999 -9999 -9999 -9999 -9999 -9999 -9999 -9999 -9999 -9999 -9999 -9999 -9999 -9999 -9999 -9999 -9999 -9999 -9999 -9999 -9999 -9999 -9999 -9999 -9999 -9999 -9999 -9999 -9999 71 72 71 68 67 67 66 67 66 66 65 64 64 64 64 64 64 64 64 64 65 65 65 65 64 64 64 65 66 67 67 71 71 69 68 68 68 69 69
-9999 -9999 -9999 -9999 -9999 -9999 -9999 -9999 -9999 -9999 -9999 -9999 -9999 -9999 -9999 -9999 -9999 -9999 -9999 -9999 -9999 -9999 -9999 -9999 -9999 -9999 -9999 -9999 -9999 -9999 -9999 -9999 -9999 -9999 -9999 -9999 -9999 -9999 -9999 -9999 -9999 -9999 -9999 -9999 -9999 -9999 72 72 71 69 68 68 66 66 67 66 63 65 64 64 64 65 66 65 65 65 65 65 65 66 65 66 66 67 67 67 70 70 69 66 69 69 68 69
-9999 -9999 -9999 -9999 -9999 -9999 -9999 -9999 -9999 -9999 -9999 -9999 -9999 -9999 -9999 -9999 -9999 -9999 -9999 -9999 -9999 -9999 -9999 -9999 -9999 -9999 -9999 -9999 -9999 -9999 -9999 -9999 -9999 -9999 -9999 -9999 -9999 -9999 -9999 -9999 -9999 -9999 -9999 -9999 -9999 -9999 -9999 72 72 71 69 68 68 68 66 68 66 67 65 65 65 65 65 66 65 66 67 66 66 67 67 66 66 67 68 67 68 69 68 67 67 69 68 69
-9999 -9999 -9999 -9999 -9999 -9999 -9999 -9999 -9999 -9999 -9999 -9999 -9999 -9999 -9999 -9999 -9999 -9999 -9999 -9999 -9999 -9999 -9999 -9999 -9999 -9999 -9999 -9999 -9999 -9999 -9999 -9999 -9999 -9999 -9999 -9999 -9999 -9999 -9999 -9999 -9999 -9999 -9999 -9999 -9999 -9999 -9999 -9999 73 73 73 72 71 69 70 71 70 68 65 64 65 65 65 66 67 68 69 68 67 68 68 66 66 66 65 67 66 67 70 69 68 69 70 69
