data/studyarea/bio3.asc
NCOLS 462 
NROWS 586 
XLLCORNER -113 
YLLCORNER -53.1666666666667 
CELLSIZE 0.166666666666667 
NODATA_value -9999 
[rows 152 to 189 of 586, columns 84 to 167 of 462]
70 71 73 70 69 70 71 72 73 74 73 68 63 63 62 59 57 57 57 -9999 -9999 -9999 -9999 -9999 -9999 -9999 -9999 -9999 -9999 -9999 -9999 -9999 -9999 -9999 -9999 -9999 -9999 -9999 -9999 -9999 -9999 -9999 -9999 -9999 -9999 -9999 65 65 65 64 65 64 64 64 63 63 62 63 64 64 65 65 66 67 68 68 69 68 69 -9999 -9999 -9999 -9999 -9999 -9999 -9999 -9999 -9999 -9999 -9999 -9999 -9999 -9999 -9999
77 74 73 73 71 70 71 71 72 73 72 66 64 63 61 60 57 56 57 -9999 -9999 -9999 -9999 -9999 -9999 -9999 -9999 -9999 -9999 -9999 -9999 -9999 -9999 -9999 -9999 -9999 -9999 -9999 -9999 -9999 -9999 -9999 -9999 -9999 -9999 65 65 65 65 65 65 64 64 63 63 63 63 63 63 64 64 65 66 67 67 68 69 68 69 -9999 -9999 -9999 -9999 -9999 -9999 -9999 -9999 -9999 -9999 -9999 -9999 -9999 -9999 -9999
71 76 75 75 72 71 71 70 72 72 70 68 64 62 61 60 57 56 57 58 60 60 59 60 -9999 -9999 -9999 -9999 -9999 -9999 -9999 -9999 -9999 -9999 -9999 -9999 -9999 -9999 -9999 64 63 62 62 63 63 64 65 65 65 65 64 64 64 63 63 62 62 62 63 64 64 65 66 67 68 68 68 69 68 -9999 -9999 -9999 -9999 -9999 -9999 -9999 -9999 -9999 -9999 -9999 -9999 -9999 -9999 -9999
69 69 71 71 71 71 71 71 70 71 71 69 65 62 61 59 58 56 57 58 59 58 57 59 61 63 -9999 -9999 -9999 -9999 -9999 -9999 -9999 -9999 -9999 -9999 -9999 67 66 65 63 62 62 63 -9999 64 64 64 65 64 64 63 63 63 62 62 62 62 62 63 64 65 66 66 68 69 69 69 -9999 67 68 -9999 -9999 -9999 -9999 -9999 -9999 -9999 -9999 -9999 -9999 -9999 -9999 -9999
69 68 69 68 69 71 71 71 71 69 69 69 66 61 60 59 57 56 56 56 57 57 55 56 58 60 -9999 -9999 -9999 -9999 -9999 61 63 63 63 65 65 67 66 64 62 61 61 62 63 63 64 64 65 64 63 63 62 62 62 62 62 61 62 63 64 65 66 66 67 67 69 68 -9999 -9999 -9999 -9999 -9999 -9999 -9999 -9999 -9999 -9999 -9999 -9999 -9999 -9999 -9999 -9999
67 67 66 67 68 69 70 70 69 69 68 68 66 64 58 57 56 56 56 56 56 56 55 56 57 58 59 -9999 59 60 60 61 63 63 64 65 65 65 64 64 62 60 60 62 62 63 64 64 64 64 64 62 62 61 61 61 61 61 62 63 64 64 65 66 67 68 69 69 -9999 -9999 -9999 -9999 -9999 -9999 -9999 -9999 -9999 -9999 -9999 -9999 -9999 -9999 -9999 -9999
66 66 66 66 67 68 69 70 69 68 68 66 65 64 60 56 56 56 56 56 56 55 55 56 56 57 58 58 59 59 60 61 62 63 64 64 65 65 64 63 61 61 62 61 62 63 63 63 64 63 63 62 61 61 61 60 60 61 61 62 63 64 64 65 66 68 68 68 -9999 -9999 -9999 -9999 -9999 -9999 -9999 -9999 -9999 -9999 -9999 -9999 -9999 -9999 -9999 -9999
66 66 65 67 68 68 70 70 70 67 67 66 65 66 63 59 57 57 58 58 57 56 55 55 56 56 57 58 58 59 60 61 61 62 63 64 65 64 64 63 62 62 61 62 63 63 63 63 63 63 62 61 61 60 60 60 59 60 62 63 63 65 64 64 65 68 68 -9999 -9999 -9999 -9999 -9999 -9999 -9999 -9999 -9999 -9999 -9999 -9999 -9999 -9999 -9999 -9999 -9999
66 67 66 69 70 70 71 70 70 69 69 67 65 67 64 62 59 59 59 60 58 57 57 56 56 56 57 58 58 58 59 60 60 62 63 64 64 65 63 63 62 61 61 61 63 63 63 63 64 63 62 62 60 59 59 58 58 60 61 62 64 64 64 64 64 64 -9999 -9999 -9999 -9999 -9999 -9999 -9999 -9999 -9999 -9999 -9999 -9999 -9999 -9999 -9999 -9999 -9999 -9999
69 70 66 67 71 71 73 72 71 71 71 69 67 68 68 67 63 62 61 60 60 59 58 58 57 57 58 58 59 60 60 60 61 62 63 64 65 65 64 64 63 61 61 61 62 63 63 63 63 63 63 61 60 58 57 57 58 60 61 62 63 64 64 63 63 63 -9999 64 -9999 -9999 -9999 -9999 -9999 -9999 -9999 -9999 -9999 -9999 -9999 -9999 -9999 -9999 -9999 -9999
72 72 70 72 73 74 73 73 73 72 72 71 70 70 69 70 66 68 64 62 61 60 59 58 57 58 58 59 60 60 61 61 62 63 64 65 66 66 68 66 64 64 63 63 63 64 64 64 63 63 63 62 60 58 57 57 57 59 61 62 63 63 63 63 63 63 63 63 63 64 -9999 -9999 -9999 -9999 -9999 -9999 -9999 -9999 -9999 -9999 -9999 -9999 -9999 -9999
71 72 73 74 73 74 74 74 73 72 73 72 70 70 70 71 68 69 67 65 63 62 60 59 59 59 59 60 61 62 62 63 63 65 67 69 70 68 70 71 70 65 66 65 64 64 64 64 64 63 63 63 62 60 57 57 57 60 62 63 63 63 63 63 63 62 62 62 62 -9999 -9999 -9999 -9999 -9999 -9999 -9999 -9999 -9999 -9999 -9999 -9999 -9999 -9999 -9999
72 72 72 72 71 72 72 74 73 72 72 72 70 69 70 72 70 70 70 67 66 64 63 60 60 61 62 64 62 64 65 64 65 65 67 68 71 70 70 72 72 71 72 70 68 65 65 65 64 64 63 63 62 61 59 58 58 60 61 62 59 60 62 63 64 63 -9999 -9999 -9999 -9999 -9999 -9999 -9999 -9999 -9999 -9999 -9999 -9999 -9999 -9999 -9999 -9999 -9999 -9999
74 75 73 73 72 72 72 72 74 72 72 72 72 69 70 70 69 70 69 69 67 67 66 64 62 62 63 65 67 67 67 67 68 68 69 69 69 73 74 73 73 73 71 70 70 69 66 65 65 64 64 62 62 60 58 58 59 61 62 58 58 59 61 64 64 63 -9999 -9999 -9999 -9999 -9999 -9999 -9999 -9999 -9999 -9999 -9999 -9999 -9999 -9999 -9999 -9999 -9999 -9999
78 78 77 75 74 74 73 72 72 72 73 73 72 68 69 69 68 69 68 68 68 68 67 64 62 63 66 68 69 68 68 67 68 69 69 69 69 73 73 74 75 73 73 72 71 71 69 66 65 64 63 62 60 60 59 58 60 61 61 60 60 61 63 63 63 -9999 64 64 -9999 -9999 -9999 -9999 -9999 -9999 -9999 -9999 -9999 -9999 -9999 -9999 -9999 -9999 -9999 -9999
79 79 78 78 76 75 74 73 73 72 72 72 71 69 71 68 68 69 68 71 68 68 67 63 62 63 65 67 69 70 69 68 68 69 69 70 70 71 73 74 75 74 74 73 72 71 71 68 66 64 62 62 61 60 59 59 60 62 63 62 62 63 63 62 63 63 -9999 -9999 -9999 -9999 -9999 -9999 -9999 -9999 -9999 -9999 -9999 -9999 68 -9999 -9999 -9999 -9999 -9999
-9999 79 79 79 79 78 76 74 74 73 72 72 71 69 68 69 72 70 69 70 71 70 68 65 64 64 66 69 70 70 70 69 69 68 68 68 69 70 71 72 75 74 74 74 73 70 70 69 67 65 64 62 61 60 61 61 62 63 64 63 64 63 62 61 -9999 -9999 -9999 -9999 -9999 -9999 -9999 -9999 -9999 -9999 69 69 69 69 68 -9999 -9999 -9999 -9999 -9999
-9999 -9999 78 79 79 79 77 76 75 74 73 72 71 72 72 76 78 76 72 72 71 71 70 68 66 66 68 70 72 72 72 70 70 68 67 68 68 69 70 70 73 74 74 74 73 71 70 69 68 67 66 64 62 62 61 61 62 64 64 64 62 62 62 -9999 -9999 -9999 -9999 -9999 -9999 -9999 -9999 -9999 -9999 -9999 69 -9999 -9999 -9999 -9999 -9999 -9999 -9999 -9999 -9999
-9999 -9999 -9999 -9999 -9999 79 78 77 77 77 75 75 74 73 74 77 76 75 74 75 75 73 72 -9999 -9999 -9999 -9999 72 72 74 74 73 71 70 68 69 69 70 69 70 70 72 73 75 75 73 72 70 70 68 67 65 65 63 62 62 63 64 63 62 62 61 -9999 -9999 -9999 -9999 -9999 -9999 -9999 -9999 -9999 -9999 70 -9999 -9999 -9999 -9999 69 68 -9999 -9999 -9999 -9999 -9999
-9999 -9999 -9999 -9999 -9999 -9999 -9999 78 78 78 79 80 80 79 78 78 78 79 79 78 76 76 -9999 -9999 -9999 -9999 -9999 -9999 -9999 -9999 75 75 73 72 71 72 72 73 72 70 70 71 72 74 75 75 74 72 71 70 69 68 67 65 62 63 65 65 64 63 62 62 61 64 -9999 -9999 70 71 70 70 70 -9999 -9999 -9999 -9999 70 68 68 68 68 68 67 66 65
-9999 -9999 -9999 -9999 -9999 -9999 -9999 -9999 -9999 -9999 -9999 82 83 83 84 84 84 82 81 -9999 -9999 -9999 -9999 -9999 -9999 -9999 -9999 -9999 -9999 -9999 -9999 -9999 75 75 74 73 73 73 73 71 70 70 71 74 75 74 76 75 72 71 71 70 69 67 66 66 66 66 66 64 63 63 63 64 67 68 70 71 70 70 71 72 72 71 70 70 68 68 68 68 67 66 65 66
-9999 -9999 -9999 -9999 -9999 -9999 -9999 -9999 -9999 -9999 -9999 -9999 -9999 -9999 86 86 -9999 -9999 -9999 -9999 -9999 -9999 -9999 -9999 -9999 -9999 -9999 -9999 -9999 -9999 -9999 -9999 -9999 76 76 76 75 74 73 73 73 72 74 75 73 73 74 76 75 73 72 70 70 68 68 68 69 68 66 65 65 65 64 66 67 68 70 71 69 71 70 71 64 66 68 69 68 68 67 67 67 66 66 65
-9999 -9999 -9999 -9999 -9999 -9999 -9999 -9999 -9999 -9999 -9999 -9999 -9999 -9999 -9999 -9999 -9999 -9999 -9999 -9999 -9999 -9999 -9999 -9999 -9999 -9999 -9999 -9999 -9999 -9999 -9999 -9999 -9999 -9999 77 78 78 77 75 73 73 74 74 74 73 72 73 74 75 75 73 70 71 70 69 69 70 69 67 66 66 66 67 67 68 69 70 69 68 65 65 68 70 70 69 69 67 65 65 66 66 65 66 65
-9999 -9999 -9999 -9999 -9999 -9999 -9999 -9999 -9999 -9999 -9999 -9999 -9999 -9999 -9999 -9999 -9999 -9999 -9999 -9999 -9999 -9999 -9999 -9999 -9999 -9999 -9999 -9999 -9999 -9999 -9999 -9999 -9999 -9999 -9999 79 79 79 77 76 74 73 73 72 72 73 76 77 77 75 73 71 71 68 69 71 70 68 69 67 68 67 67 68 68 69 71 68 67 67 68 66 65 65 66 66 65 65 66 67 65 65 65 65
-9999 -9999 -9999 -9999 -9999 -9999 -9999 -9999 -9999 -9999 -9999 -9999 -9999 -9999 -9999 -9999 -9999 -9999 -9999 -9999 -9999 -9999 -9999 -9999 -9999 -9999 -9999 -9999 -9999 -9999 -9999 -9999 -9999 -9999 -9999 -9999 78 78 77 75 79 76 72 71 70 71 74 74 76 75 74 71 69 73 71 70 71 69 68 67 67 68 67 67 69 70 71 69 68 65 67 64 65 63 63 65 64 66 66 66 66 66 66 66
-9999 -9999 -9999 -9999 -9999 -9999 -9999 -9999 -9999 -9999 -9999 -9999 -9999 -9999 -9999 -9999 -9999 -9999 -9999 -9999 -9999 -9999 -9999 -9999 -9999 -9999 -9999 -9999 -9999 -9999 -9999 -9999 -9999 -9999 -9999 -9999 -9999 78 77 77 77 79 80 70 68 67 69 72 76 76 74 70 66 65 66 69 69 67 67 66 66 67 67 67 71 67 71 70 68 68 67 62 63 64 64 65 65 64 65 68 66 67 68 67
-9999 -9999 -9999 -9999 -9999 -9999 -9999 -9999 -9999 -9999 -9999 -9999 -9999 -9999 -9999 -9999 -9999 -9999 -9999 -9999 -9999 -9999 -9999 -9999 -9999 -9999 -9999 -9999 -9999 -9999 -9999 -9999 -9999 -9999 -9999 -9999 -9999 -9999 77 77 77 77 79 82 74 72 74 72 70 73 73 71 68 67 71 67 68 67 67 66 66 66 66 66 70 72 67 70 68 66 67 65 63 64 64 64 67 68 70 69 69 69 69 68
-9999 -9999 -9999 -9999 -9999 -9999 -9999 -9999 -9999 -9999 -9999 -9999 -9999 -9999 -9999 -9999 -9999 -9999 -9999 -9999 -9999 -9999 -9999 -9999 -9999 -9999 -9999 -9999 -9999 -9999 -9999 -9999 -9999 -9999 -9999 -9999 -9999 -9999 -9999 77 77 77 76 76 78 81 79 80 71 70 72 71 73 74 69 69 69 69 67 67 66 66 66 65 66 69 65 67 68 66 66 65 63 63 65 67 69 69 70 69 70 69 69 69
-9999 -9999 -9999 -9999 -9999 -9999 -9999 -9999 -9999 -9999 -9999 -9999 -9999 -9999 -9999 -9999 -9999 -9999 -9999 -9999 -9999 -9999 -9999 -9999 -9999 -9999 -9999 -9999 -9999 -9999 -9999 -9999 -9999 -9999 -9999 -9999 -9999 -9999 -9999 -9999 76 75 75 75 76 76 79 80 79 77 75 74 75 75 71 70 71 71 70 69 67 66 66 66 65 67 67 68 69 63 66 65 63 63 64 66 67 69 71 70 69 70 70 70
-9999 -9999 -9999 -9999 -9999 -9999 -9999 -9999 -9999 -9999 -9999 -9999 -9999 -9999 -9999 -9999 -9999 -9999 -9999 -9999 -9999 -9999 -9999 -9999 -9999 -9999 -9999 -9999 -9999 -9999 -9999 -9999 -9999 -9999 -9999 -9999 -9999 -9999 -9999 -9999 -9999 -9999 73 74 75 74 75 76 76 76 78 77 78 75 72 73 74 73 72 71 71 70 69 69 67 67 67 67 71 65 67 66 65 65 65 66 68 68 69 69 69 70 71 71
-9999 -9999 -9999 -9999 -9999 -9999 -9999 -9999 -9999 -9999 -9999 -9999 -9999 -9999 -9999 -9999 -9999 -9999 -9999 -9999 -9999 -9999 -9999 -9999 -9999 -9999 -9999 -9999 -9999 -9999 -9999 -9999 -9999 -9999 -9999 -9999 -9999 -9999 -9999 -9999 -9999 -9999 -9999 74 73 73 73 74 73 75 77 77 78 78 76 75 74 75 74 75 75 74 74 74 73 68 67 70 68 65 67 66 68 66 65 69 69 68 69 69 70 70 72 71
-9999 -9999 -9999 -9999 -9999 -9999 -9999 -9999 -9999 -9999 -9999 -9999 -9999 -9999 -9999 -9999 -9999 -9999 -9999 -9999 -9999 -9999 -9999 -9999 -9999 -9999 -9999 -9999 -9999 -9999 -9999 -9999 -9999 -9999 -9999 -9999 -9999 -9999 -9999 -9999 -9999 -9999 -9999 -9999 -9999 73 73 72 72 74 77 77 78 78 76 76 75 76 76 75 75 76 76 75 75 74 72 74 70 69 68 67 67 70 68 70 68 70 71 71 70 72 72 72
-9999 -9999 -9999 -9999 -9999 -9999 -9999 -9999 -9999 -9999 -9999 -9999 -9999 -9999 -9999 -9999 -9999 -9999 -9999 -9999 -9999 -9999 -9999 -9999 -9999 -9999 -9999 -9999 -9999 -9999 -9999 -9999 -9999 -9999 -9999 -9999 -9999 -9999 -9999 -9999 -9999 -9999 -9999 -9999 -9999 -9999 -9999 -9999 -9999 -9999 -9999 -9999 77 78 77 77 77 76 75 75 75 76 76 75 76 75 76 76 74 74 71 70 70 73 70 70 72 71 70 71 70 72 72 71
-9999 -9999 -9999 -9999 -9999 -9999 -9999 -9999 -9999 -9999 -9999 -9999 -9999 -9999 -9999 -9999 -9999 -9999 -9999 -9999 -9999 -9999 -9999 -9999 -9999 -9999 -9999 -9999 -9999 -9999 -9999 -9999 -9999 -9999 -9999 -9999 -9999 -9999 -9999 -9999 -9999 -9999 -9999 -9999 -9999 -9999 -9999 -9999 -9999 -9999 -9999 -9999 -9999 -9999 77 77 77 76 76 76 76 76 76 76 75 75 75 76 77 77 75 74 74 73 74 74 73 74 73 71 71 71 72 72
-9999 -9999 -9999 -9999 -9999 -9999 -9999 -9999 -9999 -9999 -9999 -9999 -9999 -9999 -9999 -9999 -9999 -9999 -9999 -9999 -9999 -9999 -9999 -9999 -9999 -9999 -9999 -9999 -9999 -9999 -9999 -9999 -9999 -9999 -9999 -9999 -9999 -9999 -9999 -9999 -9999 -9999 -9999 -9999 -9999 -9999 -9999 -9999 -9999 -9999 -9999 -9999 -9999 -9999 -9999 -9999 76 77 76 76 77 77 76 77 77 76 76 77 77 78 77 77 74 74 76 75 74 74 73 72 71 71 72 73
-9999 -9999 -9999 -9999 -9999 -9999 -9999 -9999 -9999 -9999 -9999 -9999 -9999 -9999 -9999 -9999 -9999 -9999 -9999 -9999 -9999 -9999 -9999 -9999 -9999 -9999 -9999 -9999 -9999 -9999 -9999 -9999 -9999 -9999 -9999 -9999 -9999 -9999 -9999 -9999 -9999 -9999 -9999 -9999 -9999 -9999 -9999 -9999 -9999 -9999 -9999 -9999 -9999 -9999 -9999 -9999 -9999 -9999 -9999 -9999 77 77 76 77 78 78 77 78 78 77 77 76 75 75 75 75 73 72 72 73 72 72 72 72
-9999 -9999 -9999 -9999 -9999 -9999 -9999 -9999 -9999 -9999 -9999 -9999 -9999 -9999 -9999 -9999 -9999 -9999 -9999 -9999 -9999 -9999 -9999 -9999 -9999 -9999 -9999 -9999 -9999 -9999 -9999 -9999 -9999 -9999 -9999 -9999 -9999 -9999 -9999 -9999 -9999 -9999 -9999 -9999 -9999 -9999 -9999 -9999 -9999 -9999 -9999 -9999 -9999 -9999 -9999 -9999 -9999 -9999 -9999 -9999 -9999 -9999 -9999 -9999 78 -9999 78 -9999 77 77 75 74 74 74 74 74 73 73 72 72 72 71 72 72
-9999 -9999 -9999 -9999 -9999 -9999 -9999 -9999 -9999 -9999 -9999 -9999 -9999 -9999 -9999 -9999 -9999 -9999 -9999 -9999 -9999 -9999 -9999 -9999 -9999 -9999 -9999 -9999 -9999 -9999 -9999 -9999 -9999 -9999 -9999 -9999 -9999 -9999 -9999 -9999 -9999 -9999 -9999 -9999 -9999 -9999 -9999 -9999 -9999 -9999 -9999 -9999 -9999 -9999 -9999 -9999 -9999 -9999 -9999 -9999 -9999 -9999 -9999 -9999 -9999 -9999 -9999 76 76 75 74 73 73 74 73 74 73 73 73 72 72 72 72 71
