data/studyarea/bio3.asc
NCOLS 462 
NROWS 586 
XLLCORNER -113 
YLLCORNER -53.1666666666667 
CELLSIZE 0.166666666666667 
NODATA_value -9999 
[rows 342 to 379 of 586, columns 252 to 335 of 462]
78 77 76 75 74 74 74 73 73 73 73 72 72 72 71 70 70 70 70 71 70 70 71 71 71 71 71 71 71 71 71 71 71 71 70 71 71 71 71 71 71 71 72 71 72 72 72 72 72 71 71 71 70 70 70 71 70 71 70 70 70 70 70 70 70 70 70 69 69 69 69 69 69 68 69 68 69 70 70 70 70 69 69 69
78 77 76 76 75 75 74 74 74 73 74 73 73 71 71 71 71 70 70 71 70 71 70 71 71 71 71 71 71 71 71 71 70 71 71 71 71 71 71 71 71 71 71 72 72 72 72 72 71 71 71 71 71 71 71 70 70 70 70 70 70 70 70 70 70 70 70 69 69 69 69 69 69 69 69 68 69 69 70 70 70 70 70 71
79 77 76 76 75 74 74 74 74 74 73 73 73 72 72 72 71 71 71 71 71 71 70 71 71 71 71 71 71 71 71 71 71 71 71 70 70 70 71 71 71 71 71 72 72 72 71 72 72 71 71 71 71 71 71 71 70 70 70 70 70 70 70 70 70 70 70 70 69 69 69 69 69 68 68 69 69 69 70 71 71 71 72 72
79 78 76 75 75 75 75 74 75 74 73 73 73 72 72 72 72 71 71 71 71 71 71 71 71 71 72 71 71 71 71 71 71 71 70 70 70 70 70 71 71 71 71 72 72 72 72 72 72 72 71 71 71 71 71 71 71 70 70 70 70 70 70 70 70 71 71 70 70 70 70 69 69 69 69 69 69 70 71 71 72 72 72 72
78 78 76 75 75 75 74 74 75 74 73 73 73 73 72 72 72 71 71 71 71 72 71 71 71 71 72 71 71 71 71 71 71 71 70 70 70 71 70 71 71 71 71 72 72 72 72 72 72 72 72 72 71 71 71 71 71 71 70 70 70 70 71 70 70 70 70 70 70 70 70 69 69 69 70 69 70 70 71 72 73 73 73 73
76 75 77 76 75 75 75 75 74 74 74 74 73 72 72 72 72 72 72 71 72 71 71 71 71 71 72 71 71 71 71 71 71 71 71 70 70 71 71 71 72 72 72 72 72 72 72 72 72 72 72 72 71 72 71 72 71 71 71 71 71 71 70 70 70 71 70 71 70 70 70 69 70 69 70 70 70 71 71 72 73 74 73 74
71 69 71 75 76 76 75 75 75 74 73 73 73 73 72 72 72 71 72 72 72 72 72 72 72 71 71 71 71 71 71 72 71 71 71 70 71 70 71 71 71 71 72 71 72 71 72 71 72 72 72 71 72 71 71 71 71 71 71 71 71 71 71 70 70 70 70 71 70 70 70 70 70 70 71 71 71 71 72 72 73 73 73 74
68 68 68 70 71 72 74 75 75 74 73 74 73 73 72 72 72 72 72 72 72 72 72 72 71 71 71 71 71 71 71 71 71 71 71 70 70 70 71 70 71 71 70 71 71 71 71 71 71 72 71 71 72 71 71 71 71 71 71 71 71 71 70 70 71 70 71 71 71 71 71 71 70 71 70 71 72 72 73 73 72 73 73 74
68 68 68 68 68 68 70 73 74 74 73 73 73 72 72 72 72 71 72 72 72 71 72 71 71 70 70 70 70 70 70 70 71 71 70 70 70 70 70 70 70 70 70 70 71 71 70 71 71 71 71 71 71 70 71 71 71 71 71 71 71 72 71 70 70 71 71 71 71 71 71 71 71 71 71 71 72 72 72 72 72 72 73 73
68 68 68 68 68 68 69 70 71 73 74 73 72 72 71 72 71 71 71 71 71 72 72 71 71 70 70 69 69 69 69 69 70 69 69 69 69 69 69 69 69 70 69 70 70 70 70 71 70 70 70 71 70 70 71 71 70 70 70 70 71 71 71 70 71 71 71 71 71 72 72 71 72 72 72 72 72 72 72 72 72 72 72 73
68 68 68 68 68 68 68 68 70 72 73 73 72 72 72 72 72 71 70 70 70 72 71 71 70 69 69 68 68 68 67 67 68 68 68 68 68 68 68 69 68 69 69 69 70 70 70 70 70 70 70 70 70 71 71 70 70 70 70 70 70 71 71 70 70 70 71 71 71 72 72 72 72 72 72 73 73 72 72 72 71 71 71 72
68 68 68 68 68 68 68 68 69 70 72 72 73 72 71 72 72 71 70 69 69 70 70 70 69 68 68 67 67 67 66 66 66 67 66 67 67 68 67 68 68 68 69 68 69 69 69 69 70 70 70 70 70 70 70 70 70 70 70 70 70 70 71 70 71 70 71 70 71 72 72 73 73 72 73 73 73 72 72 72 71 70 71 71
68 68 68 68 68 67 67 67 67 68 68 70 73 72 72 72 72 71 69 68 68 69 69 68 67 67 66 66 65 65 65 65 65 65 65 66 66 66 67 67 67 67 68 68 68 69 69 69 69 70 70 69 70 70 70 70 70 70 70 69 70 70 70 70 71 71 71 71 71 72 72 73 73 73 73 72 72 72 72 71 71 71 70 69
68 68 68 69 69 69 69 68 68 67 67 68 72 72 72 71 73 72 70 69 68 68 68 67 66 65 65 64 64 64 64 64 63 64 64 65 65 65 66 66 67 67 67 68 68 68 69 69 69 70 70 70 70 70 69 70 70 69 69 69 69 70 70 71 70 70 71 71 71 71 72 72 72 72 73 73 73 72 72 71 71 70 70 70
68 68 68 69 69 69 69 69 68 67 67 67 69 72 72 72 72 73 70 69 69 68 67 67 66 64 64 63 63 63 63 62 62 63 63 64 65 65 65 66 66 67 67 68 68 68 68 69 69 69 69 69 70 70 69 69 69 69 69 69 69 69 69 70 70 71 70 71 71 71 72 72 72 72 72 72 71 72 72 71 71 70 70 70
68 68 68 69 69 69 69 69 68 68 67 67 69 71 73 71 71 73 71 69 70 68 67 66 65 64 64 63 63 63 62 62 62 62 63 64 64 64 65 65 66 66 67 67 68 68 68 69 69 69 69 69 69 69 70 69 69 69 69 69 69 69 69 70 70 70 70 70 71 70 71 71 72 71 71 71 71 71 70 71 71 71 71 71
69 69 69 69 70 70 70 70 69 68 67 68 69 72 72 73 70 71 73 70 69 69 68 67 66 64 64 63 63 62 62 62 62 63 63 64 64 64 64 65 65 66 67 67 67 68 68 68 69 69 69 69 69 69 69 69 69 69 69 69 69 69 69 69 70 70 70 70 70 70 71 71 71 71 70 71 70 70 70 70 70 71 70 70
70 69 69 70 70 70 70 70 70 69 68 68 70 70 73 74 71 69 70 69 67 68 68 68 65 64 64 63 63 62 62 62 62 62 63 64 64 64 65 65 65 65 66 67 67 67 68 68 68 69 69 69 69 69 69 69 69 69 69 68 68 68 69 69 69 69 69 69 70 70 70 71 71 70 70 69 70 69 69 69 69 69 69 70
70 70 70 70 70 70 70 69 70 69 68 68 71 73 70 72 74 72 70 70 71 68 67 69 69 65 64 64 63 62 62 62 62 63 63 64 64 64 65 65 65 66 66 66 67 66 67 68 68 68 69 69 69 69 69 69 69 69 68 69 69 69 69 69 69 69 69 69 70 70 70 70 70 70 69 69 68 68 68 68 68 68 68 69
71 71 71 71 71 71 71 71 71 70 69 67 67 70 69 70 71 73 72 70 70 71 69 67 68 67 64 63 63 63 62 63 63 63 62 64 64 64 64 65 66 65 65 66 66 66 67 67 67 68 69 69 69 69 69 69 69 68 68 68 68 68 68 69 69 69 69 69 70 70 70 70 70 70 68 68 68 68 67 67 67 67 68 68
72 72 72 71 72 72 72 72 71 70 69 67 67 66 67 67 69 73 73 72 71 72 70 70 67 68 66 63 63 62 62 62 62 62 62 63 64 63 64 64 65 65 66 65 66 66 67 67 67 68 69 69 69 69 69 69 68 68 68 68 68 68 68 68 68 69 69 69 69 70 70 69 69 69 68 68 68 67 66 65 66 67 67 67
73 73 73 73 72 73 73 72 72 70 68 67 66 65 66 67 68 72 74 74 73 73 72 70 69 68 68 65 63 62 62 62 62 62 62 63 63 63 63 64 64 64 65 66 66 66 66 67 68 69 69 69 70 70 69 69 68 68 68 68 68 68 67 68 68 68 68 68 69 69 69 69 69 68 68 67 67 67 65 65 65 66 66 66
73 74 73 73 72 73 73 72 71 70 67 66 65 65 65 67 68 69 73 74 73 74 72 71 70 69 68 68 65 63 62 62 62 63 63 63 62 63 63 64 64 64 64 65 65 66 66 67 68 69 69 69 70 70 69 69 68 68 68 67 68 67 67 68 68 68 68 68 68 68 68 69 69 68 68 67 67 66 66 65 65 65 65 65
74 75 73 73 73 72 72 71 70 69 68 66 65 64 65 65 68 69 70 73 73 73 72 73 73 70 69 69 68 65 63 63 62 62 63 63 62 63 63 64 63 64 64 64 64 65 65 67 67 68 69 69 70 70 69 69 69 68 68 67 67 67 67 67 68 67 68 68 67 68 68 68 68 68 67 67 66 66 66 65 65 65 65 65
75 76 74 74 73 72 71 71 70 69 67 66 64 65 65 65 66 70 71 71 73 72 72 73 74 71 72 70 70 68 65 62 63 62 63 62 62 62 63 63 63 64 64 64 64 65 66 66 67 68 69 69 70 70 69 69 69 68 68 67 67 68 67 67 67 67 67 67 67 68 67 68 68 68 67 67 66 66 65 65 65 65 65 65
80 78 75 74 73 73 72 71 70 69 67 66 65 65 66 65 66 68 70 71 71 72 72 72 73 72 73 72 70 69 67 64 62 63 62 62 62 62 62 63 63 63 63 63 63 63 64 65 67 69 70 70 70 70 70 69 69 68 68 67 67 67 66 67 67 67 67 67 67 67 67 68 67 67 67 67 66 66 66 65 65 65 65 65
80 77 75 74 73 73 72 72 71 69 68 67 66 66 66 66 66 67 68 70 71 70 72 72 71 73 71 72 71 71 68 66 63 62 62 62 62 62 62 63 63 63 63 63 63 63 63 65 67 69 69 70 70 70 69 69 69 68 67 67 67 67 66 67 66 66 66 66 67 67 68 68 68 67 67 67 66 66 66 65 65 65 65 65
79 78 75 74 74 73 72 72 71 70 69 68 67 67 66 67 67 66 67 69 70 70 71 71 71 71 72 71 71 71 69 67 66 63 63 62 62 62 62 63 63 63 63 63 62 62 62 64 67 69 69 70 70 70 69 69 68 68 67 66 66 66 66 66 66 66 65 65 66 67 67 67 68 68 67 67 67 66 66 66 65 65 65 65
76 78 77 76 75 73 73 72 72 71 70 69 68 67 67 67 68 67 66 69 70 71 70 70 70 72 71 70 70 71 70 69 69 66 66 65 64 63 63 63 63 63 64 63 62 61 61 64 67 69 70 70 70 70 70 69 68 68 67 66 66 65 65 65 65 66 65 65 65 66 67 67 67 67 68 67 67 66 66 65 65 66 65 65
71 73 75 76 75 75 73 73 72 71 71 70 69 68 68 67 67 67 68 70 72 71 70 70 70 70 70 69 66 68 69 69 68 68 68 67 67 66 65 65 64 63 63 63 62 61 61 65 69 70 70 70 70 70 69 68 68 67 67 66 66 65 65 65 66 65 65 65 66 66 67 67 67 68 68 67 67 66 66 66 66 65 65 65
64 65 69 71 74 74 74 73 72 72 72 71 70 69 69 68 68 69 70 72 72 71 70 69 69 68 69 67 64 67 67 68 66 68 70 70 70 71 69 69 68 66 64 63 62 62 63 65 69 70 70 70 70 69 69 68 67 67 66 65 65 65 65 65 65 65 65 65 66 66 67 67 67 67 67 67 67 67 66 66 65 66 65 65
60 62 63 64 70 73 74 73 73 72 72 71 70 70 69 69 69 70 70 71 72 71 69 67 68 68 67 67 65 67 67 67 67 68 70 71 70 72 71 72 71 69 67 66 64 62 62 64 66 69 69 70 70 69 68 68 67 66 65 65 65 64 64 65 66 66 66 66 66 67 67 67 67 67 67 67 67 67 67 66 66 66 65 65
57 57 56 59 63 68 73 73 73 73 73 72 72 70 70 70 70 70 70 71 71 70 67 65 66 67 66 66 66 66 66 67 68 67 65 66 67 69 70 71 71 70 70 68 68 64 63 63 65 67 68 69 69 68 68 67 67 66 65 65 65 65 65 65 67 67 67 66 67 68 68 68 68 67 68 67 67 67 66 66 66 66 65 65
56 54 53 54 57 63 72 73 73 73 73 72 71 71 70 70 70 70 70 70 69 68 66 64 66 66 65 65 66 66 67 66 67 66 64 64 65 67 69 70 69 69 70 70 68 64 64 64 65 66 67 68 68 67 67 67 66 65 65 65 65 65 65 67 67 67 68 67 67 67 67 68 68 67 67 67 67 67 67 67 66 66 66 65
-9999 -9999 51 51 54 61 69 72 72 73 73 72 72 71 70 70 70 69 69 69 69 67 66 65 65 66 65 65 66 66 66 66 65 67 66 65 65 67 68 68 70 70 69 69 68 65 64 64 65 66 67 67 66 67 67 66 66 65 65 65 65 65 66 66 67 67 67 68 67 67 67 67 67 68 68 67 68 67 67 67 66 66 65 65
-9999 -9999 -9999 49 53 61 66 72 72 73 73 72 72 71 70 70 70 69 69 68 68 67 66 65 65 66 65 65 65 65 66 66 65 65 64 66 65 67 68 68 70 69 70 69 68 65 64 64 65 65 66 66 66 66 65 65 65 65 65 65 65 66 66 67 67 67 67 67 67 67 67 67 67 67 67 67 67 68 67 67 67 66 66 65
-9999 -9999 -9999 52 56 60 65 71 72 72 72 72 71 71 70 70 70 69 68 68 67 67 66 66 66 66 66 65 65 65 65 66 66 67 65 64 65 65 66 66 67 69 69 67 66 64 63 64 65 64 65 65 65 65 65 65 65 65 65 65 65 65 65 65 67 67 67 67 67 67 67 67 67 67 67 67 67 67 67 67 66 66 65 65
-9999 -9999 -9999 54 57 61 64 68 72 72 72 72 71 71 70 70 69 69 68 68 68 67 66 66 66 65 65 65 65 65 65 66 67 69 68 65 69 67 66 66 67 68 67 66 63 63 62 63 64 64 64 64 64 64 64 64 64 65 65 65 65 65 65 66 66 66 67 67 67 66 66 67 66 67 67 67 67 67 67 66 66 65 64 65
