data/studyarea/bio3.asc
NCOLS 462 
NROWS 586 
XLLCORNER -113 
YLLCORNER -53.1666666666667 
CELLSIZE 0.166666666666667 
NODATA_value -9999 
[rows 266 to 303 of 586, columns 168 to 251 of 462]
-9999 -9999 -9999 -9999 -9999 -9999 -9999 -9999 -9999 -9999 -9999 -9999 -9999 -9999 -9999 -9999 -9999 -9999 -9999 -9999 -9999 -9999 -9999 -9999 -9999 -9999 -9999 -9999 -9999 78 78 78 79 78 78 80 85 87 86 87 92 89 87 89 90 90 89 88 88 86 86 86 86 87 87 87 86 83 81 81 79 80 79 80 79 79 77 78 78 77 78 77 77 77 77 77 77 78 77 78 79 80 80 80
-9999 -9999 -9999 -9999 -9999 -9999 -9999 -9999 -9999 -9999 -9999 -9999 -9999 -9999 -9999 -9999 -9999 -9999 -9999 -9999 -9999 -9999 -9999 -9999 -9999 -9999 -9999 -9999 77 78 79 79 79 79 79 80 85 85 90 88 92 87 85 89 89 90 89 88 88 87 86 85 87 87 87 87 86 83 82 80 78 78 79 79 79 79 78 79 78 78 78 78 78 77 77 78 77 78 78 79 79 80 80 81
-9999 -9999 -9999 -9999 -9999 -9999 -9999 -9999 -9999 -9999 -9999 -9999 -9999 -9999 -9999 -9999 -9999 -9999 -9999 -9999 -9999 -9999 -9999 -9999 -9999 -9999 -9999 74 76 78 79 80 79 80 79 80 85 86 91 89 89 84 87 89 89 88 89 88 87 87 86 86 86 86 87 85 85 83 81 80 79 78 79 79 80 80 80 79 79 79 79 79 78 78 77 76 76 77 78 80 79 80 81 82
-9999 -9999 -9999 -9999 -9999 -9999 -9999 -9999 -9999 -9999 -9999 -9999 -9999 -9999 -9999 -9999 -9999 -9999 -9999 -9999 -9999 -9999 -9999 -9999 -9999 -9999 -9999 73 78 79 80 79 79 78 78 84 84 87 92 92 84 86 88 88 88 89 89 88 87 86 86 85 86 85 85 85 84 83 81 80 79 79 78 79 79 80 80 80 80 80 79 79 79 78 77 76 76 76 77 78 79 81 82 82
-9999 -9999 -9999 -9999 -9999 -9999 -9999 -9999 -9999 -9999 -9999 -9999 -9999 -9999 -9999 -9999 -9999 -9999 -9999 -9999 -9999 -9999 -9999 -9999 -9999 -9999 -9999 73 77 79 81 81 80 77 77 84 87 91 91 86 82 83 86 87 87 88 89 88 87 86 86 85 85 86 85 85 84 83 81 81 80 79 79 79 81 80 80 80 80 80 80 80 79 76 76 75 75 76 77 78 79 80 82 83
-9999 -9999 -9999 -9999 -9999 -9999 -9999 -9999 -9999 -9999 -9999 -9999 -9999 -9999 -9999 -9999 -9999 -9999 -9999 -9999 -9999 -9999 -9999 -9999 -9999 -9999 76 78 79 80 81 81 81 78 76 84 88 88 89 84 83 85 87 88 88 88 88 88 88 86 87 85 86 85 86 85 84 83 81 81 80 80 80 81 81 81 81 80 80 81 80 80 79 78 76 76 76 76 77 78 79 81 83 83
-9999 -9999 -9999 -9999 -9999 -9999 -9999 -9999 -9999 -9999 -9999 -9999 -9999 -9999 -9999 -9999 -9999 -9999 -9999 -9999 -9999 -9999 -9999 -9999 72 74 78 81 81 82 83 83 82 78 76 83 87 87 86 83 84 85 88 87 87 89 88 88 87 87 86 86 86 86 86 85 84 82 81 81 81 82 82 81 82 81 82 82 81 81 80 81 80 78 78 77 76 77 78 80 80 81 82 83
-9999 -9999 -9999 -9999 -9999 -9999 -9999 -9999 -9999 -9999 -9999 -9999 -9999 -9999 -9999 -9999 -9999 -9999 -9999 -9999 -9999 -9999 -9999 -9999 74 76 78 80 82 82 83 83 81 77 77 81 86 85 82 82 82 85 88 87 89 88 88 87 88 87 88 87 86 86 86 86 84 83 81 82 81 83 82 83 82 82 83 82 82 83 81 81 80 80 78 79 78 78 79 80 81 81 83 83
-9999 -9999 -9999 -9999 -9999 -9999 -9999 -9999 -9999 -9999 -9999 -9999 -9999 -9999 -9999 -9999 -9999 -9999 -9999 -9999 -9999 -9999 -9999 68 73 75 79 80 82 83 84 82 80 77 78 80 85 83 80 81 81 83 88 87 88 88 88 89 87 87 87 87 86 87 86 86 85 84 83 83 83 83 83 82 84 83 84 83 83 83 83 82 81 81 80 80 80 80 80 80 81 82 83 83
-9999 -9999 -9999 -9999 -9999 -9999 -9999 -9999 -9999 -9999 -9999 -9999 -9999 -9999 -9999 -9999 -9999 -9999 -9999 -9999 -9999 -9999 -9999 -9999 -9999 75 78 81 81 83 81 80 80 78 79 84 87 85 81 82 82 85 86 87 88 88 89 88 89 88 87 87 87 86 86 85 85 84 84 84 83 84 84 84 84 85 85 84 84 84 83 83 83 82 81 81 81 82 80 82 83 83 84 84
-9999 -9999 -9999 -9999 -9999 -9999 -9999 -9999 -9999 -9999 -9999 -9999 -9999 -9999 -9999 -9999 -9999 -9999 -9999 -9999 -9999 -9999 -9999 -9999 69 74 78 80 82 82 81 80 77 76 79 83 87 86 82 84 83 85 86 87 87 88 88 88 87 88 86 87 86 86 86 86 85 85 84 85 85 84 86 85 85 85 85 85 84 84 84 85 83 84 83 83 82 82 83 83 83 84 85 86
-9999 -9999 -9999 -9999 -9999 -9999 -9999 -9999 -9999 -9999 -9999 -9999 -9999 -9999 -9999 -9999 -9999 -9999 -9999 -9999 -9999 -9999 -9999 -9999 -9999 71 77 80 80 81 79 79 76 75 79 81 87 89 86 87 83 85 88 87 88 88 87 88 88 87 87 86 86 86 86 86 86 84 85 85 85 85 86 87 87 86 86 86 85 85 85 85 84 85 84 84 84 84 83 83 83 84 85 85
-9999 -9999 -9999 -9999 -9999 -9999 -9999 -9999 -9999 -9999 -9999 -9999 -9999 -9999 -9999 -9999 -9999 -9999 -9999 -9999 -9999 -9999 -9999 -9999 -9999 67 73 78 80 81 80 78 75 74 78 81 86 90 89 88 85 85 87 88 88 89 88 87 87 87 87 86 86 86 86 86 86 86 85 87 87 86 87 87 87 87 87 86 86 86 85 85 85 85 85 85 84 84 84 84 85 84 84 85
-9999 -9999 -9999 -9999 -9999 -9999 -9999 -9999 -9999 -9999 -9999 -9999 -9999 -9999 -9999 -9999 -9999 -9999 -9999 -9999 -9999 -9999 -9999 -9999 -9999 61 68 75 78 80 79 77 75 73 75 85 87 90 90 88 85 85 86 86 88 87 87 86 88 86 86 87 86 86 86 86 86 87 87 86 87 87 87 87 87 88 87 87 87 86 86 85 85 85 85 85 85 85 84 84 84 85 85 85
-9999 -9999 -9999 -9999 -9999 -9999 -9999 -9999 -9999 -9999 -9999 -9999 -9999 -9999 -9999 -9999 -9999 -9999 -9999 -9999 -9999 -9999 -9999 48 50 57 64 71 74 76 76 77 76 73 75 87 87 90 88 89 85 84 85 87 86 86 86 86 86 86 87 87 86 86 86 86 86 85 86 87 87 87 87 88 87 88 88 88 87 87 87 86 86 86 85 85 85 85 85 85 84 84 86 85
-9999 -9999 -9999 -9999 -9999 -9999 -9999 -9999 -9999 -9999 -9999 -9999 -9999 -9999 -9999 -9999 -9999 -9999 -9999 -9999 -9999 -9999 -9999 -9999 51 56 62 67 71 73 75 77 75 75 81 85 89 88 88 89 85 84 85 86 85 85 86 86 86 86 87 86 87 86 86 85 86 86 86 86 86 87 87 87 88 88 87 87 87 87 87 86 85 85 86 84 85 85 85 85 85 85 85 86
-9999 -9999 -9999 -9999 -9999 -9999 -9999 -9999 -9999 -9999 -9999 -9999 -9999 -9999 -9999 -9999 -9999 -9999 -9999 -9999 -9999 -9999 -9999 -9999 -9999 -9999 63 66 68 72 75 75 75 81 88 86 87 86 87 86 83 84 84 85 85 86 86 86 86 87 86 86 86 86 86 86 86 85 86 86 86 86 87 87 88 88 88 87 87 86 86 86 85 85 85 85 86 86 85 85 85 85 85 85
-9999 -9999 -9999 -9999 -9999 -9999 -9999 -9999 -9999 -9999 -9999 -9999 -9999 -9999 -9999 -9999 -9999 -9999 -9999 -9999 -9999 -9999 -9999 -9999 -9999 -9999 -9999 67 67 71 73 75 83 85 85 86 84 86 87 85 83 83 84 85 85 85 86 86 86 86 87 87 86 86 86 86 85 85 85 86 85 87 87 88 87 87 87 86 86 86 86 86 86 86 85 85 85 85 85 85 85 85 86 85
-9999 -9999 -9999 -9999 -9999 -9999 -9999 -9999 -9999 -9999 -9999 -9999 -9999 -9999 -9999 -9999 -9999 -9999 -9999 -9999 -9999 -9999 -9999 -9999 -9999 -9999 -9999 65 68 69 73 74 84 86 84 81 83 86 85 85 84 84 84 85 85 85 85 86 86 86 86 87 86 86 86 86 86 86 86 86 85 86 86 86 87 86 87 86 86 86 86 85 85 85 85 85 85 85 85 86 86 85 85 85
-9999 -9999 -9999 -9999 -9999 -9999 -9999 -9999 -9999 -9999 -9999 -9999 -9999 -9999 -9999 -9999 -9999 -9999 -9999 -9999 -9999 -9999 -9999 -9999 -9999 -9999 -9999 65 66 66 69 76 90 83 82 82 83 84 85 84 83 83 85 84 85 85 85 85 85 86 86 86 86 86 86 86 85 85 85 85 86 86 87 85 86 87 87 87 87 87 85 86 84 84 84 84 85 85 85 85 86 86 86 86
-9999 -9999 -9999 -9999 -9999 -9999 -9999 -9999 -9999 -9999 -9999 -9999 -9999 -9999 -9999 -9999 -9999 -9999 -9999 -9999 -9999 -9999 -9999 -9999 -9999 -9999 -9999 64 67 66 66 78 91 89 90 83 83 86 86 85 84 83 84 84 85 85 85 85 86 86 85 86 86 85 86 85 84 85 85 85 85 85 85 86 86 86 86 86 86 86 85 85 85 85 85 85 84 84 85 85 86 86 86 86
-9999 -9999 -9999 -9999 -9999 -9999 -9999 -9999 -9999 -9999 -9999 -9999 -9999 -9999 -9999 -9999 -9999 -9999 -9999 -9999 -9999 -9999 -9999 -9999 -9999 -9999 -9999 69 70 71 71 85 91 91 90 86 84 86 85 85 84 83 84 85 85 85 85 85 85 85 86 86 86 85 85 85 84 83 84 84 84 85 85 85 86 86 86 86 86 86 85 85 85 85 84 85 85 84 85 86 85 86 86 85
-9999 -9999 -9999 -9999 -9999 -9999 -9999 -9999 -9999 -9999 -9999 -9999 -9999 -9999 -9999 -9999 -9999 -9999 -9999 -9999 -9999 -9999 -9999 -9999 -9999 -9999 70 71 74 77 80 89 89 88 88 85 87 85 84 83 82 83 84 84 85 85 85 85 85 85 85 85 85 85 85 84 84 84 83 84 84 86 85 85 85 86 86 86 86 86 85 85 85 85 84 85 84 85 86 85 85 85 86 86
-9999 -9999 -9999 -9999 -9999 -9999 -9999 -9999 -9999 -9999 -9999 -9999 -9999 -9999 -9999 -9999 -9999 -9999 -9999 -9999 -9999 -9999 -9999 -9999 -9999 68 74 76 80 83 91 91 89 90 88 88 86 83 83 83 82 82 84 85 85 85 85 85 84 85 86 86 85 85 85 86 84 84 83 84 84 85 84 85 85 86 86 85 85 85 85 84 84 84 85 85 85 85 86 85 86 87 86 86
-9999 -9999 -9999 -9999 -9999 -9999 -9999 -9999 -9999 -9999 -9999 -9999 -9999 -9999 -9999 -9999 -9999 -9999 -9999 -9999 -9999 -9999 -9999 -9999 66 71 76 82 86 90 90 89 88 88 87 85 84 82 83 83 82 82 83 85 85 85 85 85 85 85 85 85 86 85 85 85 84 85 84 84 84 85 84 85 85 85 85 85 84 84 84 83 84 84 84 84 84 84 84 84 85 84 85 85
-9999 -9999 -9999 -9999 -9999 -9999 -9999 -9999 -9999 -9999 -9999 -9999 -9999 -9999 -9999 -9999 -9999 -9999 -9999 -9999 -9999 -9999 -9999 63 66 73 80 81 86 90 89 90 89 88 87 86 83 83 82 81 82 82 84 85 85 85 84 85 85 85 86 86 85 86 85 85 86 84 85 84 85 85 84 85 86 84 84 84 84 84 83 83 84 84 84 84 84 84 84 84 85 85 85 84
-9999 -9999 -9999 -9999 -9999 -9999 -9999 -9999 -9999 -9999 -9999 -9999 -9999 -9999 -9999 -9999 -9999 -9999 -9999 -9999 -9999 -9999 62 64 67 78 79 80 82 86 90 90 90 90 88 87 85 83 82 82 82 82 85 85 84 86 84 85 85 84 85 85 86 85 86 85 86 85 85 85 85 85 84 85 84 85 84 85 85 84 84 84 84 84 83 84 84 84 84 84 84 85 84 85
-9999 -9999 -9999 -9999 -9999 -9999 -9999 -9999 -9999 -9999 -9999 -9999 -9999 -9999 -9999 -9999 -9999 -9999 -9999 -9999 -9999 -9999 61 64 69 74 74 75 77 84 86 90 90 89 88 88 86 83 82 83 84 84 85 86 84 85 85 85 85 84 84 86 85 86 86 86 85 86 86 85 84 84 86 84 84 84 84 83 83 83 84 83 83 83 83 83 84 84 85 85 85 85 85 85
-9999 -9999 -9999 -9999 -9999 -9999 -9999 -9999 -9999 -9999 -9999 -9999 -9999 -9999 -9999 -9999 -9999 -9999 -9999 -9999 -9999 -9999 61 65 71 70 71 72 76 83 88 92 90 89 89 87 88 85 83 82 84 85 86 84 85 84 83 83 83 84 84 85 85 86 86 87 86 86 86 86 85 85 85 84 84 84 84 84 83 83 83 83 83 83 83 84 84 83 84 84 84 85 84 84
-9999 -9999 -9999 -9999 -9999 -9999 -9999 -9999 -9999 -9999 -9999 -9999 -9999 -9999 -9999 -9999 -9999 -9999 -9999 -9999 -9999 -9999 61 64 66 67 69 71 73 84 91 91 91 90 90 87 87 86 84 84 85 86 85 82 84 84 83 84 84 84 84 85 86 86 87 87 85 86 86 85 84 84 85 84 84 83 84 83 84 84 83 83 83 83 83 83 84 84 84 84 84 84 85 84
-9999 -9999 -9999 -9999 -9999 -9999 -9999 -9999 -9999 -9999 -9999 -9999 -9999 -9999 -9999 -9999 -9999 -9999 -9999 -9999 -9999 -9999 62 63 65 67 69 70 71 83 90 90 89 90 89 88 88 86 85 84 85 86 85 82 82 83 82 83 82 83 84 85 86 87 87 86 86 86 85 84 84 85 85 84 84 83 83 82 82 83 83 82 83 83 83 83 83 83 83 83 83 84 84 84
-9999 -9999 -9999 -9999 -9999 -9999 -9999 -9999 -9999 -9999 -9999 -9999 -9999 -9999 -9999 -9999 -9999 -9999 -9999 -9999 -9999 -9999 62 64 65 67 69 71 71 75 87 89 89 88 90 88 87 86 85 86 85 84 83 80 79 80 82 82 82 82 83 85 85 87 86 86 86 85 84 85 85 84 85 84 84 82 82 82 82 82 83 82 83 83 83 83 83 83 83 83 83 83 84 -9999
-9999 -9999 -9999 -9999 -9999 -9999 -9999 -9999 -9999 -9999 -9999 -9999 -9999 -9999 -9999 -9999 -9999 -9999 -9999 -9999 -9999 -9999 62 64 65 67 68 70 72 72 76 82 89 89 89 88 88 87 86 86 85 82 81 79 78 76 76 79 80 81 83 84 85 87 86 86 86 85 85 85 84 84 83 83 83 83 82 82 82 82 82 82 82 82 81 82 83 83 83 83 83 83 84 -9999
-9999 -9999 -9999 -9999 -9999 -9999 -9999 -9999 -9999 -9999 -9999 -9999 -9999 -9999 -9999 -9999 -9999 -9999 -9999 -9999 -9999 -9999 -9999 64 65 66 67 69 71 72 76 80 89 87 88 88 87 87 86 85 85 81 81 79 76 76 74 73 76 81 82 84 85 86 86 85 85 85 85 84 84 83 83 83 83 83 82 81 82 81 82 82 82 82 82 82 81 82 83 83 83 83 -9999 -9999
-9999 -9999 -9999 -9999 -9999 -9999 -9999 -9999 -9999 -9999 -9999 -9999 -9999 -9999 -9999 -9999 -9999 -9999 -9999 -9999 -9999 -9999 -9999 -9999 64 65 66 68 70 71 74 80 88 88 88 89 88 88 86 85 84 83 80 78 76 74 73 71 70 77 83 85 86 86 87 85 85 85 84 84 84 84 83 83 83 82 82 81 81 82 81 81 82 82 82 82 82 82 82 82 82 83 -9999 -9999
-9999 -9999 -9999 -9999 -9999 -9999 -9999 -9999 -9999 -9999 -9999 -9999 -9999 -9999 -9999 -9999 -9999 -9999 -9999 -9999 -9999 -9999 -9999 63 64 64 65 67 68 69 70 76 89 89 88 89 88 87 85 85 83 83 81 81 76 71 69 68 69 73 83 86 87 87 85 86 84 84 83 84 83 82 82 82 82 82 81 82 81 81 81 81 81 81 81 81 81 81 81 81 82 -9999 -9999 -9999
-9999 -9999 -9999 -9999 -9999 -9999 -9999 -9999 -9999 -9999 -9999 -9999 -9999 -9999 -9999 -9999 -9999 -9999 -9999 -9999 -9999 -9999 -9999 63 63 63 64 65 66 67 69 71 83 89 88 88 87 86 85 85 83 82 82 82 81 74 69 65 68 73 78 87 86 86 86 85 84 85 83 83 83 82 82 82 82 82 82 81 81 81 80 81 81 81 81 81 81 81 81 82 -9999 -9999 -9999 -9999
-9999 -9999 -9999 -9999 -9999 -9999 -9999 -9999 -9999 -9999 -9999 -9999 -9999 -9999 -9999 -9999 -9999 -9999 -9999 -9999 -9999 -9999 -9999 63 62 63 63 64 64 66 67 70 78 88 88 87 87 87 85 84 85 84 82 82 83 81 71 66 68 73 75 87 86 86 85 85 84 84 83 83 83 82 81 81 80 82 81 81 81 81 81 80 80 80 80 81 80 81 81 -9999 -9999 -9999 -9999 -9999
