data/studyarea/bio4.asc
NCOLS 462 
NROWS 586 
XLLCORNER -113 
YLLCORNER -53.1666666666667 
CELLSIZE 0.166666666666667 
NODATA_value -9999 
[rows 360 to 395 of 586, columns 328 to 409 of 462]
1598 1587 1598 1579 1568 1532 1479 1419 1406 1460 1458 1465 1434 1374 1371 1386 1366 1350 1378 1441 1478 1532 1552 1613 1678 1702 1776 1772 1780 1778 1811 1809 1772 1722 1582 1481 1355 1255 1166 1115 1065 1014 966 936 933 900 916 914 922 920 929 931 914 867 849 808 801 792 830 840 893 928 992 1019 1065 1123 1132 1159 1146 1181 1192 1213 1259 1266 1305 1345 1407 1441 1495 1532 1562 1561
1652 1647 1679 1676 1628 1592 1501 1479 1506 1448 1457 1442 1420 1400 1411 1404 1421 1396 1401 1465 1525 1549 1586 1662 1679 1714 1773 1785 1797 1803 1820 1809 1807 1728 1604 1454 1324 1241 1160 1110 1037 1012 977 943 939 944 942 949 965 967 980 959 938 920 887 836 832 827 846 883 925 970 1017 1054 1100 1148 1162 1194 1210 1217 1228 1258 1300 1338 1375 1413 1440 1507 1561 1640 1673 1668
1709 1728 1739 1748 1749 1638 1589 1593 1534 1516 1505 1458 1456 1451 1443 1457 1449 1423 1439 1522 1565 1591 1610 1657 1696 1743 1762 1769 1764 1790 1790 1779 1762 1699 1568 1437 1312 1214 1157 1114 1043 1005 980 956 965 958 980 985 1000 1003 998 1023 1014 1001 939 898 850 855 882 946 991 1021 1091 1133 1148 1184 1190 1231 1237 1252 1265 1271 1326 1377 1402 1442 1493 1546 1619 1696 1772 1750
1773 1776 1803 1833 1760 1655 1681 1639 1608 1591 1544 1516 1497 1516 1478 1497 1483 1494 1480 1532 1568 1604 1629 1667 1710 1729 1755 1743 1770 1758 1742 1731 1686 1629 1534 1423 1313 1204 1137 1108 1061 1031 993 980 971 972 998 1025 1045 1082 1069 1092 1049 1065 1028 967 947 927 970 1033 1104 1170 1183 1216 1203 1228 1245 1261 1274 1278 1285 1304 1366 1408 1451 1499 1519 1583 1651 1717 1754 1698
1816 1837 1834 1852 1783 1736 1732 1704 1637 1604 1580 1555 1530 1516 1526 1510 1540 1490 1495 1548 1586 1618 1661 1672 1693 1712 1729 1721 1732 1690 1662 1683 1619 1585 1496 1402 1287 1227 1164 1097 1057 1031 1009 1013 995 1020 1039 1071 1107 1102 1140 1158 1156 1145 1115 1071 1038 1035 1061 1127 1197 1272 1308 1290 1270 1267 1271 1302 1314 1351 1337 1323 1352 1380 1446 1503 1553 1615 1668 1704 1721 1702
1853 1849 1869 1847 1791 1795 1746 1739 1678 1656 1636 1585 1580 1587 1568 1563 1558 1579 1540 1566 1617 1629 1652 1671 1688 1713 1715 1709 1691 1658 1636 1591 1572 1529 1428 1344 1269 1207 1160 1131 1061 1022 1021 1016 1023 1029 1064 1115 1129 1166 1201 1242 1250 1298 1278 1209 1135 1133 1160 1191 1240 1282 1330 1322 1295 1292 1302 1303 1355 1347 1374 1364 1363 1393 1430 1510 1559 1603 1669 1705 1712 1705
1870 1881 1895 1854 1835 1827 1789 1758 1704 1670 1658 1641 1625 1611 1600 1580 1610 1596 1602 1603 1609 1622 1643 1655 1665 1674 1670 1653 1647 1633 1574 1551 1545 1473 1447 1348 1267 1203 1144 1117 1056 1052 1032 1047 1042 1074 1110 1134 1177 1205 1259 1305 1374 1411 1426 1332 1285 1207 1240 1232 1257 1284 1309 1318 1315 1322 1329 1344 1380 1378 1395 1376 1371 1404 1454 1491 1542 1604 1670 1732 1718 1699
1899 1894 1914 1877 1862 1831 1809 1781 1762 1721 1681 1673 1654 1604 1639 1625 1625 1617 1640 1616 1616 1622 1638 1657 1658 1624 1628 1613 1603 1590 1573 1535 1531 1466 1383 1333 1274 1229 1149 1109 1087 1048 1068 1042 1059 1081 1118 1175 1232 1259 1311 1364 1425 1465 1508 1449 1360 1285 1280 1267 1294 1294 1324 1303 1301 1329 1333 1371 1398 1414 1424 1404 1425 1419 1445 1476 1572 1634 1685 1722 1753 1715
1925 1911 1928 1898 1901 1862 1837 1804 1780 1739 1720 1706 1687 1670 1672 1650 1657 1634 1643 1640 1635 1610 1614 1625 1656 1612 1584 1592 1562 1566 1542 1524 1487 1445 1380 1309 1249 1203 1141 1100 1087 1078 1080 1066 1089 1113 1152 1195 1237 1271 1326 1397 1431 1489 1490 1468 1404 1338 1322 1312 1302 1293 1316 1315 1314 1334 1355 1392 1417 1445 1424 1423 1417 1417 1449 1483 1567 1645 1703 1711 1801 1770
1962 1959 1950 1933 1908 1886 1865 1846 1813 1763 1758 1707 1734 1694 1701 1644 1651 1668 1666 1654 1640 1613 1627 1628 1604 1600 1580 1577 1534 1516 1489 1501 1460 1413 1365 1297 1245 1200 1146 1112 1074 1077 1086 1077 1099 1120 1167 1215 1261 1306 1356 1407 1433 1468 1486 1480 1425 1379 1356 1326 1301 1312 1311 1317 1330 1355 1381 1418 1432 1431 1425 1411 1408 1409 1438 1494 1575 1651 1716 1727 1789 1846
2003 1991 1957 1981 1959 1916 1898 1858 1844 1819 1777 1744 1754 1732 1698 1683 1665 1680 1679 1663 1643 1644 1597 1619 1612 1603 1595 1548 1533 1503 1488 1460 1397 1383 1341 1293 1235 1187 1138 1084 1084 1074 1073 1080 1129 1153 1178 1239 1274 1319 1366 1410 1434 1476 1467 1455 1431 1410 1385 1357 1334 1321 1326 1311 1341 1377 1372 1437 1447 1437 1412 1374 1398 1374 1423 1461 1525 1607 1675 1759 1881 1866
2016 2033 1994 1974 1969 1933 1898 1890 1864 1842 1803 1800 1772 1741 1740 1728 1707 1707 1698 1688 1654 1646 1627 1595 1590 1587 1580 1536 1529 1508 1454 1462 1397 1334 1309 1261 1223 1177 1144 1106 1081 1067 1070 1089 1125 1158 1186 1252 1287 1322 1356 1397 1426 1434 1465 1452 1443 1417 1407 1369 1339 1337 1307 1322 1346 1340 1357 1397 1418 1381 1377 1354 1329 1348 1393 1432 1505 1580 1641 1789 1893 1899
2073 2049 2040 2012 1984 1959 1940 1934 1888 1871 1840 1804 1783 1791 1765 1738 1725 1739 1688 1682 1659 1638 1617 1622 1595 1568 1581 -9999 -9999 1496 1462 1434 1405 1329 1306 1290 1217 1196 1144 1106 1089 1073 1078 1087 1120 1173 1190 1252 1265 1325 1343 1405 1420 1431 1446 1452 1464 1427 1427 1402 1362 1323 1327 1318 1340 1338 1348 1374 1368 1354 1324 1319 1280 1303 1327 1374 1476 1518 1621 1775 1863 1879
2081 2090 2051 2029 2009 1996 1966 1952 1913 1905 1887 1853 1823 1796 1775 1762 1766 1751 1725 1721 1691 1654 1648 1648 1603 1603 1607 -9999 -9999 -9999 -9999 1421 1369 1343 1337 1281 1237 1197 1171 1118 1088 1079 1080 1107 1128 1172 1205 1247 1289 1315 1353 1383 1405 1420 1445 1457 1467 1456 1449 1407 1358 1338 1331 1320 1335 1318 1339 1353 1353 1291 1298 1242 1231 1229 1267 1343 1450 1503 1623 1767 1772 1856
2105 2110 2093 2064 2021 2016 2003 1955 1941 1919 1895 1859 1863 1851 1818 1784 1771 1773 1728 1740 1706 1686 1696 1657 1643 1633 1618 -9999 -9999 -9999 -9999 -9999 -9999 -9999 1336 1290 1244 1211 1163 1157 1097 1084 1087 1096 1130 1170 1217 1242 1279 1299 1351 1349 1401 1431 1451 1470 1510 1505 1514 1466 1425 1386 1346 1335 1330 1354 1321 1341 1300 1282 1268 1184 1174 1195 1255 1348 1421 1501 1648 1729 1744 1771
2124 2143 2110 2085 2081 2038 2002 1976 1962 1923 1909 1902 1884 1843 1829 1815 1791 1761 1754 1746 1729 1703 1704 1666 1647 1623 -9999 -9999 -9999 -9999 -9999 -9999 -9999 -9999 -9999 -9999 -9999 -9999 -9999 -9999 -9999 -9999 -9999 1107 1130 1182 1200 1235 1294 1317 1348 1368 1396 1424 1448 1481 1541 1550 1598 1579 1555 1415 1346 1338 1352 1351 1331 1321 1308 1276 1230 1169 1176 1198 1275 1343 1442 1547 1677 1681 1725 1738
2179 2178 2162 2105 2094 2068 2026 2020 1979 1942 1918 1928 1906 1860 1863 1859 1826 1798 1746 1744 1736 1719 1723 1679 1638 1644 -9999 -9999 -9999 -9999 -9999 -9999 -9999 -9999 -9999 -9999 -9999 -9999 -9999 -9999 -9999 -9999 -9999 1141 1161 1186 1209 1253 1279 1326 1336 1363 1401 1436 1490 1527 1557 1637 1672 1687 1675 1498 1413 1401 1426 1410 1391 1354 1316 1289 1234 1216 1218 1256 1283 1393 1474 1564 1654 1683 1709 1787
2201 2204 2181 2139 2139 2091 2066 2025 1995 1981 1957 1959 1908 1885 1896 1880 1844 1812 1797 1757 1758 1769 1750 1689 1665 -9999 -9999 -9999 -9999 -9999 -9999 -9999 -9999 -9999 -9999 -9999 -9999 -9999 -9999 -9999 -9999 -9999 -9999 -9999 1201 1227 1245 1256 1291 1314 1344 1357 1410 1423 1474 1556 1624 1650 1735 1735 1708 1649 1574 1565 1519 1465 1415 1392 1352 1339 1300 1277 1288 1286 1371 1427 1504 1594 1658 1655 1713 1815
2306 2288 2268 2205 2155 2106 2069 2046 2012 1991 1990 1977 1939 1938 1918 1907 1874 1852 1799 1766 1750 1759 1736 1716 1665 -9999 -9999 -9999 -9999 -9999 -9999 -9999 -9999 -9999 -9999 -9999 -9999 -9999 -9999 -9999 -9999 -9999 -9999 -9999 -9999 1248 1254 1291 1309 1312 1345 1354 1392 1442 1509 1579 1652 1679 1735 1729 1645 1671 1636 1665 1623 1565 1505 1447 1355 1373 1378 1370 1359 1382 1440 1473 1531 1621 1678 1707 1731 1837
2342 2369 2342 2264 2162 2102 2087 2061 2067 2036 2021 2012 1969 1948 1950 1927 1917 1875 1835 1795 1722 1745 1714 1679 -9999 -9999 -9999 -9999 -9999 -9999 -9999 -9999 -9999 -9999 -9999 -9999 -9999 -9999 -9999 -9999 -9999 -9999 -9999 -9999 -9999 -9999 1321 1324 1334 1319 1337 1376 1403 1460 1530 1631 1740 1761 1751 1759 1758 1689 1607 1663 1647 1599 1574 1492 1378 1410 1464 1453 1423 1462 1483 1506 1572 1643 1707 1740 1768 1820
2405 2419 2412 2301 2141 2105 2090 2088 2080 2049 2040 2019 2020 2002 1959 1938 1938 1929 1868 1804 1707 1701 1686 1671 -9999 -9999 -9999 -9999 -9999 -9999 -9999 -9999 -9999 -9999 -9999 -9999 -9999 -9999 -9999 -9999 -9999 -9999 -9999 -9999 -9999 1404 1376 1382 1361 1355 1352 1367 1393 1481 1560 1664 1780 1794 1781 1752 1709 1735 1699 1652 1644 1593 1573 1552 1451 1453 1500 1493 1485 1522 1536 1585 1635 1662 1687 1721 1736 1799
2419 2415 2414 2298 2149 2135 2132 2101 2116 2090 2085 2062 2060 2025 1997 1981 1960 1934 1882 1793 1714 1670 1647 1672 -9999 -9999 -9999 -9999 -9999 -9999 -9999 -9999 -9999 -9999 -9999 -9999 -9999 -9999 -9999 -9999 -9999 -9999 -9999 -9999 1482 1463 1459 1450 1418 1419 1410 1436 1469 1519 1595 1685 1765 1783 1785 1733 1710 1688 1723 1695 1694 1681 1661 1633 1520 1517 1492 1561 1540 1592 1578 1665 1691 1689 1686 1685 1689 1728
2462 2421 2386 2309 2204 2190 2174 2165 2143 2134 2110 2103 2075 2052 2018 2000 1966 1920 1896 1801 1735 1655 1627 1616 1646 1622 -9999 -9999 -9999 -9999 -9999 -9999 -9999 -9999 -9999 -9999 -9999 -9999 -9999 -9999 -9999 -9999 -9999 1580 1555 1540 1523 1496 1501 1488 1492 1488 1549 1578 1647 1711 1741 1768 1760 1727 1695 1641 1661 1640 1645 1643 1678 1711 1647 1599 1561 1610 1613 1622 1665 1719 1759 1737 1725 1710 1669 1704
2440 2430 2393 2330 2277 2240 2211 2195 2173 2177 2147 2132 2124 2089 2052 2045 1989 1941 1875 1809 1776 1661 1612 1608 1625 1624 1573 1565 -9999 -9999 -9999 -9999 -9999 -9999 -9999 -9999 -9999 -9999 -9999 -9999 -9999 -9999 1636 1651 1657 1627 1625 1602 1572 1584 1577 1585 1594 1619 1673 1722 1743 1759 1728 1717 1685 1662 1620 1604 1628 1609 1644 1737 1680 1633 1659 1660 1660 1705 1792 1841 1825 1802 1783 1766 1762 1750
2451 2438 2408 2354 2330 2297 2271 2246 2208 2207 2198 2171 2168 2131 2104 2074 2027 1978 1845 1806 1742 1686 1636 1593 1595 1590 1575 1577 1567 1573 -9999 -9999 -9999 -9999 -9999 -9999 -9999 -9999 -9999 -9999 -9999 1695 1732 1728 1726 1709 1718 1695 1695 1687 1676 1676 1668 1701 1737 1754 1739 1753 1717 1679 1663 1653 1626 1557 1562 1594 1620 1703 1588 1579 1707 1745 1752 1791 1876 1942 1907 1867 1840 1845 1834 1809
2495 2463 2419 2390 2340 2326 2314 2284 2268 2259 2251 2228 2198 2168 2153 2111 2061 1950 1843 1784 1738 1721 1669 1599 1567 1561 1553 1587 1602 1603 1616 -9999 -9999 -9999 -9999 -9999 -9999 -9999 -9999 -9999 -9999 1760 1790 1813 1823 1821 1814 1814 1790 1756 1758 1750 1737 1766 1751 1783 1786 1765 1739 1703 1668 1626 1594 1580 1583 1558 1591 1550 1526 1606 1727 1735 1835 1935 2019 2025 1996 1952 1902 1895 1892 1867
2507 2497 2446 2431 2390 2376 2353 2301 2297 2298 2295 2267 2237 2199 2184 2148 2084 1964 1898 1815 1750 1711 1643 1591 1580 1589 1593 1589 1593 1637 1637 1652 -9999 -9999 -9999 -9999 -9999 -9999 -9999 -9999 1776 1805 1826 1893 1932 1957 1936 1917 1881 1882 1854 1811 1812 1820 1813 1834 1790 1809 1776 1746 1695 1644 1651 1655 1646 1627 1515 1554 1566 1606 1724 1862 1883 2111 2155 2095 2057 1974 1929 1926 1918 1896
2527 2512 2498 2453 2429 2411 2379 2322 2293 2350 2319 2309 2297 2272 2250 2193 2078 2022 1908 1834 1769 1699 1641 1568 1575 1587 1582 1626 1629 1643 1679 1688 1709 -9999 -9999 -9999 -9999 -9999 -9999 -9999 1855 1883 1923 2005 2075 2086 2068 2007 1985 1942 1917 1885 1854 1854 1859 1854 1866 1831 1797 1754 1718 1709 1701 1666 1687 1707 1565 1495 1589 1663 1808 1994 2069 2161 2190 2136 2083 2020 1932 1927 1951 1896
2568 2543 2525 2522 2488 2459 2455 2408 2331 2359 2358 2354 2333 2298 2281 2229 2129 2060 1919 1837 1767 1678 1588 1554 1578 1600 1617 1637 1660 1660 1685 1733 1741 1768 -9999 -9999 -9999 -9999 -9999 1927 1935 1969 2024 2121 2179 2219 2183 2114 2057 2005 1949 1923 1893 1886 1895 1888 1866 1849 1828 1787 1738 1722 1688 1625 1520 1462 1644 1667 1800 1754 1739 1922 2130 2157 2177 2150 2098 1989 1923 1950 1961 1932
2586 2591 2560 2539 2529 2512 2478 2424 2376 2403 2389 2379 2342 2325 2333 2274 2130 2065 1972 1849 1755 1647 1553 1570 1595 1617 1638 1674 1674 1700 1744 1782 1801 1809 1830 -9999 -9999 -9999 -9999 1976 2008 2052 2139 2229 2254 2263 2248 2190 2130 2065 1993 1964 1951 1917 1909 1882 1896 1861 1828 1815 1750 1691 1688 1633 1457 1389 1509 1524 1883 1922 1826 1954 2115 2134 2121 2112 2045 1989 1928 1932 1953 1931
2641 2617 2601 2577 2554 2551 2502 2484 2415 2413 2414 2418 2400 2364 2341 2276 2186 2089 1992 1901 1772 1652 1609 1594 1620 1626 1661 1694 1714 1728 1774 1784 1840 1859 1901 -9999 -9999 -9999 2024 2066 2074 2137 2203 2287 2312 2306 2312 2273 2186 2109 2045 1992 1956 1914 1885 1878 1860 1860 1819 1806 1788 1680 1625 1608 1430 1340 1459 1527 1806 1940 2032 1980 1976 2083 2042 2089 2062 2016 1932 1927 1908 1896
2709 2669 2639 2616 2576 2561 2545 2524 2430 2416 2430 2404 2402 2379 2341 2260 2202 2096 2037 1931 1825 1719 1672 1641 1627 1669 1681 1706 1750 1767 1799 1820 1865 1908 1952 1995 -9999 -9999 2108 2143 2150 2219 2269 2348 2378 2370 2320 2302 2256 2171 2110 2026 2007 1958 1914 1902 1856 1853 1823 1800 1798 1749 1665 1580 1556 1560 1557 1597 1791 1909 2001 2069 2094 2111 2110 2095 2084 2033 1941 1895 1882 1877
2746 2700 2712 2660 2645 2619 2572 2532 2472 2402 2386 2424 2414 2383 2343 2270 2220 2114 2016 1947 1834 1775 1738 1710 1712 1710 1725 1753 1782 1821 1847 1875 1904 1951 1999 2036 -9999 -9999 2165 2216 2212 2293 2321 2376 2396 2394 2359 2333 2298 2228 2173 2075 2017 1986 1943 1890 1845 1858 1834 1796 1811 1824 1789 1698 1581 1595 1689 1674 1803 1843 1916 2010 2060 2101 2067 2052 2105 2050 1988 1917 1856 1838
2788 2763 2733 2699 2695 2638 2566 2581 2517 2418 2430 2446 2439 2400 2363 2308 2197 2101 1999 1954 1915 1842 1790 1783 1769 1739 1789 1798 1828 1848 1893 1918 1941 2010 2054 2121 2151 -9999 2262 2307 2314 2361 2391 2418 2439 2426 2400 2396 2357 2318 2235 2157 2114 2064 2014 1916 1831 1862 1875 1861 1881 1882 1877 1885 1850 1815 1801 1779 1821 1885 1941 1997 2041 2123 2158 2148 2154 2114 2036 1921 1836 1867
2831 2804 2762 2746 2718 2687 2645 2610 2545 2452 2463 2464 2492 2427 2367 2326 2196 2118 2085 2013 1957 1913 1838 1821 1818 1794 1806 1809 1859 1879 1906 1986 2001 2053 2097 2174 2220 -9999 2366 2386 2408 2432 2478 2458 2450 2476 2470 2424 2430 2385 2305 2256 2215 2166 2116 1993 1921 1920 1927 1911 1918 1942 1929 1957 1989 1959 1853 1904 1982 1997 2035 2084 2117 2146 2169 2162 2180 2178 2084 1943 1900 1900
2883 2853 2813 2779 2750 2718 2633 2633 2564 2509 2499 2500 2493 2443 2371 2325 2229 2201 2152 2086 2047 1985 1945 1880 1858 1836 1847 1858 1900 1931 1952 2013 2061 2106 2154 2237 2281 2361 2434 2468 2458 2484 2492 2520 2504 2498 2491 2502 2466 2418 2387 2340 2302 2282 2214 2120 2051 2017 2013 1968 1970 2024 2010 2033 2007 2025 2057 2114 2102 2099 2089 2103 2132 2144 2177 2226 2264 2232 2137 2065 1975 1938
