data/studyarea/bio4.asc
NCOLS 462 
NROWS 586 
XLLCORNER -113 
YLLCORNER -53.1666666666667 
CELLSIZE 0.166666666666667 
NODATA_value -9999 
[rows 396 to 431 of 586, columns 246 to 327 of 462]
-9999 -9999 -9999 -9999 -9999 -9999 -9999 -9999 -9999 -9999 -9999 -9999 -9999 -9999 -9999 -9999 2853 2874 2877 2924 2969 3037 3120 3196 3248 3327 3500 3590 3691 3770 3805 3845 3786 3803 3861 3894 3881 3747 3665 3825 3575 3685 3535 3263 3226 3260 3313 3360 3397 3533 3630 3852 3843 3845 3826 3768 3729 3692 3665 3629 3628 3611 3591 3568 3555 3497 3472 3413 3384 3372 3315 3292 3241 3226 3187 3122 3095 3075 3052 2998 2986 2949
-9999 -9999 -9999 -9999 -9999 -9999 -9999 -9999 -9999 -9999 -9999 -9999 -9999 -9999 -9999 2776 2832 2848 2871 2930 3014 3054 3101 3187 3230 3322 3421 3608 3653 3746 3787 3808 3717 3837 3944 3977 3997 4023 4020 3916 3820 3851 3554 3348 3363 3394 3413 3437 3479 3529 3673 3799 3845 3879 3835 3814 3768 3729 3711 3686 3670 3650 3629 3607 3563 3542 3496 3452 3422 3398 3370 3313 3282 3255 3215 3158 3134 3092 3078 3032 3018 2998
-9999 -9999 -9999 -9999 -9999 -9999 -9999 -9999 -9999 -9999 -9999 -9999 -9999 -9999 -9999 2776 2829 2825 2851 2924 3018 3055 3112 3157 3228 3273 3421 3567 3594 3648 3603 3739 3830 3972 4026 4076 4194 4245 4302 4101 4086 3966 3646 3488 3477 3508 3498 3494 3535 3535 3690 3822 3846 3878 3858 3844 3820 3785 3755 3738 3703 3669 3670 3636 3596 3585 3533 3478 3453 3439 3393 3366 3340 3307 3257 3223 3191 3134 3127 3063 3046 3026
-9999 -9999 -9999 -9999 -9999 -9999 -9999 -9999 -9999 -9999 -9999 -9999 -9999 -9999 -9999 2766 2818 2843 2859 2925 3015 3077 3114 3188 3220 3250 3388 3543 3570 3606 3668 3726 3841 4023 4067 4169 4278 4368 4493 4359 4104 3967 3779 3587 3538 3585 3632 3606 3593 3571 3674 3822 3880 3911 3881 3892 3858 3836 3789 3769 3758 3739 3699 3671 3634 3609 3581 3539 3501 3489 3442 3387 3362 3317 3273 3247 3200 3181 3147 3142 3070 3054
-9999 -9999 -9999 -9999 -9999 -9999 -9999 -9999 -9999 -9999 -9999 -9999 -9999 -9999 -9999 2758 2784 2820 2871 2955 3005 3096 3162 3198 3190 3333 3330 3479 3520 3580 3680 3692 3805 4033 4024 4166 4308 4344 4456 4364 4051 4017 3866 3653 3642 3648 3662 3729 3659 3671 3804 3888 3927 3936 3944 3929 3900 3858 3817 3794 3770 3755 3719 3690 3688 3645 3610 3563 3546 3498 3481 3434 3402 3340 3325 3298 3228 3227 3187 3156 3116 3098
-9999 -9999 -9999 -9999 -9999 -9999 -9999 -9999 -9999 -9999 -9999 -9999 -9999 -9999 2680 2727 2782 2805 2888 2948 3001 3069 3132 3179 3150 3234 3355 3438 3513 3522 3609 3686 3898 4019 3984 4198 4253 4350 4399 4281 3967 4088 3913 3651 3765 3785 3834 3822 3772 3836 3934 3988 3982 4000 3991 3963 3915 3899 3869 3839 3804 3785 3765 3757 3719 3679 3643 3595 3572 3545 3494 3466 3422 3391 3352 3301 3287 3240 3212 3199 3155 3148
-9999 -9999 -9999 -9999 -9999 -9999 -9999 -9999 -9999 -9999 -9999 -9999 -9999 -9999 2649 2693 2736 2795 2849 2907 2990 3044 3104 3164 3157 3203 3371 3422 3482 3465 3606 3688 3729 3959 4005 4175 4216 4305 4298 4158 4096 4053 3796 3704 3787 3897 4000 3918 3894 3984 4034 4093 4065 4043 4016 3994 3957 3941 3920 3853 3843 3827 3804 3789 3740 3709 3659 3644 3605 3572 3536 3503 3453 3430 3383 3343 3297 3293 3275 3237 3197 3183
-9999 -9999 -9999 -9999 -9999 -9999 -9999 -9999 -9999 -9999 -9999 -9999 -9999 -9999 2638 2691 2712 2744 2813 2888 2945 3015 3110 3189 3170 3267 3290 3365 3437 3522 3610 3696 3745 3858 3970 4125 4221 4239 4225 4128 4073 3953 3809 3775 3890 4011 4070 3981 3988 4064 4092 4147 4113 4093 4057 4012 3961 3954 3935 3906 3865 3853 3839 3798 3782 3748 3683 3671 3651 3594 3560 3532 3494 3434 3395 3384 3356 3313 3303 3274 3251 3221
-9999 -9999 -9999 -9999 -9999 -9999 -9999 -9999 -9999 -9999 -9999 -9999 -9999 -9999 2605 2651 2700 2757 2809 2839 2933 3011 3111 3172 3209 3211 3273 3405 3489 3491 3544 3678 3674 3805 3896 4026 4140 4168 4164 4127 4058 4000 3863 3817 3916 4060 4029 4024 4026 4095 4111 4129 4141 4131 4090 4047 4001 3971 3942 3884 3893 3862 3850 3824 3819 3794 3744 3689 3675 3650 3601 3568 3527 3485 3442 3392 3362 3346 3349 3320 3290 3264
-9999 -9999 -9999 -9999 -9999 -9999 -9999 -9999 -9999 -9999 -9999 -9999 -9999 -9999 2571 2639 2669 2715 2745 2805 2873 2995 3068 3170 3210 3191 3245 3377 3473 3505 3597 3697 3804 3834 3914 4031 4070 4041 4091 4084 4021 3954 3909 3809 3930 4018 4018 4016 4019 4062 4106 4121 4135 4123 4098 4056 4029 3987 3954 3907 3870 3862 3856 3823 3813 3799 3775 3736 3698 3688 3657 3586 3528 3497 3464 3423 3390 3385 3370 3336 3314 3295
-9999 -9999 -9999 -9999 -9999 -9999 -9999 -9999 -9999 -9999 -9999 -9999 -9999 -9999 2550 2573 2641 2658 2696 2786 2907 2971 3042 3129 3199 3212 3222 3332 3441 3523 3591 3689 3777 3826 3925 3932 4021 3975 4040 4027 4008 3912 3924 3804 3920 3985 3976 3967 4012 4051 4106 4103 4127 4119 4088 4068 4035 4003 3942 3904 3877 3863 3866 3828 3835 3814 3798 3786 3749 3695 3647 3622 3546 3507 3474 3443 3404 3401 3414 3403 3350 3328
-9999 -9999 -9999 -9999 -9999 -9999 -9999 -9999 -9999 -9999 -9999 -9999 -9999 -9999 2515 2570 2590 2651 2699 2771 2865 2961 3042 3120 3145 3158 3253 3323 3377 3491 3556 3660 3696 3800 3871 3923 3965 3986 3907 3967 3942 3929 3830 3812 3923 3996 4001 3992 4024 4056 4092 4101 4129 4105 4093 4064 4039 3996 3935 3902 3872 3862 3862 3839 3827 3803 3819 3793 3783 3739 3687 3634 3579 3524 3476 3423 3419 3436 3447 3416 3378 3349
-9999 -9999 -9999 -9999 -9999 -9999 -9999 -9999 -9999 -9999 -9999 -9999 -9999 -9999 2510 2535 2580 2615 2689 2757 2842 2943 3015 3076 3108 3114 3190 3292 3351 3439 3524 3632 3660 3767 3812 3868 3902 3927 3885 3917 3881 3770 3784 3811 3935 3994 4000 4013 4009 4069 4108 4115 4127 4118 4101 4088 4043 4000 3971 3909 3887 3860 3854 3830 3823 3821 3824 3826 3794 3780 3712 3662 3631 3565 3481 3443 3434 3444 3436 3413 3399 3354
-9999 -9999 -9999 -9999 -9999 -9999 -9999 -9999 -9999 -9999 -9999 -9999 -9999 -9999 2465 2503 2523 2587 2658 2691 2819 2885 2995 3071 3098 3083 3072 3242 3346 3412 3461 3586 3614 3714 3776 3839 3867 3869 3861 3854 3806 3695 3806 3943 3999 4016 4000 4041 4036 4075 4115 4152 4132 4148 4124 4103 4066 4005 3940 3918 3853 3863 3883 3873 3832 3843 3831 3844 3820 3777 3728 3671 3633 3602 3543 3521 3492 3495 3465 3448 3426 3400
-9999 -9999 -9999 -9999 -9999 -9999 -9999 -9999 -9999 -9999 -9999 -9999 -9999 -9999 2500 2489 2477 2545 2617 2653 2779 2809 2922 2999 3011 3096 3142 3208 3324 3435 3444 3535 3552 3655 3737 3769 3758 3780 3823 3761 3700 3722 3864 4011 4009 3932 3994 4053 4077 4132 4135 4154 4178 4169 4148 4127 4085 4051 3991 3921 3875 3876 3900 3883 3863 3844 3836 3836 3815 3794 3761 3724 3665 3613 3599 3542 3538 3490 3484 3480 3451 3417
-9999 -9999 -9999 -9999 -9999 -9999 -9999 -9999 -9999 -9999 -9999 -9999 -9999 -9999 -9999 2451 2468 2502 2530 2624 2711 2775 2869 2925 2954 3054 3138 3178 3272 3396 3415 3485 3476 3562 3695 3695 3737 3665 3763 3693 3665 3694 3919 4045 3988 3850 3954 4068 4102 4144 4163 4179 4188 4192 4183 4170 4107 4071 4024 3978 3920 3920 3899 3885 3926 3880 3872 3828 3840 3813 3778 3723 3704 3673 3645 3575 3596 3540 3525 3485 3478 3443
-9999 -9999 -9999 -9999 -9999 -9999 -9999 -9999 -9999 -9999 -9999 -9999 -9999 -9999 -9999 2399 2397 2416 2494 2583 2629 2736 2807 2818 2950 3016 3154 3168 3243 3336 3387 3331 3412 3537 3627 3668 3710 3683 3695 3684 3638 3748 3987 4075 3953 3825 3985 4089 4153 4154 4193 4207 4221 4220 4208 4186 4133 4070 4038 4004 3979 3942 3944 3937 3946 3888 3888 3860 3876 3859 3791 3743 3729 3723 3677 3637 3594 3589 3562 3530 3489 3467
-9999 -9999 -9999 -9999 -9999 -9999 -9999 -9999 -9999 -9999 -9999 -9999 -9999 -9999 -9999 2345 2345 2377 2446 2534 2574 2666 2756 2791 2906 3040 3107 3189 3191 3336 3353 3350 3439 3455 3506 3564 3714 3685 3676 3710 3734 3952 4056 4126 3932 3872 4058 4112 4165 4190 4224 4224 4228 4224 4224 4188 4140 4115 4056 4046 4011 3991 3964 3962 3972 3931 3904 3917 3877 3885 3835 3813 3776 3751 3734 3709 3659 3633 3601 3588 3527 3498
-9999 -9999 -9999 -9999 -9999 -9999 -9999 -9999 -9999 -9999 -9999 -9999 -9999 -9999 -9999 -9999 2284 2336 2412 2476 2532 2634 2711 2801 2904 3004 3077 3174 3192 3285 3327 3412 3469 3394 3504 3539 3666 3697 3732 3729 3861 4105 4169 4082 3899 4031 4136 4170 4224 4233 4258 4254 4271 4245 4232 4219 4174 4130 4108 4070 4055 4017 3997 3975 3970 3967 3935 3911 3911 3889 3878 3821 3828 3790 3746 3716 3711 3666 3661 3630 3557 3524
-9999 -9999 -9999 -9999 -9999 -9999 -9999 -9999 -9999 -9999 -9999 -9999 -9999 -9999 -9999 -9999 2210 2286 2383 2437 2531 2608 2685 2764 2928 3001 3079 3122 3183 3272 3326 3394 3431 3344 3548 3590 3664 3700 3752 3838 3905 4141 4069 3895 4077 4185 4220 4248 4283 4275 4286 4305 4283 4260 4254 4218 4167 4171 4127 4127 4074 4052 4035 4003 4005 3986 3949 3959 3922 3911 3917 3845 3868 3810 3809 3772 3771 3750 3728 3651 3610 3532
-9999 -9999 -9999 -9999 -9999 -9999 -9999 -9999 -9999 -9999 -9999 -9999 -9999 -9999 -9999 -9999 -9999 2242 2305 2403 2476 2556 2650 2760 2872 2980 3061 3123 3156 3243 3245 3350 3335 3344 3546 3664 3600 3733 3880 3933 3937 4095 4092 3959 4140 4229 4305 4329 4350 4332 4339 4326 4311 4283 4260 4256 4215 4188 4176 4155 4104 4084 4089 4037 4012 4006 3965 3985 3952 3941 3892 3881 3887 3845 3859 3844 3815 3796 3783 3742 3625 3557
-9999 -9999 -9999 -9999 -9999 -9999 -9999 -9999 -9999 -9999 -9999 -9999 -9999 -9999 -9999 -9999 -9999 2206 2268 2380 2454 2541 2636 2699 2781 2918 3005 3107 3143 3231 3220 3322 3265 3440 3580 3676 3593 3709 3928 4050 3979 4136 4087 4137 4259 4320 4395 4434 4391 4389 4346 4356 4323 4315 4294 4258 4237 4226 4184 4174 4130 4121 4083 4069 4018 4022 3994 3975 3951 3940 3916 3928 3915 3893 3888 3848 3856 3853 3824 3769 3694 3581
-9999 -9999 -9999 -9999 -9999 -9999 -9999 -9999 -9999 -9999 -9999 -9999 -9999 -9999 -9999 -9999 -9999 -9999 2266 2342 2425 2521 2605 2705 2757 2863 2952 3086 3120 3191 3251 3284 3316 3576 3691 3670 3665 3749 3901 4104 4016 3982 4183 4181 4315 4353 4415 4461 4432 4427 4399 4374 4356 4339 4302 4300 4270 4243 4206 4193 4153 4130 4103 4093 4067 4038 4032 3988 4021 3980 3950 3924 3946 3913 3892 3900 3869 3874 3829 3788 3705 3603
-9999 -9999 -9999 -9999 -9999 -9999 -9999 -9999 -9999 -9999 -9999 -9999 -9999 -9999 -9999 -9999 -9999 -9999 2236 2326 2410 2487 2579 2656 2732 2822 2950 3062 3064 3183 3260 3245 3337 3596 3738 3672 3690 3761 4021 4055 3888 3947 4167 4255 4312 4292 4410 4445 4445 4433 4413 4391 4376 4353 4309 4306 4272 4264 4211 4211 4155 4136 4110 4085 4066 4034 4021 4011 3990 3977 3956 3972 3967 3939 3943 3930 3899 3878 3846 3794 3731 3666
-9999 -9999 -9999 -9999 -9999 -9999 -9999 -9999 -9999 -9999 -9999 -9999 -9999 -9999 -9999 -9999 -9999 -9999 -9999 2315 2399 2482 2569 2643 2684 2838 3008 2966 3051 3129 3206 3258 3422 3658 3767 3780 3760 3796 3955 3868 3826 3930 4140 4239 4247 4261 4377 4427 4447 4433 4401 4418 4388 4374 4344 4303 4253 4268 4236 4214 4170 4166 4150 4115 4080 4081 4041 4039 3988 3989 3994 3960 3980 3968 3938 3928 3920 3909 3882 3824 3764 3701
-9999 -9999 -9999 -9999 -9999 -9999 -9999 -9999 -9999 -9999 -9999 -9999 -9999 -9999 -9999 -9999 -9999 -9999 -9999 -9999 2367 2466 2563 2668 2734 2938 2898 2960 3055 3070 3167 3255 3371 3621 3744 3850 3830 3842 3824 3846 3880 3991 4138 4200 4266 4306 4399 4457 4465 4445 4441 4434 4399 4371 4367 4315 4292 4281 4239 4229 4197 4217 4161 4121 4110 4068 4058 4008 4018 4026 4009 3993 4004 3988 3986 3971 3946 3932 3904 3850 3819 3753
-9999 -9999 -9999 -9999 -9999 -9999 -9999 -9999 -9999 -9999 -9999 -9999 -9999 -9999 -9999 -9999 -9999 -9999 -9999 -9999 -9999 2453 2559 2683 2831 2904 2929 3092 3065 3029 3089 3236 3288 3575 3678 3779 3907 3863 3828 3837 3876 3962 3965 4155 4275 4304 4402 4466 4461 4466 4466 4446 4415 4409 4378 4348 4322 4312 4266 4224 4213 4204 4162 4129 4121 4068 4071 4059 4025 4031 4014 4028 4010 4008 4001 3988 3974 3946 3939 3904 3867 3790
-9999 -9999 -9999 -9999 -9999 -9999 -9999 -9999 -9999 -9999 -9999 -9999 -9999 -9999 -9999 -9999 -9999 -9999 -9999 -9999 -9999 -9999 2536 2661 2818 2824 3009 3174 3083 3066 3105 3212 3341 3514 3506 3718 3943 3836 3837 3837 3875 3879 3825 4063 4292 4362 4421 4455 4481 4486 4490 4489 4454 4401 4413 4373 4339 4327 4282 4257 4251 4207 4179 4155 4133 4100 4095 4069 4052 4061 4033 4026 4025 4024 4010 4004 4002 3980 3972 3950 3906 3835
-9999 -9999 -9999 -9999 -9999 -9999 -9999 -9999 -9999 -9999 -9999 -9999 -9999 -9999 -9999 -9999 -9999 -9999 -9999 -9999 -9999 -9999 -9999 2708 2820 2875 3105 3271 3200 3129 3222 3296 3315 3396 3473 3677 3972 3865 3853 3835 3861 3809 3846 4133 4329 4412 4473 4496 4529 4536 4511 4482 4490 4450 4411 4402 4363 4335 4304 4272 4261 4227 4190 4172 4150 4121 4116 4092 4082 4042 4068 4068 4039 4030 4047 4052 4011 3998 4026 3972 3948 3869
-9999 -9999 -9999 -9999 -9999 -9999 -9999 -9999 -9999 -9999 -9999 -9999 -9999 -9999 -9999 -9999 -9999 -9999 -9999 -9999 -9999 -9999 -9999 -9999 2734 2919 3210 3396 3282 3105 3348 3442 3438 3406 3675 3846 4052 3852 3878 3838 3922 3797 3870 4172 4395 4472 4531 4562 4561 4580 4538 4534 4493 4470 4440 4396 4384 4344 4346 4299 4274 4252 4241 4213 4169 4145 4144 4109 4107 4075 4071 4085 4053 4036 4032 4026 4003 4017 4001 3982 3953 3900
-9999 -9999 -9999 -9999 -9999 -9999 -9999 -9999 -9999 -9999 -9999 -9999 -9999 -9999 -9999 -9999 -9999 -9999 -9999 -9999 -9999 -9999 -9999 -9999 -9999 -9999 3188 3373 3281 3090 3585 3589 3435 3695 3871 4092 4126 3749 3957 3900 4081 4009 4152 4385 4513 4563 4604 4622 4617 4621 4597 4565 4548 4507 4453 4422 4400 4391 4373 4323 4304 4284 4269 4241 4187 4190 4156 4152 4127 4106 4088 4074 4059 4061 4056 4032 4039 4023 4012 4019 3978 3938
-9999 -9999 -9999 -9999 -9999 -9999 -9999 -9999 -9999 -9999 -9999 -9999 -9999 -9999 -9999 -9999 -9999 -9999 -9999 -9999 -9999 -9999 -9999 -9999 -9999 -9999 -9999 -9999 3273 3342 3555 3596 3522 4113 4089 4278 3991 3883 4018 3969 4304 4396 4460 4552 4648 4697 4695 4688 4665 4647 4635 4622 4588 4532 4499 4468 4448 4447 4411 4389 4333 4300 4297 4261 4215 4215 4176 4174 4135 4131 4115 4092 4090 4087 4059 4062 4057 4031 4033 4018 3997 3970
-9999 -9999 -9999 -9999 -9999 -9999 -9999 -9999 -9999 -9999 -9999 -9999 -9999 -9999 -9999 -9999 -9999 -9999 -9999 -9999 -9999 -9999 -9999 -9999 -9999 -9999 -9999 -9999 3190 3367 3658 3803 3943 4431 4306 4364 3709 4175 4180 4404 4544 4581 4623 4700 4772 4788 4767 4748 4723 4701 4669 4654 4631 4595 4551 4520 4512 4471 4440 4424 4381 4360 4325 4325 4255 4227 4205 4205 4161 4131 4125 4086 4113 4076 4068 4072 4077 4037 4033 4013 4020 3999
-9999 -9999 -9999 -9999 -9999 -9999 -9999 -9999 -9999 -9999 -9999 -9999 -9999 -9999 -9999 -9999 -9999 -9999 -9999 -9999 -9999 -9999 -9999 -9999 -9999 -9999 -9999 -9999 3306 3584 4304 4300 4432 4565 4525 3947 3936 4471 4537 4623 4626 4679 4719 4782 4880 4857 4841 4800 4789 4748 4720 4692 4687 4656 4610 4568 4562 4519 4495 4433 4395 4395 4354 4323 4294 4269 4241 4215 4195 4166 4146 4120 4125 4076 4104 4079 4045 4043 4046 4065 4030 4028
-9999 -9999 -9999 -9999 -9999 -9999 -9999 -9999 -9999 -9999 -9999 -9999 -9999 -9999 -9999 -9999 -9999 -9999 -9999 -9999 -9999 -9999 -9999 -9999 -9999 -9999 -9999 -9999 3378 4133 4869 4694 4424 4399 4107 3775 4712 4717 4687 4675 4710 4736 4764 4816 4903 4865 4878 4860 4836 4790 4762 4731 4717 4697 4643 4613 4615 4574 4537 4499 4455 4446 4395 4355 4313 4300 4294 4271 4224 4195 4148 4132 4131 4092 4103 4066 4056 4055 4057 4071 4075 4030
-9999 -9999 -9999 -9999 -9999 -9999 -9999 -9999 -9999 -9999 -9999 -9999 -9999 -9999 -9999 -9999 -9999 -9999 -9999 -9999 -9999 -9999 -9999 -9999 -9999 -9999 -9999 -9999 3375 4577 5038 4804 4804 4604 4378 4610 4988 4809 4743 4726 4735 4779 4818 4844 4897 4886 4894 4903 4880 4852 4812 4786 4757 4760 4717 4695 4641 4617 4590 4541 4507 4483 4428 4387 4359 4331 4305 4283 4252 4216 4184 4174 4143 4104 4106 4078 4066 4033 4049 4110 4087 4048
