data/studyarea/bio4.asc
NCOLS 462 
NROWS 586 
XLLCORNER -113 
YLLCORNER -53.1666666666667 
CELLSIZE 0.166666666666667 
NODATA_value -9999 
[rows 360 to 395 of 586, columns 246 to 327 of 462]
1545 1659 1770 1858 1916 1944 1954 1916 1858 1744 1575 1594 1483 1281 1229 1231 1289 1324 1103 997 1216 1035 1044 1234 1336 1316 1243 1408 1456 1339 1384 1617 1704 1746 1819 1872 1898 1914 1938 1921 1905 1882 1860 1825 1801 1789 1783 1803 1789 1810 1796 1819 1829 1826 1801 1743 1696 1684 1662 1648 1639 1619 1605 1613 1577 1594 1598 1578 1579 1569 1580 1566 1571 1577 1545 1552 1538 1555 1582 1589 1578 1607
1713 1756 1798 1822 1844 1875 1867 1816 1756 1651 1532 1475 1354 1252 1201 1217 1292 1379 1461 1171 1387 1264 1126 1109 1213 1272 1251 1188 1332 1471 1393 1462 1688 1775 1799 1861 1897 1917 1904 1918 1925 1882 1875 1852 1837 1847 1829 1829 1845 1846 1853 1861 1877 1886 1857 1778 1729 1704 1706 1689 1683 1681 1649 1627 1635 1641 1648 1636 1634 1654 1634 1637 1643 1618 1608 1550 1593 1615 1610 1619 1637 1657
1562 1676 1670 1770 1768 1821 1805 1758 1687 1714 1586 1470 1344 1226 1226 1237 1334 1448 1575 1648 1590 1499 1364 1024 1111 1132 1247 1121 1296 1256 1469 1454 1611 1770 1825 1862 1913 1917 1910 1922 1932 1895 1887 1873 1883 1898 1883 1874 1867 1881 1885 1898 1891 1878 1851 1806 1750 1757 1729 1721 1744 1713 1707 1692 1687 1689 1693 1688 1678 1700 1666 1694 1683 1668 1674 1600 1629 1680 1662 1680 1695 1712
1094 1275 1548 1650 1699 1713 1768 1725 1667 1670 1680 1472 1350 1315 1213 1238 1397 1570 1701 1803 1807 1601 1523 1249 1108 1119 1091 1069 1164 1318 1419 1468 1475 1688 1823 1904 1904 1897 1904 1923 1932 1922 1889 1904 1911 1905 1911 1905 1925 1909 1926 1934 1911 1878 1843 1758 1744 1738 1742 1754 1762 1737 1719 1721 1721 1707 1716 1708 1735 1736 1736 1733 1740 1721 1702 1647 1707 1739 1724 1724 1745 1768
772 785 1238 1536 1681 1720 1714 1617 1730 1675 1674 1523 1427 1370 1356 1401 1497 1667 1814 1948 1982 1834 1590 1498 1221 1136 1137 1120 1215 1256 1341 1434 1504 1560 1739 1857 1909 1917 1919 1911 1896 1924 1911 1931 1924 1933 1927 1950 1956 1948 1941 1948 1944 1898 1840 1771 1724 1738 1741 1769 1772 1770 1767 1748 1745 1751 1742 1770 1754 1772 1770 1768 1779 1779 1782 1770 1784 1779 1790 1792 1805 1810
815 695 690 1060 1669 1725 1652 1481 1727 1713 1689 1649 1619 1563 1513 1613 1691 1826 1934 2055 2146 2203 1760 1571 1492 1266 1218 1195 1266 1210 1247 1429 1514 1539 1619 1816 1894 1907 1932 1918 1924 1932 1927 1944 1947 1964 1965 1985 1971 1993 1993 1985 1972 1935 1902 1864 1801 1805 1789 1747 1769 1788 1771 1772 1773 1786 1779 1804 1802 1816 1831 1828 1855 1829 1856 1823 1835 1851 1842 1846 1854 1833
984 770 865 1039 1347 1485 1603 1432 1690 1700 1766 1730 1720 1664 1699 1752 1862 1995 2075 2118 2236 2372 2155 1665 1620 1561 1414 1364 1384 1351 1266 1433 1427 1551 1553 1714 1844 1921 1912 1899 1924 1969 2001 1972 1991 1987 1988 2007 2017 2039 2025 2006 1993 1972 1925 1910 1867 1825 1801 1759 1798 1803 1809 1803 1794 1803 1811 1815 1831 1847 1880 1880 1892 1894 1897 1904 1895 1884 1887 1884 1886 1866
1181 1010 924 947 1027 1062 1138 1318 1732 1763 1771 1784 1792 1732 1823 1896 2018 2148 2233 2205 2175 2359 2280 1978 1776 1639 1570 1591 1507 1479 1387 1496 1259 1337 1660 1613 1789 1901 1944 1938 1946 2003 2020 2017 2003 2008 1998 2035 2056 2063 2082 2077 2053 2003 1955 1905 1878 1877 1821 1824 1814 1821 1813 1830 1837 1839 1847 1852 1879 1905 1921 1933 1962 1939 1947 1935 1945 1922 1922 1922 1913 1899
1454 1420 1398 1166 1126 1159 1247 1608 1776 1796 1820 1831 1871 1867 1921 2009 2127 2233 2321 2380 2407 2335 2354 2254 2122 1815 1849 1701 1656 1651 1617 1523 1425 1369 1495 1428 1806 1907 1942 1951 1985 2046 2067 2043 2053 2046 2042 2034 2073 2093 2128 2144 2112 2059 1966 1911 1889 1860 1850 1860 1848 1848 1859 1856 1866 1873 1892 1907 1930 1963 1944 1984 1994 2025 2000 1989 2005 1982 1958 1953 1946 1945
2040 1997 1736 1475 1258 1228 1283 1491 1759 1833 1851 1888 1920 1952 2034 2075 2201 2306 2383 2454 2480 2377 2332 2584 2431 2191 2038 1886 1770 1784 1765 1738 1548 1509 1475 1485 1745 1958 1955 1980 2010 2033 2065 2081 2061 2049 2066 2098 2084 2128 2165 2206 2202 2129 1997 1910 1874 1853 1890 1892 1883 1889 1877 1880 1897 1925 1928 1952 1986 1987 2011 2032 2057 2065 2041 2034 2017 2024 1980 1973 1975 1993
2235 2201 1975 1727 1514 1572 1532 1480 1648 1753 1785 1909 1966 2021 2108 2116 2255 2330 2426 2498 2555 2569 2398 2661 2756 2191 2123 1969 1865 1838 1895 1773 1689 1630 1604 1581 1583 1706 1773 1968 1993 1961 2006 2000 2046 2066 2079 2113 2087 2147 2207 2290 2313 2165 1989 1909 1872 1893 1886 1892 1921 1925 1919 1930 1950 1956 1971 1974 2005 2021 2049 2078 2121 2115 2097 2084 2050 2060 2045 2036 2007 2014
-9999 -9999 -9999 1993 1708 1843 1796 1746 1708 1694 1760 1890 2009 2057 2157 2237 2299 2372 2449 2518 2578 2622 2668 2687 2617 2315 2129 1999 1969 1961 1965 1946 1833 1955 2325 1963 1748 1771 1997 1932 1948 1941 1897 1898 1899 1959 2014 2089 2090 2157 2229 2287 2320 2173 1950 1878 1890 1901 1934 1925 1931 1954 1975 1982 1967 1974 1987 2019 2045 2067 2083 2099 2127 2127 2113 2096 2048 2082 2077 2068 2041 2063
-9999 -9999 -9999 2238 2041 1967 2112 2135 1985 1926 1830 1946 2059 2119 2238 2305 2346 2405 2457 2504 2561 2603 2614 2566 2450 2248 2090 2038 2098 2142 2098 2128 2132 2347 2523 2053 2089 1903 2231 1983 1824 1833 1792 1680 1742 1703 1776 1927 2047 2133 2183 2222 2203 2186 2016 1968 1975 1966 1975 1970 1988 2013 2015 1986 2023 2021 2047 2047 2071 2071 2098 2110 2139 2124 2133 2096 2087 2093 2107 2096 2083 2063
-9999 -9999 -9999 -9999 2213 2040 2239 2284 2317 2322 2087 1977 2113 2181 2227 2300 2356 2369 2446 2506 2530 2578 2556 2466 2380 2231 2120 2101 2329 2549 2374 2327 2331 2331 2506 2130 1941 2115 2180 1988 1953 1803 1836 1710 1653 1601 1621 1768 1847 1930 2079 2188 2211 2201 2133 2063 2031 2027 2020 2026 2059 2026 2042 2055 2057 2050 2043 2068 2103 2094 2105 2127 2125 2105 2104 2106 2086 2104 2113 2117 2118 2100
-9999 -9999 -9999 -9999 -9999 2305 2320 2403 2496 2568 2420 2226 2147 2251 2304 2289 2360 2362 2363 2503 2524 2510 2501 2463 2366 2310 2234 2302 2658 2999 2657 2465 2492 2417 2337 2241 2230 2122 2034 2284 2493 2231 2075 1836 1690 1632 1649 1733 1745 1864 1904 2138 2204 2240 2226 2162 2115 2104 2077 2071 2084 2081 2075 2075 2095 2084 2069 2076 2091 2098 2117 2116 2137 2136 2108 2071 2079 2072 2100 2131 2128 2119
-9999 -9999 -9999 -9999 -9999 -9999 2381 2415 2460 2564 2673 2436 2211 2288 2305 2289 2361 2312 2385 2503 2552 2451 2491 2518 2454 2382 2462 2585 2912 3192 2687 2484 2633 2580 2475 2321 2264 2358 2211 2293 2418 2429 2160 1922 1769 1699 1715 1758 1726 1804 1913 2141 2184 2261 2254 2234 2198 2176 2147 2129 2136 2154 2129 2154 2159 2131 2127 2123 2127 2113 2097 2114 2122 2139 2127 2130 2129 2136 2125 2160 2170 2163
-9999 -9999 -9999 -9999 -9999 -9999 -9999 -9999 2372 2378 2548 2529 2310 2316 2363 2350 2343 2386 2490 2564 2550 2552 2574 2570 2546 2530 2634 2772 2956 3099 2907 2581 2686 2689 2533 2402 2283 2193 2329 2139 2209 2194 2169 1979 1822 1764 1729 1745 1783 1815 1943 2127 2238 2306 2330 2296 2276 2249 2229 2219 2213 2234 2208 2193 2194 2192 2200 2183 2157 2156 2154 2140 2135 2117 2144 2179 2167 2196 2163 2147 2186 2171
-9999 -9999 -9999 -9999 -9999 -9999 -9999 -9999 -9999 2274 2439 2505 2407 2355 2401 2397 2458 2386 2528 2613 2640 2656 2691 2674 2667 2692 2756 2849 2968 3010 2844 2621 2714 2696 2597 2480 2350 2274 2287 2273 2266 2127 2129 1950 1869 1822 1779 1769 1776 1875 1949 2199 2308 2383 2355 2355 2330 2320 2303 2281 2291 2255 2271 2273 2278 2251 2234 2249 2225 2210 2202 2193 2180 2177 2171 2164 2219 2249 2227 2214 2219 2213
-9999 -9999 -9999 -9999 -9999 -9999 -9999 -9999 -9999 2339 2436 2499 2425 2406 2440 2453 2462 2531 2615 2631 2690 2727 2712 2724 2761 2794 2824 2903 2940 2976 2880 2696 2672 2686 2653 2505 2383 2206 2078 1995 2230 2133 2050 2034 1961 1928 1918 1810 1836 1963 2085 2314 2403 2473 2456 2440 2407 2381 2377 2360 2374 2339 2344 2330 2325 2334 2325 2301 2289 2299 2284 2220 2219 2214 2232 2259 2239 2262 2280 2279 2291 2285
-9999 -9999 -9999 -9999 -9999 -9999 -9999 -9999 -9999 2342 2423 2479 2466 2478 2495 2502 2491 2548 2572 2652 2711 2762 2758 2811 2847 2864 2866 2919 2950 2929 2872 2774 2679 2643 2627 2554 2403 2286 2093 1813 1824 2044 1730 1914 1945 1990 1987 1919 1999 2109 2334 2398 2548 2558 2521 2470 2456 2448 2439 2428 2409 2422 2408 2393 2407 2406 2383 2378 2355 2349 2318 2312 2303 2290 2291 2287 2308 2332 2321 2331 2339 2369
-9999 -9999 -9999 -9999 -9999 -9999 -9999 -9999 -9999 2331 2423 2467 2499 2507 2551 2556 2572 2565 2564 2639 2735 2798 2831 2867 2910 2910 2929 2954 2957 2928 2845 2770 2702 2601 2559 2534 2454 2297 2117 1828 1633 1809 1651 1834 1894 1926 2120 2089 2154 2298 2387 2501 2587 2570 2554 2546 2522 2511 2493 2522 2496 2476 2478 2462 2445 2461 2436 2433 2425 2416 2387 2375 2370 2348 2340 2345 2354 2367 2371 2373 2368 2395
-9999 -9999 -9999 -9999 -9999 -9999 -9999 -9999 -9999 -9999 2380 2433 2511 2543 2579 2583 2617 2562 2654 2642 2757 2804 2886 2945 2964 2972 2995 3016 2977 2936 2885 2810 2725 2675 2600 2528 2407 2321 1985 1745 1471 1570 1641 1756 1953 1961 2082 2233 2286 2379 2419 2440 2548 2571 2576 2594 2612 2579 2571 2564 2567 2539 2552 2570 2563 2552 2525 2519 2492 2505 2467 2453 2433 2409 2378 2365 2382 2403 2390 2411 2425 2400
-9999 -9999 -9999 -9999 -9999 -9999 -9999 -9999 -9999 -9999 -9999 2436 2491 2572 2625 2633 2651 2658 2689 2762 2860 2900 2927 2983 3015 3056 3052 3047 3052 3020 2956 2875 2751 2708 2637 2572 2455 2216 2117 1786 1612 1652 1730 1760 1879 2081 2163 2326 2379 2409 2456 2463 2527 2569 2616 2624 2645 2614 2608 2637 2621 2633 2635 2626 2640 2631 2632 2625 2568 2553 2546 2523 2499 2493 2476 2436 2437 2427 2434 2442 2448 2442
-9999 -9999 -9999 -9999 -9999 -9999 -9999 -9999 -9999 -9999 -9999 -9999 2503 2590 2655 2687 2717 2709 2718 2812 2886 2945 2985 3026 3068 3109 3118 3117 3099 3067 3015 2925 2822 2756 2711 2580 2457 2280 2307 1967 1754 1794 1894 1875 1957 2144 2249 2352 2473 2521 2541 2517 2544 2625 2645 2669 2675 2671 2666 2702 2695 2691 2731 2717 2720 2719 2707 2699 2670 2649 2613 2607 2585 2544 2518 2494 2477 2459 2463 2472 2479 2460
-9999 -9999 -9999 -9999 -9999 -9999 -9999 -9999 -9999 -9999 -9999 -9999 -9999 -9999 2678 2736 2758 2741 2753 2815 2888 2976 3033 3053 3123 3139 3185 3201 3198 3170 3101 3037 2931 2846 2785 2706 2527 2453 2252 1981 1867 2012 1971 2024 2040 2217 2298 2481 2537 2619 2645 2608 2634 2707 2719 2709 2691 2708 2723 2752 2774 2785 2794 2806 2819 2806 2805 2779 2748 2715 2680 2665 2652 2627 2578 2560 2545 2509 2514 2507 2510 2481
-9999 -9999 -9999 -9999 -9999 -9999 -9999 -9999 -9999 -9999 -9999 -9999 -9999 -9999 -9999 -9999 2781 2788 2767 2731 2905 3010 3047 3127 3153 3203 3250 3282 3296 3245 3225 3143 3022 2921 2852 2755 2645 2585 2410 2051 2005 2134 2037 2145 2100 2347 2422 2568 2625 2680 2724 2725 2737 2828 2801 2786 2750 2761 2799 2813 2851 2851 2857 2884 2897 2895 2884 2853 2816 2793 2780 2738 2699 2680 2652 2650 2596 2562 2556 2537 2519 2513
-9999 -9999 -9999 -9999 -9999 -9999 -9999 -9999 -9999 -9999 -9999 -9999 -9999 -9999 -9999 -9999 -9999 -9999 2832 2855 2956 2995 3084 3168 3226 3283 3313 3366 3394 3402 3341 3264 3098 3046 2935 2830 2720 2526 2313 2216 2149 2117 2151 2218 2231 2276 2457 2620 2759 2767 2843 2874 2877 2945 2918 2885 2866 2869 2873 2892 2898 2917 2931 2956 2983 3002 2987 2962 2898 2876 2853 2779 2751 2724 2704 2669 2660 2618 2610 2569 2571 2516
-9999 -9999 -9999 -9999 -9999 -9999 -9999 -9999 -9999 -9999 -9999 -9999 -9999 -9999 -9999 -9999 -9999 -9999 -9999 -9999 -9999 -9999 -9999 3194 3284 3353 3390 3461 3501 3531 3511 3346 3266 3233 3082 2881 2789 2629 2440 2346 2356 2268 2334 2378 2431 2340 2554 2670 2869 2916 2953 3039 3008 3056 3015 3000 2984 2973 2971 2999 2986 2984 3022 3033 3058 3068 3043 3017 2967 2923 2887 2853 2833 2777 2762 2712 2709 2675 2638 2613 2602 2563
-9999 -9999 -9999 -9999 -9999 -9999 -9999 -9999 -9999 -9999 -9999 -9999 -9999 -9999 -9999 -9999 -9999 -9999 -9999 -9999 -9999 -9999 3143 3234 3322 3399 3469 3555 3619 3673 3690 3508 3420 3373 3234 3064 2926 2695 2561 2473 2509 2415 2440 2431 2599 2472 2685 2794 2959 3004 2973 3094 3079 3125 3130 3109 3102 3083 3084 3072 3061 3081 3072 3099 3127 3136 3115 3077 3032 3003 2968 2906 2864 2825 2779 2771 2761 2704 2667 2646 2625 2581
-9999 -9999 -9999 -9999 -9999 -9999 -9999 -9999 -9999 -9999 -9999 -9999 -9999 -9999 -9999 -9999 -9999 -9999 -9999 -9999 -9999 3074 3175 3252 3348 3428 3528 3604 3720 3799 3871 3780 3677 3473 3354 3195 3041 2794 2666 2618 2739 2569 2568 2621 2757 2773 2936 2952 2997 2991 3024 3146 3203 3210 3242 3214 3191 3179 3170 3138 3121 3111 3139 3165 3157 3163 3151 3112 3102 3039 3004 2970 2942 2911 2853 2835 2800 2753 2727 2705 2655 2644
-9999 -9999 -9999 -9999 -9999 -9999 -9999 -9999 -9999 -9999 -9999 -9999 -9999 -9999 -9999 -9999 -9999 -9999 -9999 -9999 3027 3052 3157 3248 3360 3445 3543 3674 3777 3889 3999 4004 3816 3624 3458 3308 3131 2965 2801 2777 2760 2720 2720 2701 2718 2795 3065 3057 3150 3103 3105 3171 3321 3311 3339 3316 3287 3264 3218 3187 3164 3172 3168 3205 3221 3211 3191 3160 3145 3086 3055 3048 3006 2956 2916 2881 2828 2812 2763 2724 2708 2686
-9999 -9999 -9999 -9999 -9999 -9999 -9999 -9999 -9999 -9999 -9999 -9999 -9999 -9999 -9999 -9999 -9999 -9999 -9999 2929 2995 3048 3146 3231 3358 3428 3570 3695 3795 3913 4002 3982 3862 3700 3553 3422 3246 3067 2927 2911 2866 2864 2828 2817 2785 2960 3196 3204 3305 3234 3218 3348 3453 3429 3450 3413 3363 3333 3312 3235 3221 3215 3256 3230 3252 3244 3235 3204 3168 3147 3106 3085 3046 3009 2965 2931 2897 2839 2795 2789 2761 2717
-9999 -9999 -9999 -9999 -9999 -9999 -9999 -9999 -9999 -9999 -9999 -9999 -9999 -9999 -9999 -9999 -9999 -9999 2885 2917 2995 3027 3134 3231 3348 3461 3583 3688 3799 3869 3951 3922 3852 3735 3628 3528 3384 3161 3065 3151 2988 2968 2964 2976 2934 2964 3259 3376 3435 3432 3403 3469 3609 3536 3546 3494 3436 3410 3338 3300 3296 3295 3314 3322 3308 3294 3271 3246 3226 3196 3166 3109 3068 3025 3010 2974 2946 2916 2879 2829 2791 2765
-9999 -9999 -9999 -9999 -9999 -9999 -9999 -9999 -9999 -9999 -9999 -9999 -9999 -9999 -9999 -9999 -9999 -9999 2889 2923 2991 3051 3126 3216 3323 3457 3550 3666 3745 3838 3885 3900 3843 3761 3690 3628 3560 3388 3273 3298 3095 3096 3079 3064 3065 3089 3222 3376 3575 3615 3562 3661 3755 3643 3612 3584 3525 3472 3450 3399 3369 3386 3375 3391 3369 3369 3338 3293 3267 3235 3189 3170 3153 3083 3065 3011 2976 2955 2906 2885 2846 2825
-9999 -9999 -9999 -9999 -9999 -9999 -9999 -9999 -9999 -9999 -9999 -9999 -9999 -9999 -9999 -9999 -9999 2922 2892 2936 2961 3015 3115 3214 3312 3420 3482 3641 3723 3817 3859 3861 3839 3779 3712 3724 3635 3531 3491 3465 3220 3262 3245 3153 3152 3112 3186 3450 3547 3692 3678 3904 3849 3753 3665 3662 3617 3575 3504 3484 3456 3467 3491 3470 3458 3396 3381 3365 3309 3272 3239 3183 3185 3135 3093 3072 3038 3002 2948 2918 2907 2848
-9999 -9999 -9999 -9999 -9999 -9999 -9999 -9999 -9999 -9999 -9999 -9999 -9999 -9999 -9999 -9999 -9999 2895 2874 2930 2991 3035 3131 3201 3280 3391 3535 3624 3717 3796 3831 3859 3865 3815 3798 3825 3781 3561 3621 3674 3409 3469 3386 3205 3198 3199 3202 3395 3415 3599 3645 3908 3896 3809 3775 3732 3667 3628 3577 3550 3542 3537 3559 3544 3502 3472 3415 3386 3352 3301 3260 3236 3200 3182 3115 3097 3081 3036 3003 2968 2945 2920
