data/studyarea/bio4.asc
NCOLS 462 
NROWS 586 
XLLCORNER -113 
YLLCORNER -53.1666666666667 
CELLSIZE 0.166666666666667 
NODATA_value -9999 
[rows 252 to 287 of 586, columns 246 to 327 of 462]
1030 1000 976 944 904 867 810 800 783 740 712 706 656 644 630 592 585 568 547 551 538 516 517 484 489 493 466 467 471 477 455 470 467 447 442 439 442 439 408 382 395 409 375 375 353 350 335 323 321 328 337 335 356 386 380 400 422 431 449 477 486 493 528 516 570 574 589 589 602 609 610 631 632 620 626 614 608 603 605 601 610 618
1009 978 951 919 881 837 816 789 752 724 690 690 633 626 610 591 560 556 547 528 522 507 477 482 486 466 456 459 437 426 425 432 437 420 424 419 414 408 408 408 374 396 375 377 384 363 351 370 335 335 351 351 354 384 376 411 411 433 455 458 472 497 497 530 554 557 581 574 603 577 599 600 588 598 582 588 591 599 602 616 603 619
990 978 929 863 836 815 810 766 722 694 691 668 621 606 573 560 555 549 528 497 495 489 454 480 461 457 430 428 425 431 410 418 413 420 411 420 406 407 407 383 374 380 359 343 375 353 357 357 354 331 329 361 364 391 367 403 411 415 434 451 475 491 504 534 528 554 571 560 576 550 566 577 588 587 589 585 589 596 578 594 609 622
932 913 884 850 809 799 760 737 696 665 636 619 595 584 563 560 539 527 519 482 499 454 452 456 444 452 426 426 415 413 415 409 413 384 377 419 398 417 371 374 355 368 343 343 340 347 361 361 340 339 366 377 401 395 397 415 413 408 442 457 487 471 486 502 513 532 526 565 561 555 549 556 547 569 573 563 574 566 594 596 600 623
899 884 846 824 776 773 741 704 672 648 612 601 554 544 532 527 497 512 501 472 454 463 455 459 439 423 428 417 401 386 390 377 398 413 390 390 390 382 366 356 362 364 332 351 361 358 349 342 344 346 364 369 399 391 397 393 388 406 428 423 416 446 475 497 496 505 522 522 549 549 556 536 540 566 554 542 579 572 595 585 589 608
882 853 802 790 757 718 709 663 642 624 591 559 542 533 520 497 497 498 476 468 470 442 461 441 441 423 409 405 382 373 377 383 377 394 382 397 380 390 366 366 384 351 374 351 351 343 349 356 358 356 369 383 391 390 379 409 404 425 405 411 416 437 458 496 489 502 519 512 506 508 519 520 553 558 535 544 561 566 568 560 591 598
840 817 805 783 744 702 676 647 613 583 555 530 530 509 500 502 482 468 458 451 447 455 442 441 398 405 405 412 382 377 379 370 386 390 370 382 380 366 350 366 367 359 347 342 349 349 344 340 356 369 351 368 385 393 381 382 402 395 392 409 422 442 435 437 472 500 512 496 511 518 505 515 534 532 537 517 527 557 571 563 572 591
823 783 777 744 716 699 664 618 592 582 535 511 509 497 489 473 462 446 446 444 442 444 434 415 434 409 398 406 380 380 383 386 370 370 390 388 390 366 366 375 358 358 334 342 355 366 359 331 341 347 364 375 401 401 399 386 389 382 390 411 413 425 435 455 484 488 479 462 474 484 499 499 492 492 521 537 515 541 536 541 557 580
792 757 726 686 676 642 622 614 584 537 499 496 476 466 463 452 475 455 442 445 442 426 435 427 425 401 398 384 402 393 393 377 377 393 372 384 367 350 343 330 343 330 345 344 359 366 359 371 340 339 335 322 367 385 374 365 375 386 388 392 428 428 401 454 454 462 453 450 442 472 486 502 482 489 512 517 529 530 541 533 551 585
765 724 703 695 665 626 612 584 555 527 491 479 474 465 459 454 450 450 449 444 447 424 430 405 418 409 407 399 426 393 399 393 399 380 375 367 344 365 375 367 362 350 350 350 335 358 393 362 358 361 337 326 335 373 348 352 364 356 399 394 374 402 402 437 446 466 442 435 437 449 477 463 472 492 497 491 528 504 521 520 549 569
724 703 690 666 626 614 593 572 540 508 504 478 453 452 446 435 461 430 432 438 424 421 423 416 413 409 409 415 399 404 399 399 409 409 380 368 362 358 335 335 386 365 375 362 346 366 371 375 340 340 355 344 344 357 375 361 377 380 384 378 382 387 399 419 429 426 403 415 417 424 457 447 479 487 473 504 512 512 520 525 539 557
703 692 675 648 630 608 576 568 532 515 479 488 461 444 440 452 429 430 426 414 422 421 405 428 411 409 430 428 408 427 422 411 407 391 411 396 388 366 367 330 344 359 356 359 359 347 349 358 343 335 342 335 351 369 361 366 373 373 362 359 380 386 405 419 399 402 386 397 431 448 449 446 452 461 487 490 514 513 503 536 520 549
678 671 643 630 599 581 560 552 512 492 480 461 452 423 421 423 433 433 421 435 418 408 419 404 404 405 437 431 437 437 413 413 407 417 395 375 375 357 352 337 352 351 340 366 346 330 338 340 346 353 315 330 327 363 370 352 350 335 344 351 373 384 394 386 402 388 382 403 422 442 438 433 430 469 454 477 496 496 491 508 525 544
676 671 630 589 575 569 545 536 498 487 486 452 435 425 423 436 435 412 407 405 407 415 403 426 421 435 435 435 437 437 431 429 429 404 412 379 380 375 382 354 367 365 348 350 356 333 317 327 361 345 328 336 325 342 342 348 313 337 348 354 361 384 352 366 382 377 382 395 417 417 411 424 439 461 461 473 472 496 498 522 533 522
666 641 614 616 589 552 532 515 488 464 462 457 438 419 434 440 435 395 413 421 409 415 397 415 433 433 440 461 451 467 449 442 428 435 406 388 389 369 375 383 356 348 343 337 356 342 345 324 333 333 329 332 323 312 344 328 340 345 335 382 362 334 327 343 363 388 372 380 379 391 409 413 440 454 457 470 484 484 494 499 522 511
671 638 618 604 580 553 524 506 496 470 457 446 470 444 437 445 411 402 415 415 413 417 417 393 414 423 440 444 462 486 449 435 428 418 408 390 378 401 365 368 356 370 359 320 330 352 346 344 324 341 323 323 320 323 310 334 323 336 336 363 331 324 329 333 348 356 367 388 391 380 370 413 427 436 434 442 440 463 491 496 514 529
655 632 610 605 588 559 536 520 515 479 463 470 445 434 425 437 400 401 418 409 387 394 403 411 417 423 437 461 448 480 449 435 437 423 406 395 399 376 384 388 344 323 362 339 344 325 314 314 330 331 335 315 348 320 290 302 337 333 327 340 332 321 323 341 363 354 384 364 377 371 411 410 418 436 444 460 453 474 476 486 507 525
645 629 599 600 569 555 531 520 511 465 462 454 450 426 434 423 394 383 415 428 411 406 411 441 403 411 441 434 465 453 472 435 431 405 417 390 403 384 347 354 382 354 341 328 330 337 316 301 320 311 329 329 329 329 328 315 337 324 301 322 324 307 325 330 355 352 345 355 367 383 409 413 426 429 448 448 452 458 467 486 508 516
629 614 577 587 538 517 514 496 482 461 441 456 428 419 426 394 402 376 413 397 420 429 423 409 405 425 446 415 441 453 442 423 423 421 399 374 362 384 360 350 374 330 348 339 330 324 301 327 325 315 312 319 324 320 330 320 304 296 297 320 306 301 309 336 359 345 332 342 370 394 394 403 421 427 437 441 436 455 480 475 502 512
618 592 613 555 515 515 499 492 471 466 447 441 409 421 410 423 403 403 415 387 411 401 411 399 412 423 443 439 433 439 425 429 407 419 399 386 371 395 377 343 344 328 351 324 336 325 286 306 329 298 287 322 327 311 308 319 320 291 292 317 297 297 312 333 343 322 349 359 386 407 385 413 401 411 431 443 461 442 471 476 489 504
622 604 587 557 533 541 504 486 476 451 445 436 412 404 410 414 409 403 399 414 407 395 397 392 433 433 412 422 413 411 416 417 397 397 409 390 361 366 357 343 315 333 349 323 323 316 286 309 310 324 304 304 306 329 330 320 312 311 327 300 315 305 330 335 324 334 340 367 369 372 396 403 409 421 427 438 453 468 468 481 492 499
589 572 548 558 521 531 501 487 463 462 450 449 419 411 423 422 401 399 399 406 427 397 401 407 407 411 406 403 406 417 413 405 401 399 397 366 354 373 364 347 315 320 342 327 328 320 285 315 303 320 306 291 297 313 319 293 307 296 292 330 319 329 330 350 317 334 348 362 372 388 376 398 409 407 435 442 432 463 461 477 502 502
578 563 554 537 518 498 493 496 473 450 439 433 426 395 421 409 402 396 378 409 403 403 402 418 393 398 429 413 402 405 401 409 395 400 377 381 354 390 366 327 344 316 309 325 342 325 313 278 286 304 320 298 298 300 300 303 300 295 317 317 317 310 314 315 335 360 366 359 377 390 395 393 418 427 420 431 447 461 460 481 489 481
571 544 519 523 493 482 488 465 463 433 436 413 421 407 413 405 379 381 386 370 375 394 402 388 403 397 395 397 399 399 408 381 395 390 366 348 384 377 365 348 333 315 314 306 304 309 317 306 278 329 290 298 298 312 324 279 296 312 327 315 310 328 323 330 337 344 364 359 372 379 395 409 395 403 409 426 446 460 455 473 481 497
529 544 522 519 494 487 495 460 442 416 413 425 421 422 405 392 402 400 365 382 386 384 407 392 392 402 398 398 379 386 403 403 390 375 382 375 373 350 359 351 325 328 307 317 324 322 309 309 296 293 309 275 293 293 314 292 323 325 290 311 296 322 315 320 327 347 369 372 380 379 399 384 400 423 427 423 447 454 470 471 490 490
512 502 516 503 480 489 465 439 450 442 436 429 418 429 399 380 393 377 379 364 368 377 382 408 377 404 377 385 374 389 389 386 393 368 375 362 359 368 362 334 338 336 323 314 340 317 316 293 304 321 307 316 306 325 325 309 300 315 278 318 325 330 327 335 364 371 382 358 380 397 377 399 413 423 444 430 433 447 470 477 497 494
531 493 475 465 468 450 465 437 438 433 405 418 415 397 375 393 395 385 396 395 398 395 377 377 364 364 369 389 393 385 387 386 399 383 386 383 363 382 356 361 343 325 309 324 330 306 298 290 292 288 319 303 296 303 306 298 301 311 309 330 325 338 337 329 368 368 366 386 361 378 385 400 410 433 437 441 439 447 463 484 491 480
504 491 473 466 470 470 440 456 457 437 408 418 402 371 373 382 387 371 382 380 390 347 366 342 357 377 400 392 375 364 375 391 383 375 357 367 356 355 344 356 342 334 315 309 312 296 302 287 275 287 313 323 301 301 306 311 283 317 335 348 323 321 327 357 370 368 386 376 394 405 419 429 424 420 432 435 450 433 442 457 457 486
484 478 470 463 442 455 447 442 436 419 416 394 403 403 393 374 380 366 385 369 375 347 375 384 388 385 377 377 376 384 400 393 375 371 403 393 368 350 344 340 343 328 323 309 301 300 302 278 278 286 318 301 283 295 317 328 333 340 334 332 317 335 366 366 380 390 377 379 383 419 417 427 447 440 460 437 446 442 435 454 466 489
458 472 468 457 461 435 426 423 429 397 426 394 419 401 396 387 385 362 374 374 375 374 374 392 394 364 370 368 384 384 384 380 373 382 389 400 380 371 343 343 335 316 317 314 310 296 285 292 302 304 323 313 301 316 328 349 332 332 317 328 343 348 348 377 377 362 381 402 419 427 434 421 426 448 446 451 443 452 442 455 459 468
434 459 465 445 465 451 429 437 421 402 394 407 398 388 382 374 374 374 348 374 381 371 383 385 382 350 344 368 375 357 359 368 373 396 391 391 380 333 347 345 308 309 309 306 315 318 323 303 316 311 327 325 332 312 326 322 333 334 325 350 348 377 381 380 377 371 402 387 413 443 429 450 443 448 436 430 433 464 445 431 447 457
438 453 443 443 427 411 437 426 436 399 413 417 399 372 370 360 351 358 356 357 336 354 368 344 335 343 344 373 357 352 381 356 373 384 374 370 355 332 338 320 315 309 304 315 315 320 320 328 321 320 321 324 321 332 324 330 327 335 360 365 357 380 366 364 369 402 397 420 420 437 429 450 460 448 442 437 427 442 405 419 415 427
444 441 448 448 441 442 415 407 395 409 375 384 373 373 370 378 352 338 342 329 344 328 346 335 338 345 352 345 352 359 352 387 374 358 362 371 364 344 330 303 306 286 286 301 300 309 316 320 306 334 335 335 327 345 341 362 364 357 341 377 377 380 369 366 393 397 401 427 421 457 457 458 466 448 444 432 434 413 429 397 425 431
438 439 425 448 435 417 426 425 417 415 409 397 366 374 373 375 349 375 344 332 346 345 333 339 339 325 366 360 364 344 359 375 350 363 357 348 352 334 315 309 304 291 275 284 301 314 307 330 327 338 332 356 357 354 357 357 374 354 354 364 384 380 384 383 388 391 402 412 423 454 471 437 458 442 429 416 422 415 439 403 431 423
449 465 439 433 433 413 397 396 406 407 407 403 403 377 384 354 343 373 338 335 327 334 338 338 335 360 347 339 346 342 362 358 359 343 351 344 332 318 307 306 284 275 277 260 278 300 307 298 324 327 337 361 364 359 368 360 360 359 357 374 382 379 382 388 405 402 413 407 396 435 466 453 437 442 430 413 430 410 431 442 436 415
440 435 444 416 429 429 427 425 399 393 393 390 383 359 363 351 366 342 336 336 333 333 340 356 350 360 342 338 348 347 341 349 359 344 354 350 334 320 320 308 300 275 273 269 300 306 291 310 337 334 351 355 368 380 362 370 349 348 393 384 377 377 388 388 375 403 417 419 408 415 439 437 429 424 419 432 408 407 435 431 431 403
