data/studyarea/bio5.asc
NCOLS 462 
NROWS 586 
XLLCORNER -113 
YLLCORNER -53.1666666666667 
CELLSIZE 0.166666666666667 
NODATA_value -9999 
[rows 252 to 287 of 586, columns 246 to 327 of 462]
348 346 344 343 341 339 336 334 335 333 332 331 331 330 328 328 328 327 328 329 330 331 331 331 332 333 335 335 336 336 336 336 336 336 335 334 332 331 329 317 323 327 325 317 302 309 308 287 275 283 286 284 296 309 314 315 318 319 321 325 327 326 327 315 327 328 333 333 331 322 322 329 329 329 329 331 329 328 330 330 331 330
346 345 343 342 340 338 337 336 334 333 331 331 329 327 326 326 326 325 324 327 328 329 328 330 331 332 333 335 336 337 336 335 335 335 334 333 332 331 327 318 325 325 321 320 321 320 316 310 300 299 296 281 296 313 316 316 319 321 323 325 322 327 329 328 330 331 332 331 331 325 320 327 326 329 328 328 326 326 328 329 330 331
344 342 341 338 333 331 335 333 332 331 330 328 326 325 324 324 324 323 324 326 327 327 325 327 329 330 332 334 335 337 337 336 335 334 333 333 332 330 326 308 325 325 315 305 313 308 308 305 306 301 300 289 307 315 316 318 321 324 324 325 325 327 329 329 331 332 330 326 329 325 323 326 324 327 326 325 326 327 328 329 330 331
341 339 337 334 331 334 333 332 331 329 326 324 323 323 322 322 322 322 323 324 325 326 323 324 328 330 332 333 334 336 336 335 334 333 332 332 331 330 322 301 325 324 303 298 297 298 299 300 301 311 320 320 323 319 322 322 323 324 325 324 324 325 329 331 331 331 330 329 329 326 327 324 323 324 323 324 326 327 328 329 330 330
338 336 333 332 329 332 331 329 328 325 323 323 323 321 321 321 321 321 321 322 323 324 325 326 326 329 330 332 333 334 333 333 333 332 331 331 328 329 306 298 323 310 300 301 300 300 299 299 319 323 324 324 324 324 324 322 320 324 324 317 300 294 329 331 331 331 331 330 330 329 326 322 321 323 323 324 326 323 327 329 331 327
335 334 333 330 330 328 328 327 325 324 322 320 319 318 317 318 319 319 320 321 321 322 324 324 326 327 328 330 331 331 331 331 331 331 330 330 308 315 302 300 305 303 302 300 299 298 295 306 323 324 324 325 325 324 321 321 323 325 317 305 294 319 330 331 331 331 330 330 327 326 327 324 324 325 320 318 319 323 327 329 329 321
334 332 331 330 327 324 326 325 324 322 321 319 317 315 315 317 316 317 318 319 321 322 322 323 324 325 327 328 329 329 330 330 330 330 330 329 316 301 303 302 302 298 299 295 295 303 306 305 321 321 324 324 325 325 325 324 323 326 318 314 319 326 330 330 330 331 330 330 330 328 319 322 324 327 329 324 313 317 322 329 327 324
332 331 330 327 326 325 324 323 322 320 319 317 315 314 315 315 315 315 316 317 318 319 321 322 324 325 325 327 328 330 330 330 330 329 329 328 310 301 302 302 301 298 296 290 308 322 322 311 304 299 323 321 323 325 325 325 326 326 319 326 328 329 330 330 330 331 330 330 329 328 328 327 328 329 327 327 328 317 316 323 319 321
330 328 328 327 325 323 320 321 319 318 315 315 313 314 313 312 312 313 313 315 316 317 319 321 322 323 324 326 328 329 330 330 329 328 328 325 293 300 300 299 299 300 305 322 324 324 324 324 322 313 289 284 316 324 325 325 325 325 326 328 328 328 329 329 329 329 329 329 328 328 328 329 329 326 326 327 329 327 319 325 330 328
329 326 326 325 324 323 320 319 318 315 314 313 312 311 311 310 311 311 311 313 314 316 317 319 320 322 323 324 326 327 328 328 327 327 326 289 258 308 309 298 300 318 321 323 324 324 324 323 324 324 322 281 283 320 324 325 325 325 326 327 327 328 328 328 328 329 329 328 328 328 326 328 328 328 328 328 328 326 320 316 328 328
327 326 324 323 321 320 318 311 316 314 313 312 311 310 310 309 309 309 310 311 312 314 316 317 318 319 321 322 324 325 325 325 325 324 319 271 291 318 296 298 318 323 323 323 323 324 324 324 324 324 325 324 315 323 325 325 326 326 326 326 326 327 327 328 328 328 328 328 328 328 327 328 329 329 328 329 331 330 324 320 328 331
326 325 324 322 321 319 317 311 314 313 313 311 310 309 308 308 307 307 309 310 312 314 315 317 318 319 320 321 321 322 322 323 322 319 319 322 314 311 296 280 312 322 322 322 323 324 324 324 324 324 325 325 326 326 325 326 326 326 326 326 326 326 327 327 328 329 328 328 328 328 328 328 328 328 328 330 331 331 331 331 331 333
325 324 323 322 320 319 317 314 314 312 311 310 309 308 307 306 307 308 309 311 311 313 315 316 316 317 318 319 319 320 320 321 322 322 321 311 316 305 289 289 304 322 320 321 323 323 323 323 324 324 324 325 325 325 325 325 326 326 326 326 327 327 327 327 328 328 328 328 328 328 328 325 327 328 328 330 327 329 330 332 332 334
323 323 322 321 319 318 316 311 313 312 311 309 309 308 307 307 306 307 308 310 312 313 314 315 315 316 316 317 317 317 318 319 320 321 321 321 321 320 321 321 320 322 322 322 322 323 323 323 324 324 324 325 325 325 325 325 325 326 326 326 327 327 327 327 328 328 328 328 328 327 326 325 326 327 327 329 328 327 329 331 332 333
323 321 320 319 319 318 312 310 313 312 310 309 308 307 306 306 306 307 308 310 311 313 314 315 315 315 316 316 316 315 316 317 318 319 320 320 320 320 320 321 321 321 321 321 322 323 323 323 323 323 324 324 324 325 325 325 325 326 326 326 326 327 326 327 327 328 328 328 327 326 326 327 326 328 328 329 329 326 326 326 329 331
321 319 319 318 318 316 315 312 312 312 310 308 306 305 304 304 305 307 308 309 311 312 313 313 313 314 314 314 314 315 315 316 317 317 318 319 319 320 320 320 320 321 321 321 322 322 323 323 323 323 324 324 324 324 324 324 325 325 325 326 325 326 326 327 327 327 327 328 327 326 327 326 326 327 329 329 330 331 326 325 328 328
321 319 318 317 317 316 315 313 312 311 310 308 306 305 301 305 306 306 308 309 309 311 312 312 313 313 313 313 314 314 314 315 316 317 318 319 319 320 320 320 320 320 321 321 321 322 322 323 323 324 324 324 324 324 324 324 325 325 325 325 325 326 326 326 327 327 327 327 327 327 327 327 326 326 327 328 330 331 325 325 328 329
322 320 319 316 316 315 314 313 312 311 310 309 306 305 305 304 305 306 307 308 309 310 311 311 312 312 313 312 313 313 313 314 315 317 317 318 318 318 318 319 320 320 321 321 322 323 323 322 323 323 324 324 324 324 324 324 324 325 324 325 325 325 326 326 327 327 327 327 327 327 326 326 325 325 326 325 329 330 324 326 331 329
322 320 319 316 316 314 313 312 312 310 310 308 306 305 306 303 305 305 307 308 309 310 310 310 311 312 311 312 312 313 313 313 314 315 316 316 317 318 318 318 320 320 320 321 321 321 321 322 322 322 323 324 324 325 325 325 324 324 324 324 325 325 325 326 327 326 327 327 326 327 325 322 322 326 326 325 328 328 326 330 332 331
323 320 319 316 315 314 312 312 310 310 310 308 307 306 306 304 305 306 306 307 308 309 309 310 310 311 311 312 312 313 313 312 313 314 315 315 316 317 317 318 319 319 319 320 320 320 320 321 322 322 323 323 324 324 325 325 325 325 324 324 325 325 326 326 327 326 326 327 327 327 327 323 323 326 325 325 328 330 329 328 332 332
322 321 319 317 316 314 313 312 311 310 309 308 307 306 306 306 305 306 306 307 307 308 309 310 310 311 311 311 311 312 312 312 313 314 314 315 315 316 317 317 317 318 319 319 320 320 320 321 321 322 322 322 323 324 325 325 325 325 325 324 325 325 326 326 326 326 326 326 327 327 327 323 324 325 327 327 327 329 330 328 329 332
320 319 318 318 316 314 312 311 310 309 309 308 307 307 306 307 305 306 306 307 308 308 308 309 310 310 310 310 311 311 311 312 313 313 313 314 315 316 316 317 317 317 319 319 320 320 320 321 321 322 322 322 322 323 324 324 324 325 325 325 325 325 326 326 326 326 325 325 327 328 327 327 325 328 328 327 328 327 329 330 330 328
318 318 317 316 315 314 313 311 310 308 308 308 308 307 307 307 305 305 306 307 308 308 309 309 309 309 310 310 310 311 311 312 312 313 313 314 314 315 316 316 317 317 318 319 319 319 320 320 321 321 322 322 322 322 323 323 323 324 325 326 325 325 326 325 326 325 324 326 327 327 327 328 328 328 329 325 327 328 330 331 331 330
318 317 317 315 315 314 312 312 311 310 309 309 308 306 306 307 305 305 306 306 307 308 308 308 309 310 309 310 310 310 311 311 312 312 313 313 314 315 315 316 317 317 318 319 319 319 320 320 320 321 321 322 322 322 323 323 323 323 324 325 325 326 326 325 326 326 325 326 327 327 327 329 328 329 328 325 326 329 331 328 328 328
317 316 315 315 313 312 311 311 310 309 309 309 307 305 306 307 307 306 306 307 307 308 308 309 309 309 310 310 310 310 311 311 311 312 313 314 314 314 315 316 317 317 317 318 319 319 320 320 320 321 321 321 322 322 322 323 323 323 324 324 324 325 326 326 326 326 325 326 327 326 326 328 329 329 328 328 328 327 329 328 329 329
315 315 315 314 312 311 310 310 310 308 307 307 306 305 304 305 307 307 307 308 308 308 309 309 309 310 310 310 310 310 311 312 312 312 312 313 314 315 315 316 316 317 317 318 319 320 320 320 321 321 321 321 321 322 322 323 323 324 324 325 325 325 325 326 326 326 326 326 327 327 325 325 328 328 329 329 325 324 324 326 330 330
315 315 314 313 312 311 311 310 309 308 307 306 306 306 304 305 305 306 306 307 307 308 308 308 309 309 309 310 310 311 311 311 311 311 312 312 313 315 316 317 317 317 317 318 319 319 320 320 321 321 321 321 322 322 322 323 323 323 323 324 325 325 325 326 327 326 325 326 327 326 325 323 324 325 327 328 325 326 327 327 328 330
315 315 314 313 312 312 311 311 309 309 307 307 307 306 306 305 306 306 306 307 307 307 308 308 308 308 308 309 310 310 310 310 310 311 312 313 314 315 316 317 318 317 318 318 319 319 320 320 320 320 321 322 322 322 322 322 322 323 324 324 324 324 325 325 326 327 326 326 326 325 325 326 325 324 325 327 328 327 327 328 327 328
315 315 315 314 313 313 312 311 310 309 308 307 306 306 306 306 306 306 307 307 307 307 307 308 308 308 309 309 310 310 310 311 311 312 312 313 313 314 316 317 318 318 318 319 319 319 320 320 320 321 321 321 321 322 322 322 322 323 324 324 324 324 325 325 325 327 326 327 326 326 326 325 326 327 326 326 328 329 329 329 329 330
314 313 314 314 313 312 311 312 311 309 308 307 307 305 305 305 305 306 306 306 307 307 307 308 308 308 308 309 310 311 311 311 311 311 312 312 313 315 316 317 318 319 319 320 320 320 320 320 321 321 321 321 321 321 322 322 323 323 323 323 324 324 325 325 324 327 327 327 327 327 327 326 325 326 327 326 325 325 326 326 326 329
313 313 312 312 312 311 310 310 310 310 309 308 308 307 306 306 306 306 306 307 307 307 307 308 308 308 309 311 311 311 311 311 311 312 311 311 313 315 316 317 318 319 320 320 320 321 321 321 321 321 321 321 321 321 322 322 323 323 323 323 323 324 325 325 324 326 328 328 327 327 327 326 325 326 326 326 325 324 324 324 326 326
313 313 313 313 312 312 311 311 310 310 309 309 309 308 307 307 307 306 307 307 307 308 308 308 308 308 310 311 311 311 312 311 311 311 311 313 314 315 316 317 319 320 320 321 321 321 321 321 321 321 321 321 321 322 322 322 322 322 323 323 324 324 324 325 324 325 326 328 328 328 327 327 326 326 326 326 327 325 324 325 325 325
313 313 313 313 312 312 311 310 310 309 308 309 309 309 308 308 308 308 309 309 309 309 308 308 309 310 311 311 311 312 311 311 311 312 313 314 315 315 316 317 319 320 321 322 322 322 322 322 322 321 321 321 321 322 322 322 322 322 322 323 324 324 324 325 325 325 326 327 329 328 328 328 327 327 327 326 326 327 324 324 326 327
314 313 312 312 312 311 310 310 309 309 309 309 308 307 307 307 308 309 309 309 309 310 310 310 310 311 311 311 312 312 312 312 312 313 314 315 315 315 317 317 319 320 321 323 323 323 322 322 322 322 322 322 322 321 321 321 322 322 322 323 323 324 325 325 326 326 326 326 327 329 329 329 329 329 328 327 327 326 325 324 326 327
314 314 313 311 311 311 310 310 310 310 310 309 308 307 308 308 309 309 309 310 310 310 311 311 311 311 311 312 312 312 312 312 312 313 314 316 315 316 317 318 319 320 321 323 324 323 323 322 322 322 322 321 321 321 322 322 322 322 322 322 323 324 324 324 325 326 327 328 327 329 329 330 330 329 329 328 328 327 326 326 326 328
315 314 313 312 312 312 311 310 310 310 309 308 308 309 308 309 310 310 310 309 310 310 311 311 311 311 312 313 312 312 312 313 313 314 316 316 316 317 318 319 320 321 322 323 323 324 323 323 322 322 322 322 321 321 321 322 322 321 322 322 323 323 324 325 326 327 327 328 328 328 329 329 329 328 328 327 327 327 327 326 327 327
