data/studyarea/bio5.asc
NCOLS 462 
NROWS 586 
XLLCORNER -113 
YLLCORNER -53.1666666666667 
CELLSIZE 0.166666666666667 
NODATA_value -9999 
[rows 72 to 107 of 586, columns 82 to 163 of 462]
352 350 349 349 350 350 350 353 356 360 357 357 356 357 355 356 356 357 356 355 352 351 350 348 346 345 344 343 342 341 340 340 340 340 339 339 338 338 338 338 337 337 338 339 338 338 337 336 334 333 333 330 331 331 333 334 334 333 331 330 329 329 330 331 330 332 332 333 332 332 331 331 330 332 333 331 330 331 330 327 327 325
346 346 347 348 349 345 345 349 357 362 360 360 357 357 356 356 356 356 356 356 354 352 352 350 347 344 342 341 340 342 342 341 340 340 340 339 339 338 339 339 337 337 337 339 339 338 337 337 336 334 332 331 330 330 332 334 333 332 330 329 329 330 332 332 330 331 333 334 334 333 332 331 332 333 332 331 330 331 330 329 328 327
348 346 345 348 350 348 348 350 353 357 360 360 357 355 355 354 354 355 356 357 355 353 351 350 348 346 343 341 341 343 344 343 341 339 340 340 339 339 339 339 338 337 337 337 338 339 339 339 338 335 332 330 330 330 332 332 332 331 330 330 330 330 332 333 332 331 333 335 334 333 333 333 333 332 332 330 330 329 329 328 327 327
350 350 345 345 349 351 349 351 354 355 356 358 357 355 355 354 356 357 357 357 356 353 351 351 347 347 345 342 341 342 343 343 342 339 338 340 341 341 340 338 338 338 337 336 337 338 338 339 339 334 332 330 330 330 332 333 331 329 330 330 331 331 331 333 332 333 334 334 334 333 334 334 332 332 332 330 329 328 328 328 328 327
351 350 351 346 346 348 350 352 352 354 356 356 358 356 355 355 357 358 356 354 356 354 351 350 348 345 345 343 342 343 342 342 341 340 338 338 340 342 340 338 337 337 337 336 337 337 337 337 335 332 330 329 329 331 334 334 331 329 329 331 332 332 331 331 332 332 334 335 334 332 333 333 332 330 330 331 332 331 331 330 328 328
354 353 352 351 345 344 347 350 354 351 353 356 358 358 356 356 357 358 356 355 354 354 351 348 348 347 346 344 344 343 342 340 340 341 338 337 339 341 341 339 336 336 336 337 337 336 335 333 330 330 329 329 329 330 334 338 334 331 330 331 333 333 332 331 332 332 334 334 334 332 333 331 329 328 330 331 331 332 332 331 329 328
354 354 354 353 348 346 348 348 352 354 353 354 355 358 357 357 357 357 355 354 353 353 351 348 347 347 347 345 345 344 342 341 340 340 339 337 337 338 339 338 336 334 334 336 336 335 335 332 330 331 331 329 329 331 333 336 336 333 332 334 335 334 332 331 332 332 333 334 334 332 331 327 327 327 328 329 330 330 330 330 328 327
349 350 352 353 352 346 348 350 352 352 352 354 355 357 358 357 356 357 356 353 353 354 350 348 347 347 347 345 344 344 343 342 340 340 339 336 336 336 337 336 335 335 334 335 335 335 333 332 330 329 329 330 331 332 333 334 335 335 333 334 336 335 333 332 332 332 332 333 333 332 328 326 325 325 325 328 328 329 329 329 327 326
350 350 348 347 349 348 347 351 351 350 352 355 356 356 357 358 356 356 356 354 354 355 351 350 348 347 346 346 344 343 342 342 338 337 338 336 335 335 335 336 334 334 335 335 334 334 332 328 328 329 330 331 332 333 334 333 334 335 332 333 334 333 332 333 332 331 330 331 332 330 327 326 325 323 324 325 326 327 328 329 328 327
346 347 347 349 349 348 343 347 350 350 352 355 357 357 357 357 356 355 356 355 356 355 353 351 349 347 345 342 341 340 341 340 339 338 338 336 335 335 336 336 335 334 335 335 334 333 331 329 328 329 330 332 333 334 334 333 333 334 331 331 331 331 332 333 330 330 329 329 330 328 327 325 325 323 323 324 325 325 326 328 328 328
347 350 354 356 355 352 343 344 348 350 352 355 356 356 354 355 357 355 355 355 354 352 350 348 348 348 344 341 339 339 339 340 339 339 338 335 335 335 336 336 334 334 334 334 333 332 331 330 329 329 331 332 334 334 334 333 333 332 330 329 329 330 330 330 329 328 327 327 327 326 326 326 326 326 324 323 323 324 325 327 328 328
346 347 348 350 350 354 352 347 347 350 354 355 355 353 352 354 356 356 355 355 352 350 349 347 345 345 344 341 340 339 340 340 339 338 336 335 334 334 334 334 333 333 332 332 332 330 330 329 328 329 330 332 334 333 332 331 331 331 329 328 328 328 327 326 325 325 324 324 323 324 325 324 324 324 322 319 320 322 324 325 326 326
337 338 337 341 346 345 349 352 352 351 354 356 354 352 353 355 357 358 356 354 351 350 349 345 344 342 342 342 340 339 340 340 338 336 334 333 333 333 333 332 332 331 330 330 331 329 328 328 328 328 330 331 332 332 331 330 330 329 327 325 325 326 324 323 322 322 322 322 322 322 322 322 321 321 319 317 318 321 322 323 324 324
335 337 340 342 343 345 348 346 349 354 357 356 353 352 353 357 358 360 358 354 349 348 347 345 343 341 341 341 340 338 338 337 335 332 331 331 330 331 331 331 330 329 328 328 328 327 327 327 327 328 329 330 330 330 330 330 329 328 326 323 324 323 322 320 320 319 320 320 320 320 320 320 320 320 -9999 -9999 -9999 -9999 -9999 321 322 322
338 337 338 339 339 343 345 346 350 353 355 356 354 353 354 355 357 360 357 353 348 346 344 342 341 340 340 340 338 336 335 334 332 329 328 328 328 328 328 328 328 327 326 326 326 325 325 326 327 328 329 329 328 328 328 328 328 327 326 323 322 -9999 320 -9999 -9999 -9999 -9999 -9999 -9999 -9999 -9999 -9999 -9999 -9999 -9999 -9999 -9999 -9999 -9999 -9999 -9999 321
337 340 340 343 345 346 348 348 352 355 356 354 353 354 355 355 356 356 354 351 347 344 340 339 337 337 337 337 336 334 332 331 329 327 325 324 325 325 326 326 326 325 324 324 324 323 323 324 326 327 328 328 328 327 327 327 327 327 324 322 321 -9999 319 318 -9999 -9999 -9999 -9999 -9999 -9999 -9999 -9999 -9999 -9999 -9999 -9999 -9999 -9999 -9999 -9999 -9999 -9999
342 345 341 340 343 345 347 353 355 357 358 355 354 353 353 354 354 352 351 348 345 342 337 333 334 333 333 334 332 331 329 328 326 325 324 323 323 323 323 323 323 323 322 322 322 322 322 323 325 326 327 327 327 327 326 326 325 325 323 322 320 -9999 317 -9999 -9999 -9999 -9999 -9999 -9999 -9999 -9999 -9999 -9999 -9999 -9999 -9999 -9999 -9999 -9999 -9999 -9999 -9999
346 346 347 346 348 349 351 354 356 357 358 356 355 352 352 351 351 351 349 347 344 341 336 331 331 330 329 328 328 328 327 327 -9999 -9999 -9999 -9999 -9999 -9999 322 322 322 321 321 321 320 320 321 322 324 325 325 326 325 325 325 324 324 323 322 321 -9999 317 317 -9999 -9999 -9999 -9999 -9999 -9999 -9999 -9999 -9999 -9999 -9999 -9999 -9999 -9999 -9999 -9999 -9999 -9999 -9999
353 353 353 353 354 354 355 355 354 357 358 357 354 352 351 350 350 349 347 345 342 340 336 332 329 327 325 323 325 -9999 -9999 -9999 -9999 -9999 -9999 -9999 -9999 -9999 -9999 -9999 -9999 -9999 -9999 -9999 320 320 -9999 323 323 324 324 324 324 324 324 323 322 321 320 318 317 -9999 -9999 -9999 -9999 -9999 -9999 -9999 -9999 -9999 -9999 -9999 -9999 -9999 -9999 -9999 -9999 -9999 -9999 -9999 -9999 -9999
356 356 355 356 357 357 357 356 356 357 357 357 354 352 351 349 348 347 345 343 340 337 334 331 329 326 323 321 -9999 -9999 -9999 -9999 -9999 -9999 -9999 -9999 -9999 -9999 -9999 -9999 -9999 -9999 -9999 -9999 -9999 -9999 -9999 321 321 322 322 322 322 322 322 321 320 320 319 317 316 316 315 -9999 -9999 -9999 -9999 -9999 -9999 -9999 -9999 -9999 -9999 -9999 -9999 -9999 -9999 -9999 -9999 -9999 -9999 -9999
360 360 359 358 358 358 358 358 358 356 355 355 354 351 349 347 345 343 342 340 337 335 333 331 329 326 -9999 -9999 -9999 -9999 -9999 -9999 -9999 -9999 -9999 -9999 -9999 -9999 -9999 -9999 -9999 -9999 -9999 -9999 -9999 -9999 -9999 -9999 -9999 -9999 321 321 321 321 320 320 -9999 -9999 -9999 316 316 315 -9999 -9999 -9999 -9999 -9999 -9999 -9999 -9999 -9999 -9999 -9999 -9999 -9999 -9999 -9999 -9999 -9999 -9999 -9999 -9999
363 362 362 360 360 361 361 359 358 357 355 354 352 350 346 343 341 339 337 336 335 333 332 331 330 -9999 -9999 -9999 -9999 -9999 -9999 -9999 -9999 -9999 -9999 -9999 -9999 -9999 -9999 -9999 -9999 -9999 -9999 -9999 -9999 -9999 -9999 -9999 -9999 -9999 -9999 -9999 -9999 -9999 -9999 -9999 -9999 -9999 -9999 315 -9999 -9999 -9999 -9999 -9999 -9999 -9999 -9999 -9999 -9999 -9999 -9999 -9999 -9999 -9999 -9999 -9999 -9999 -9999 -9999 -9999 -9999
365 365 364 364 363 364 362 359 357 357 356 353 350 347 343 339 336 334 332 332 332 331 330 -9999 -9999 -9999 -9999 -9999 -9999 -9999 -9999 -9999 -9999 -9999 -9999 -9999 -9999 -9999 -9999 -9999 -9999 -9999 -9999 -9999 -9999 -9999 -9999 -9999 -9999 -9999 -9999 -9999 -9999 -9999 -9999 -9999 -9999 -9999 -9999 -9999 -9999 -9999 -9999 -9999 -9999 -9999 -9999 -9999 -9999 -9999 -9999 -9999 -9999 -9999 -9999 -9999 -9999 -9999 -9999 -9999 -9999 -9999
367 367 367 366 366 365 364 361 357 356 354 352 347 343 339 335 332 331 329 329 330 331 -9999 -9999 -9999 -9999 -9999 -9999 -9999 -9999 -9999 -9999 -9999 -9999 -9999 -9999 -9999 -9999 -9999 -9999 -9999 -9999 -9999 -9999 -9999 -9999 -9999 -9999 -9999 -9999 -9999 -9999 -9999 -9999 -9999 -9999 -9999 -9999 -9999 -9999 -9999 -9999 -9999 -9999 -9999 -9999 -9999 -9999 -9999 -9999 -9999 -9999 -9999 -9999 -9999 -9999 -9999 -9999 -9999 -9999 -9999 -9999
371 370 369 368 367 366 364 362 357 355 353 350 344 339 334 331 328 328 327 -9999 -9999 -9999 -9999 -9999 -9999 -9999 -9999 -9999 -9999 -9999 -9999 -9999 -9999 -9999 -9999 -9999 -9999 -9999 -9999 -9999 -9999 -9999 -9999 -9999 -9999 -9999 -9999 -9999 -9999 -9999 -9999 -9999 -9999 -9999 -9999 -9999 -9999 -9999 -9999 -9999 -9999 -9999 -9999 -9999 -9999 -9999 -9999 -9999 -9999 -9999 -9999 -9999 -9999 -9999 -9999 -9999 -9999 -9999 -9999 -9999 -9999 -9999
374 373 370 369 368 365 362 361 359 355 352 347 341 334 329 326 325 325 -9999 -9999 -9999 -9999 -9999 -9999 -9999 -9999 -9999 -9999 -9999 -9999 -9999 -9999 -9999 -9999 -9999 -9999 -9999 -9999 -9999 -9999 -9999 -9999 -9999 -9999 -9999 -9999 -9999 -9999 -9999 -9999 -9999 -9999 -9999 -9999 -9999 -9999 -9999 -9999 -9999 -9999 -9999 -9999 -9999 -9999 -9999 -9999 -9999 -9999 -9999 -9999 -9999 -9999 -9999 -9999 -9999 -9999 -9999 -9999 -9999 -9999 -9999 -9999
376 375 373 369 365 360 361 360 359 354 350 344 337 329 326 324 -9999 -9999 -9999 -9999 -9999 -9999 -9999 -9999 -9999 -9999 -9999 -9999 -9999 -9999 -9999 -9999 -9999 -9999 -9999 -9999 -9999 -9999 -9999 -9999 -9999 -9999 -9999 -9999 -9999 -9999 -9999 -9999 -9999 -9999 -9999 -9999 -9999 -9999 -9999 -9999 -9999 -9999 -9999 -9999 -9999 -9999 -9999 -9999 -9999 -9999 -9999 -9999 -9999 -9999 -9999 -9999 -9999 -9999 -9999 -9999 -9999 -9999 -9999 -9999 -9999 -9999
376 374 372 366 361 360 360 360 358 354 348 341 334 329 326 -9999 -9999 -9999 -9999 -9999 -9999 -9999 -9999 -9999 -9999 -9999 -9999 -9999 -9999 -9999 -9999 -9999 -9999 -9999 -9999 -9999 -9999 -9999 -9999 -9999 -9999 -9999 -9999 -9999 -9999 -9999 -9999 -9999 -9999 -9999 -9999 -9999 -9999 -9999 -9999 -9999 -9999 -9999 -9999 -9999 -9999 -9999 -9999 -9999 -9999 -9999 -9999 -9999 -9999 -9999 -9999 -9999 -9999 -9999 -9999 -9999 -9999 -9999 -9999 -9999 -9999 -9999
374 373 369 364 360 360 361 361 357 352 345 338 332 328 -9999 -9999 -9999 -9999 -9999 -9999 -9999 -9999 -9999 -9999 -9999 -9999 -9999 -9999 -9999 -9999 -9999 -9999 -9999 -9999 -9999 -9999 -9999 -9999 -9999 -9999 -9999 -9999 -9999 -9999 -9999 -9999 -9999 -9999 -9999 -9999 -9999 -9999 -9999 -9999 -9999 -9999 -9999 -9999 -9999 -9999 -9999 -9999 -9999 -9999 -9999 -9999 -9999 -9999 -9999 -9999 -9999 -9999 -9999 -9999 -9999 -9999 -9999 -9999 -9999 -9999 -9999 -9999
373 370 364 361 361 362 362 360 355 349 342 336 331 -9999 -9999 -9999 -9999 -9999 -9999 -9999 -9999 -9999 -9999 -9999 -9999 -9999 -9999 -9999 -9999 -9999 -9999 -9999 -9999 -9999 -9999 -9999 -9999 -9999 -9999 -9999 -9999 -9999 -9999 -9999 -9999 -9999 -9999 -9999 -9999 -9999 -9999 -9999 -9999 -9999 -9999 -9999 -9999 -9999 -9999 -9999 -9999 -9999 -9999 -9999 -9999 -9999 -9999 -9999 -9999 -9999 -9999 -9999 -9999 -9999 -9999 -9999 -9999 -9999 -9999 -9999 -9999 -9999
375 370 362 362 363 363 362 360 354 348 341 334 331 -9999 -9999 -9999 -9999 -9999 -9999 -9999 -9999 -9999 -9999 -9999 -9999 -9999 -9999 -9999 -9999 -9999 -9999 -9999 -9999 -9999 -9999 -9999 -9999 -9999 -9999 -9999 -9999 -9999 -9999 -9999 -9999 -9999 -9999 -9999 -9999 -9999 -9999 -9999 -9999 -9999 -9999 -9999 -9999 -9999 -9999 -9999 -9999 -9999 -9999 -9999 -9999 -9999 -9999 -9999 -9999 -9999 -9999 -9999 -9999 -9999 -9999 -9999 -9999 -9999 -9999 -9999 -9999 -9999
375 370 363 363 364 363 363 360 354 347 340 334 -9999 -9999 -9999 -9999 -9999 -9999 -9999 -9999 -9999 -9999 -9999 -9999 -9999 -9999 -9999 -9999 -9999 -9999 -9999 -9999 -9999 -9999 -9999 -9999 -9999 -9999 -9999 -9999 -9999 -9999 -9999 -9999 -9999 -9999 -9999 -9999 -9999 -9999 -9999 -9999 -9999 -9999 -9999 -9999 -9999 -9999 -9999 -9999 -9999 -9999 -9999 -9999 -9999 -9999 -9999 -9999 -9999 -9999 -9999 -9999 -9999 -9999 -9999 -9999 -9999 -9999 -9999 -9999 -9999 -9999
374 371 365 363 364 363 362 359 353 346 338 333 -9999 -9999 -9999 -9999 -9999 -9999 -9999 -9999 -9999 -9999 -9999 -9999 -9999 -9999 -9999 -9999 -9999 -9999 -9999 -9999 -9999 -9999 -9999 -9999 -9999 -9999 -9999 -9999 -9999 -9999 -9999 -9999 -9999 -9999 -9999 -9999 -9999 -9999 -9999 -9999 -9999 -9999 -9999 -9999 -9999 -9999 -9999 -9999 -9999 -9999 -9999 -9999 -9999 -9999 -9999 -9999 -9999 -9999 -9999 -9999 -9999 -9999 -9999 -9999 -9999 -9999 -9999 -9999 -9999 -9999
374 370 366 363 364 364 361 358 353 345 338 330 -9999 -9999 -9999 -9999 -9999 -9999 -9999 -9999 -9999 -9999 -9999 -9999 -9999 -9999 -9999 -9999 -9999 -9999 -9999 -9999 -9999 -9999 -9999 -9999 -9999 -9999 -9999 -9999 -9999 -9999 -9999 -9999 -9999 -9999 -9999 -9999 -9999 -9999 -9999 -9999 -9999 -9999 -9999 -9999 -9999 -9999 -9999 -9999 -9999 -9999 -9999 -9999 -9999 -9999 -9999 -9999 -9999 -9999 -9999 -9999 -9999 -9999 -9999 -9999 -9999 -9999 -9999 -9999 -9999 -9999
373 370 368 365 364 363 361 358 353 345 335 328 323 -9999 -9999 -9999 -9999 -9999 -9999 -9999 -9999 -9999 -9999 -9999 -9999 -9999 -9999 -9999 -9999 -9999 -9999 -9999 -9999 -9999 -9999 -9999 -9999 -9999 -9999 -9999 -9999 -9999 -9999 -9999 -9999 -9999 -9999 -9999 -9999 -9999 -9999 -9999 -9999 -9999 -9999 -9999 -9999 -9999 -9999 -9999 -9999 -9999 -9999 -9999 -9999 -9999 -9999 -9999 -9999 -9999 -9999 -9999 -9999 -9999 -9999 -9999 -9999 -9999 -9999 -9999 -9999 -9999
373 371 371 367 364 362 361 358 354 346 334 326 321 -9999 -9999 -9999 -9999 -9999 -9999 -9999 -9999 -9999 -9999 -9999 -9999 -9999 -9999 -9999 -9999 -9999 -9999 -9999 -9999 -9999 -9999 -9999 -9999 -9999 -9999 -9999 -9999 -9999 -9999 -9999 -9999 -9999 -9999 -9999 -9999 -9999 -9999 -9999 -9999 -9999 -9999 -9999 -9999 -9999 -9999 -9999 -9999 -9999 -9999 -9999 -9999 -9999 -9999 -9999 -9999 -9999 -9999 -9999 -9999 -9999 -9999 -9999 -9999 -9999 -9999 -9999 -9999 -9999
