data/studyarea/bio5.asc
NCOLS 462 
NROWS 586 
XLLCORNER -113 
YLLCORNER -53.1666666666667 
CELLSIZE 0.166666666666667 
NODATA_value -9999 
[rows 36 to 71 of 586, columns 0 to 81 of 462]
-9999 -9999 -9999 -9999 -9999 -9999 -9999 -9999 -9999 -9999 -9999 -9999 -9999 -9999 -9999 -9999 -9999 -9999 -9999 -9999 -9999 -9999 -9999 -9999 -9999 321 286 258 253 278 304 291 257 247 257 255 241 247 242 224 191 226 235 268 275 281 296 312 313 316 323 328 327 327 331 335 332 335 334 331 332 333 334 332 328 331 333 335 336 336 335 335 335 336 337 337 337 338 339 340 339 340
-9999 -9999 -9999 -9999 -9999 -9999 -9999 -9999 -9999 -9999 -9999 -9999 -9999 -9999 -9999 -9999 -9999 -9999 -9999 -9999 -9999 -9999 -9999 -9999 318 312 319 301 267 246 257 281 228 207 233 232 206 224 208 213 215 223 250 212 262 268 249 294 316 325 332 336 338 337 337 339 338 339 339 336 334 337 337 337 334 334 334 335 336 336 336 336 336 336 337 337 337 338 338 340 341 341
-9999 -9999 -9999 -9999 -9999 -9999 -9999 -9999 -9999 -9999 -9999 -9999 -9999 -9999 -9999 -9999 -9999 -9999 -9999 -9999 -9999 -9999 -9999 297 313 310 300 284 272 256 232 242 195 175 197 204 188 204 216 227 243 259 269 228 208 258 222 239 297 318 325 334 338 342 341 340 341 344 344 343 342 341 340 340 341 341 340 338 338 338 338 338 337 335 337 337 337 337 338 340 340 341
-9999 -9999 -9999 -9999 -9999 -9999 -9999 -9999 -9999 -9999 -9999 -9999 -9999 -9999 -9999 -9999 -9999 -9999 -9999 -9999 -9999 -9999 295 294 287 296 294 264 233 218 214 177 167 167 185 174 178 179 183 215 250 267 271 273 206 235 246 218 279 310 316 322 334 340 340 340 340 340 342 341 339 336 336 337 339 341 341 342 342 341 342 340 338 337 337 336 335 336 338 339 340 342
-9999 -9999 -9999 -9999 -9999 -9999 -9999 -9999 -9999 -9999 -9999 -9999 -9999 -9999 -9999 -9999 -9999 -9999 -9999 -9999 -9999 288 308 303 299 281 265 258 231 206 187 183 171 173 194 208 209 208 223 242 260 266 271 276 266 231 267 278 293 310 309 310 326 335 338 336 337 339 338 336 334 331 331 333 336 339 342 342 342 343 341 340 339 339 338 337 336 337 337 338 340 341
-9999 -9999 -9999 -9999 -9999 -9999 -9999 -9999 -9999 -9999 -9999 -9999 -9999 -9999 -9999 -9999 -9999 -9999 -9999 -9999 332 330 334 322 308 297 281 268 238 216 219 217 177 179 198 186 178 204 204 226 254 266 272 277 251 202 233 262 288 300 303 310 321 326 331 333 334 331 330 329 327 328 330 332 335 339 341 344 345 344 342 340 340 339 339 337 336 337 337 337 338 339
-9999 -9999 -9999 -9999 -9999 -9999 -9999 -9999 -9999 -9999 -9999 -9999 -9999 -9999 -9999 -9999 -9999 -9999 -9999 336 346 345 348 342 326 308 306 289 261 204 245 243 235 221 244 227 224 198 180 194 238 267 273 277 275 264 224 234 244 280 300 310 318 324 330 327 322 319 319 321 323 327 330 333 336 339 341 343 344 343 343 343 341 341 340 340 341 339 337 339 340 340
-9999 -9999 -9999 -9999 -9999 -9999 -9999 -9999 -9999 -9999 -9999 -9999 -9999 -9999 -9999 -9999 -9999 -9999 339 348 350 351 353 348 329 306 301 291 285 271 287 285 283 264 264 268 258 207 179 204 238 263 272 273 273 259 201 207 256 273 286 308 318 321 321 317 310 309 313 318 322 326 330 333 336 339 341 342 343 342 342 343 345 343 341 343 343 345 344 345 346 344
-9999 -9999 -9999 -9999 -9999 -9999 -9999 -9999 -9999 -9999 -9999 -9999 -9999 -9999 -9999 -9999 -9999 -9999 351 348 345 342 341 349 342 334 316 308 303 304 304 297 302 291 284 280 264 238 197 202 228 258 268 273 274 249 192 226 260 275 281 263 297 311 308 306 302 308 316 322 326 328 331 334 337 340 341 341 341 341 342 343 345 346 345 347 347 350 352 351 351 349
-9999 -9999 -9999 -9999 -9999 -9999 -9999 -9999 -9999 -9999 -9999 -9999 -9999 -9999 -9999 -9999 -9999 335 344 343 341 333 326 331 344 338 328 319 321 319 318 306 305 304 289 278 272 257 249 204 221 243 266 275 267 220 198 244 253 258 264 270 258 274 287 302 310 318 322 327 331 333 335 336 336 336 338 340 341 342 344 346 346 346 346 346 347 351 351 351 352 353
-9999 -9999 -9999 -9999 -9999 -9999 -9999 -9999 -9999 -9999 -9999 -9999 -9999 -9999 -9999 -9999 -9999 336 339 340 337 326 298 307 335 337 337 333 330 332 327 322 309 304 284 278 267 267 272 220 216 240 265 274 256 204 213 250 266 272 283 293 281 276 280 295 305 311 314 320 324 327 330 332 333 335 338 340 343 345 347 348 348 347 346 347 348 349 350 348 351 353
-9999 -9999 -9999 -9999 -9999 -9999 -9999 -9999 -9999 -9999 -9999 -9999 -9999 -9999 -9999 -9999 300 327 332 334 337 327 301 313 321 331 334 328 322 326 321 316 309 303 287 283 275 281 279 242 227 253 272 285 247 192 226 251 276 293 302 296 276 277 288 296 304 308 311 317 321 326 329 331 332 334 337 339 342 346 347 349 346 343 343 343 345 345 346 347 346 348
-9999 -9999 -9999 -9999 -9999 -9999 -9999 -9999 -9999 -9999 -9999 -9999 -9999 -9999 -9999 -9999 297 297 305 327 336 321 298 263 303 326 332 327 316 317 308 307 302 303 291 281 272 273 274 263 252 281 285 292 279 228 224 232 286 300 305 301 292 294 298 300 308 311 313 316 322 326 328 330 331 333 336 338 342 344 346 346 344 343 342 343 344 344 344 345 347 349
-9999 -9999 -9999 -9999 -9999 -9999 -9999 -9999 -9999 -9999 -9999 -9999 -9999 -9999 -9999 309 306 298 296 320 333 308 288 268 278 323 331 329 324 320 309 302 294 301 293 284 274 257 286 294 299 303 299 278 247 208 228 250 278 295 303 305 299 299 306 310 312 316 318 321 324 326 327 328 330 332 335 338 341 344 346 344 343 344 345 347 347 346 345 344 343 345
-9999 -9999 -9999 -9999 -9999 -9999 -9999 -9999 -9999 -9999 -9999 -9999 -9999 -9999 -9999 319 312 310 310 323 329 306 286 283 260 300 328 326 324 321 316 310 303 295 294 287 256 229 236 237 283 314 294 255 207 235 257 269 278 291 297 304 301 304 309 317 322 322 324 326 326 327 328 328 330 332 335 337 340 342 343 343 344 344 345 345 344 342 344 341 342 346
-9999 -9999 -9999 -9999 -9999 -9999 -9999 -9999 -9999 -9999 -9999 -9999 -9999 -9999 -9999 322 318 308 296 318 321 299 275 282 273 288 324 322 319 317 313 307 302 305 307 300 277 247 234 231 284 318 290 213 190 246 277 281 280 294 300 310 305 306 313 327 328 321 326 329 328 329 330 328 329 331 334 336 338 340 345 348 348 347 348 350 349 346 345 345 346 347
-9999 -9999 -9999 -9999 -9999 -9999 -9999 -9999 -9999 -9999 -9999 -9999 -9999 -9999 -9999 329 316 307 307 308 307 296 277 289 289 313 310 305 307 309 307 301 305 306 316 312 291 284 258 275 302 301 277 225 215 252 278 287 289 293 300 314 315 317 313 332 330 325 326 328 330 331 334 332 329 330 335 340 342 344 345 342 340 338 341 343 345 345 344 345 348 351
-9999 -9999 -9999 -9999 -9999 -9999 -9999 -9999 -9999 -9999 -9999 -9999 -9999 -9999 336 328 319 317 320 313 303 291 282 296 302 302 300 293 284 291 292 299 308 303 307 318 322 323 305 324 319 308 288 270 258 272 288 285 286 291 305 326 331 329 325 331 335 332 332 332 334 336 337 338 337 335 334 341 338 338 338 336 335 336 338 342 343 342 342 346 350 350
-9999 -9999 -9999 -9999 -9999 -9999 -9999 -9999 -9999 -9999 -9999 -9999 -9999 -9999 337 325 315 322 325 319 312 302 295 301 302 295 283 281 283 295 293 289 287 261 294 319 320 324 329 331 318 312 308 289 286 295 300 300 306 313 325 332 336 337 332 338 341 342 341 340 339 334 333 334 335 338 339 337 332 334 334 334 336 341 345 346 346 348 348 348 349 347
-9999 -9999 -9999 -9999 -9999 -9999 -9999 -9999 -9999 -9999 -9999 -9999 -9999 -9999 339 329 329 333 331 328 318 317 315 305 296 293 293 271 266 281 301 285 248 277 309 324 326 327 336 290 299 301 304 291 291 303 314 321 324 322 327 334 330 327 335 341 341 342 339 338 334 327 325 325 327 330 331 330 331 332 334 334 337 342 344 346 350 351 351 352 355 351
-9999 -9999 -9999 -9999 -9999 -9999 -9999 -9999 -9999 -9999 -9999 -9999 -9999 -9999 342 339 337 338 333 331 327 319 309 303 307 301 294 293 276 271 293 301 309 316 321 327 330 333 335 295 295 309 307 293 291 304 313 321 323 327 330 331 332 334 334 337 340 339 338 335 326 325 323 324 326 327 329 331 331 331 334 339 342 346 349 352 353 354 354 354 357 354
-9999 -9999 -9999 -9999 -9999 -9999 -9999 -9999 -9999 -9999 -9999 -9999 -9999 -9999 336 340 341 341 337 332 322 307 308 309 305 291 288 289 284 285 295 290 309 322 328 332 331 337 333 301 291 312 311 297 295 304 314 320 323 330 331 327 324 319 330 332 331 323 325 326 325 324 324 325 326 327 329 331 336 337 336 345 344 347 350 354 356 357 358 359 359 358
-9999 -9999 -9999 -9999 -9999 -9999 -9999 -9999 -9999 -9999 -9999 -9999 -9999 -9999 319 321 327 334 335 329 324 318 317 307 303 298 293 288 285 292 283 279 295 317 309 326 335 338 333 287 302 315 316 308 302 304 312 318 324 327 332 333 328 321 323 323 324 323 324 324 325 325 325 325 324 325 327 329 330 336 346 348 351 350 354 357 360 361 362 362 362 361
-9999 -9999 -9999 -9999 -9999 -9999 -9999 -9999 -9999 -9999 -9999 -9999 -9999 -9999 304 312 315 323 324 325 321 320 315 309 300 295 298 290 289 291 281 282 299 311 311 329 337 339 332 284 305 314 315 307 307 307 311 319 325 329 331 333 332 327 326 327 325 324 325 326 326 325 324 324 324 325 328 329 330 332 338 350 354 357 358 360 361 363 364 364 363 363
-9999 -9999 -9999 -9999 -9999 -9999 -9999 -9999 -9999 -9999 -9999 -9999 -9999 -9999 -9999 298 306 314 308 303 302 307 298 296 299 301 295 289 285 284 282 289 302 314 319 317 338 339 325 313 302 307 309 310 310 306 314 317 322 329 332 332 336 335 333 331 329 325 324 327 328 328 327 326 326 326 328 329 331 330 330 342 350 354 355 357 357 360 362 364 363 363
-9999 -9999 -9999 -9999 -9999 -9999 -9999 -9999 -9999 -9999 -9999 -9999 -9999 -9999 -9999 290 291 297 290 280 274 289 287 279 279 285 281 280 280 276 265 276 283 289 306 323 337 331 314 313 308 312 306 292 300 308 316 323 328 334 337 338 340 335 329 330 332 331 329 329 331 333 331 328 326 326 329 332 332 331 332 342 350 354 357 359 360 361 362 361 362 362
-9999 -9999 -9999 -9999 -9999 -9999 -9999 -9999 -9999 -9999 -9999 -9999 -9999 -9999 -9999 307 306 295 281 258 235 255 266 267 261 268 264 259 264 280 279 288 288 289 288 309 334 326 317 326 313 313 311 302 302 312 323 329 334 337 342 342 343 338 332 329 330 330 330 330 330 330 329 329 327 328 330 333 334 333 333 337 347 352 355 358 358 360 360 363 363 363
-9999 -9999 -9999 -9999 -9999 -9999 -9999 -9999 -9999 -9999 -9999 -9999 -9999 -9999 -9999 315 322 306 297 252 216 232 243 242 266 270 278 273 284 287 287 286 266 281 290 299 335 334 334 328 308 312 320 306 299 310 322 333 338 340 340 343 345 340 331 327 327 325 325 326 328 329 329 330 329 329 331 333 334 335 335 336 343 350 354 356 361 362 363 363 364 364
-9999 -9999 -9999 -9999 -9999 -9999 -9999 -9999 -9999 -9999 -9999 -9999 -9999 -9999 -9999 319 325 316 300 271 253 255 249 265 270 295 270 263 282 273 267 277 276 276 319 333 343 340 340 317 308 321 324 292 293 306 317 330 337 340 346 346 345 339 335 327 325 325 326 327 327 328 329 331 331 331 332 334 335 336 338 338 342 348 352 358 361 362 364 364 365 364
-9999 -9999 -9999 -9999 -9999 -9999 -9999 -9999 -9999 -9999 -9999 -9999 -9999 -9999 -9999 -9999 315 311 307 290 281 260 272 278 295 281 266 261 267 271 271 276 294 272 323 344 341 341 340 320 329 334 316 285 280 272 288 324 337 341 348 351 344 340 336 329 325 324 325 326 327 328 329 331 331 331 333 335 336 337 339 345 347 352 356 360 363 363 365 366 364 362
-9999 -9999 -9999 -9999 -9999 -9999 -9999 -9999 -9999 -9999 -9999 -9999 -9999 -9999 -9999 -9999 340 322 300 301 301 297 306 300 317 267 246 265 261 279 267 280 295 317 334 336 339 333 327 333 345 333 287 238 275 288 305 317 333 341 347 350 345 342 336 328 327 326 327 327 328 329 331 332 333 333 333 334 337 342 346 349 351 353 357 360 363 364 365 365 363 362
-9999 -9999 -9999 -9999 -9999 -9999 -9999 -9999 -9999 -9999 -9999 -9999 -9999 -9999 -9999 -9999 -9999 347 324 312 312 310 328 315 316 278 256 268 291 287 257 282 310 329 340 336 331 303 313 348 348 339 294 255 252 275 295 309 326 338 344 348 346 344 338 328 328 329 329 330 329 331 333 335 335 335 334 335 336 342 347 350 353 355 356 359 362 363 363 362 362 358
-9999 -9999 -9999 -9999 -9999 -9999 -9999 -9999 -9999 -9999 -9999 -9999 -9999 -9999 -9999 -9999 -9999 -9999 355 331 329 334 342 309 311 322 319 296 294 282 254 280 312 334 339 334 332 309 333 353 351 342 307 245 246 268 289 307 324 336 341 346 347 343 337 329 331 331 331 332 333 334 336 338 338 338 337 337 339 343 348 350 351 353 355 358 360 361 362 361 360 356
-9999 -9999 -9999 -9999 -9999 -9999 -9999 -9999 -9999 -9999 -9999 -9999 -9999 -9999 -9999 -9999 -9999 -9999 373 367 356 353 357 341 306 312 337 312 283 284 285 276 317 338 332 332 339 325 325 355 353 346 314 234 248 273 290 309 323 334 341 346 345 343 339 332 333 333 334 335 336 339 340 342 342 342 341 340 340 345 343 344 346 352 355 358 358 359 360 359 356 352
-9999 -9999 -9999 -9999 -9999 -9999 -9999 -9999 -9999 -9999 -9999 -9999 -9999 -9999 -9999 -9999 -9999 -9999 -9999 357 370 360 349 355 339 339 323 315 309 306 309 301 320 339 345 339 342 338 323 354 355 352 320 238 249 274 290 307 320 332 339 345 344 345 345 342 336 334 336 338 340 343 345 345 345 345 344 344 346 347 347 346 347 348 352 355 355 355 356 355 352 347
-9999 -9999 -9999 -9999 -9999 -9999 -9999 -9999 -9999 -9999 -9999 -9999 -9999 -9999 -9999 -9999 -9999 -9999 -9999 330 363 361 349 350 350 345 323 302 321 329 328 316 332 339 334 339 344 343 323 344 355 353 345 297 280 288 300 297 313 328 339 347 349 350 349 346 341 338 339 339 342 344 346 346 347 347 347 345 346 347 348 349 348 346 348 350 352 354 354 353 349 347
