data/studyarea/bio5.asc
NCOLS 462 
NROWS 586 
XLLCORNER -113 
YLLCORNER -53.1666666666667 
CELLSIZE 0.166666666666667 
NODATA_value -9999 
[rows 396 to 431 of 586, columns 328 to 409 of 462]
345 344 343 342 337 335 324 326 323 316 319 322 321 321 319 311 305 308 311 315 315 315 317 317 315 314 315 315 315 315 315 314 313 312 311 311 312 314 311 309 306 305 304 304 305 305 304 302 301 301 302 302 302 303 304 302 300 298 295 291 286 290 293 290 289 283 284 289 278 268 269 271 275 280 287 289 289 286 282 279 271 269
345 344 343 342 338 334 329 329 319 319 324 323 319 319 314 305 305 309 312 315 318 317 317 317 318 319 318 317 315 314 312 311 312 313 312 312 315 312 308 307 308 308 308 305 303 302 304 304 303 302 301 300 301 300 302 303 300 298 294 290 284 283 287 289 288 284 282 284 277 259 258 267 264 269 285 288 285 285 284 280 268 267
344 344 343 342 338 335 334 328 324 324 326 324 322 315 307 300 305 312 315 316 317 319 320 320 320 320 320 320 317 314 313 311 310 309 310 313 314 310 308 305 305 306 307 308 306 302 300 300 300 300 299 299 298 298 300 299 300 299 297 292 289 279 274 277 282 287 286 285 282 268 252 259 263 257 273 285 281 274 278 279 272 260
345 343 343 342 339 337 334 331 327 328 327 326 321 316 303 303 308 311 313 313 315 317 319 320 322 318 318 320 319 314 314 312 311 312 313 315 310 308 308 307 306 304 306 304 303 302 302 299 297 297 298 296 297 296 299 297 299 297 294 291 285 281 273 269 273 282 285 283 280 275 268 258 255 259 275 283 280 264 274 279 266 240
345 344 344 344 339 338 336 333 330 329 328 324 320 318 302 302 306 312 315 316 314 315 317 320 320 317 319 319 321 317 315 315 315 316 314 311 308 307 306 308 306 304 304 302 300 299 297 298 300 299 294 291 290 296 297 295 296 297 291 283 286 278 274 274 280 278 281 281 280 272 265 265 265 270 277 277 274 264 247 273 270 228
346 346 346 344 340 334 334 331 329 329 327 324 317 312 306 299 306 309 312 315 316 317 318 317 316 318 318 317 319 320 318 318 317 312 309 306 306 309 309 307 306 306 305 303 304 301 298 297 294 295 295 293 295 295 295 294 293 295 291 283 279 273 270 280 283 278 279 277 278 275 263 258 243 251 269 271 274 266 238 238 242 233
347 346 346 343 339 331 329 328 330 329 327 322 320 318 311 303 304 306 308 310 312 313 314 313 316 318 318 319 321 320 319 318 314 313 312 311 308 310 309 309 308 308 307 304 305 303 300 295 296 296 296 297 296 295 294 292 290 291 292 294 292 288 287 289 285 283 280 278 273 263 262 246 228 252 250 254 241 236 242 273 280 280
348 347 346 343 339 335 332 331 331 329 328 326 315 314 315 313 303 307 309 311 315 314 315 314 315 316 317 319 321 320 317 312 309 308 305 304 305 305 303 305 306 307 309 309 309 305 301 299 300 300 298 299 297 295 292 291 289 287 282 291 292 291 290 290 287 284 281 277 270 260 253 243 244 234 215 246 223 248 279 280 265 237
348 347 345 344 341 337 335 332 331 330 328 322 315 319 317 315 303 308 312 313 314 315 317 315 315 316 316 319 319 314 311 307 305 302 300 299 299 300 299 298 297 301 304 305 308 307 306 305 305 305 305 302 297 292 291 292 291 285 279 278 288 291 290 287 283 281 278 273 264 260 257 254 245 229 245 252 273 278 269 257 252 238
349 347 345 343 341 338 336 334 333 330 325 321 320 317 316 317 306 308 308 309 311 313 315 316 316 316 316 318 318 314 312 310 307 305 301 295 292 292 291 292 292 296 301 304 306 303 301 305 304 304 306 301 293 292 289 290 291 285 278 276 286 287 285 285 283 279 276 270 263 260 258 255 251 260 266 271 269 263 252 255 244 262
350 348 345 342 340 337 336 337 332 326 326 322 324 320 319 316 305 307 307 311 311 312 311 312 313 314 316 318 316 314 313 312 310 308 304 297 286 282 289 282 284 289 296 301 301 299 295 299 299 300 298 294 289 286 292 294 295 293 289 284 281 280 280 280 278 277 271 261 257 259 252 252 258 264 266 260 252 254 247 235 259 290
351 348 345 341 339 337 337 339 335 331 327 324 319 317 318 312 307 311 310 312 313 312 312 312 313 314 316 313 310 309 309 307 304 304 303 302 290 279 274 279 283 283 295 300 297 288 290 293 295 298 292 295 297 289 289 290 292 291 289 283 279 275 276 277 273 272 264 262 260 260 258 257 256 258 255 253 253 251 252 284 302 300
350 347 344 341 338 336 336 334 330 325 325 321 318 317 320 316 310 312 310 312 313 314 313 311 312 314 315 308 308 306 307 303 301 300 299 302 299 292 286 280 278 281 290 292 291 280 277 293 292 295 287 289 294 292 288 288 287 287 287 283 277 273 272 273 269 261 253 250 256 260 259 252 249 246 243 235 250 270 289 304 -9999 -9999
348 346 342 339 337 335 333 330 327 325 324 322 320 319 320 319 317 311 312 313 314 314 314 314 312 314 312 308 307 309 306 301 299 299 296 293 299 300 295 288 288 287 280 280 282 269 271 291 288 289 289 286 292 291 287 287 284 284 285 281 276 271 268 267 259 248 246 247 248 253 250 247 242 264 273 268 271 284 268 292 -9999 -9999
346 344 341 338 335 332 329 326 323 324 323 322 321 320 320 320 319 312 311 312 314 314 314 313 315 315 310 310 311 310 310 307 303 298 294 292 298 299 302 299 294 284 270 270 283 281 281 285 282 282 284 284 290 288 288 284 283 282 282 278 276 271 264 258 250 250 254 254 250 247 251 283 281 287 -9999 -9999 294 261 277 -9999 -9999 -9999
345 343 340 337 333 330 326 323 322 322 321 320 320 319 320 321 320 318 313 311 312 312 314 316 316 312 312 311 313 312 311 306 303 299 293 289 290 294 300 296 296 291 288 278 277 285 282 277 279 281 282 279 284 284 280 276 276 273 273 272 270 265 265 279 277 271 274 265 275 290 282 290 285 -9999 -9999 286 -9999 -9999 -9999 -9999 -9999 -9999
345 342 339 336 332 329 326 323 320 317 315 317 317 318 316 318 319 319 318 316 312 314 314 314 313 308 310 312 313 312 311 305 300 294 288 285 287 296 295 291 293 290 288 287 282 283 279 273 270 273 272 270 267 267 265 266 268 268 267 265 268 291 303 301 298 291 288 287 300 300 -9999 -9999 -9999 -9999 -9999 -9999 -9999 -9999 -9999 -9999 -9999 -9999
344 342 339 336 333 330 327 323 320 317 314 314 315 317 317 317 319 319 318 314 312 312 312 314 313 308 308 309 309 306 307 307 300 294 288 280 285 290 288 280 284 290 280 287 284 282 281 278 272 263 259 265 266 266 270 274 266 264 281 281 295 308 309 304 298 290 279 284 299 -9999 -9999 -9999 -9999 -9999 -9999 -9999 -9999 -9999 -9999 -9999 -9999 -9999
344 342 339 337 334 331 328 324 322 318 316 313 314 314 317 318 316 316 316 313 314 314 314 315 313 307 306 304 303 300 301 303 300 292 287 282 277 281 278 272 277 285 279 278 276 279 274 278 263 260 261 264 264 273 284 291 289 286 301 300 310 309 307 303 299 298 291 -9999 -9999 -9999 -9999 -9999 -9999 -9999 -9999 -9999 -9999 -9999 -9999 -9999 -9999 -9999
344 342 340 338 336 333 329 326 323 320 318 316 312 313 316 315 316 317 316 311 313 315 315 315 311 309 305 301 295 293 292 295 298 295 290 287 282 273 265 267 273 279 283 281 272 276 276 276 264 261 263 262 271 287 298 287 298 290 292 284 292 305 304 302 299 297 -9999 -9999 -9999 -9999 -9999 -9999 -9999 -9999 -9999 -9999 -9999 -9999 -9999 -9999 -9999 -9999
343 341 341 340 338 335 331 327 324 321 319 319 314 310 311 314 316 317 316 315 313 314 314 313 312 307 302 297 291 285 284 284 288 289 287 279 275 270 265 263 265 270 281 284 278 272 273 276 274 262 264 268 285 294 283 269 268 266 285 272 269 298 306 304 -9999 -9999 -9999 -9999 -9999 -9999 -9999 -9999 -9999 -9999 -9999 -9999 -9999 -9999 -9999 -9999 -9999 -9999
342 341 342 342 340 335 330 327 325 323 321 320 319 312 313 315 316 318 317 316 312 313 314 314 310 304 297 294 288 288 279 276 275 274 282 282 276 268 264 260 257 260 266 276 277 272 273 276 275 269 267 276 281 275 270 256 258 271 273 281 289 307 304 -9999 -9999 -9999 -9999 -9999 -9999 -9999 -9999 -9999 -9999 -9999 -9999 -9999 -9999 -9999 -9999 -9999 -9999 -9999
342 342 343 343 339 333 325 324 322 323 322 321 319 317 314 316 318 318 318 317 314 313 316 315 310 304 300 301 297 295 286 286 284 277 275 271 269 269 268 261 259 255 255 272 272 270 273 275 275 273 263 267 272 261 255 258 258 291 298 301 299 306 306 -9999 -9999 -9999 -9999 -9999 -9999 -9999 -9999 -9999 -9999 -9999 -9999 -9999 -9999 -9999 -9999 -9999 -9999 -9999
343 343 342 343 338 330 325 317 319 322 322 321 319 315 315 317 318 319 319 319 316 318 322 317 311 310 309 307 305 300 297 295 289 287 281 274 278 277 268 264 263 257 252 264 271 268 271 270 272 269 265 258 261 257 258 256 272 301 293 295 298 302 -9999 -9999 -9999 -9999 -9999 -9999 -9999 -9999 -9999 -9999 -9999 -9999 -9999 -9999 -9999 -9999 -9999 -9999 -9999 -9999
343 342 341 340 337 332 326 317 316 320 322 322 321 317 316 318 320 321 321 320 320 321 324 320 316 314 312 309 307 303 300 299 296 293 289 283 284 272 268 265 259 251 249 254 264 270 268 268 268 269 268 262 261 259 257 253 262 283 287 288 291 -9999 -9999 -9999 -9999 -9999 -9999 -9999 -9999 -9999 -9999 -9999 -9999 -9999 -9999 -9999 -9999 -9999 -9999 -9999 -9999 -9999
342 341 340 338 335 331 326 323 319 321 322 322 317 319 317 319 320 320 320 320 321 323 324 320 313 308 308 303 303 299 297 294 297 291 288 288 285 277 266 259 253 251 258 254 259 268 271 270 271 270 266 263 261 257 253 250 267 286 284 287 -9999 -9999 -9999 -9999 -9999 -9999 -9999 -9999 -9999 -9999 -9999 -9999 -9999 -9999 -9999 -9999 -9999 -9999 -9999 -9999 -9999 -9999
341 340 339 337 334 331 323 321 317 316 321 321 316 315 317 316 317 317 319 322 323 324 324 320 315 307 301 299 301 296 291 291 296 294 283 278 276 274 262 266 260 264 259 255 264 270 272 273 271 269 269 268 265 259 252 249 258 290 289 -9999 -9999 -9999 -9999 -9999 -9999 -9999 -9999 -9999 -9999 -9999 -9999 -9999 -9999 -9999 -9999 -9999 -9999 -9999 -9999 -9999 -9999 -9999
340 339 337 336 334 331 325 324 321 319 321 319 320 322 323 319 316 318 320 321 322 323 322 317 311 304 300 292 298 295 286 292 293 291 290 277 269 268 271 262 266 267 267 267 268 275 275 274 273 272 272 270 263 258 255 254 271 289 289 -9999 -9999 -9999 -9999 -9999 -9999 -9999 -9999 -9999 -9999 -9999 -9999 -9999 -9999 -9999 -9999 -9999 -9999 -9999 -9999 -9999 -9999 -9999
340 338 336 335 334 332 327 327 325 324 323 321 321 324 323 324 323 318 314 315 318 320 320 316 311 302 296 288 286 286 283 286 285 284 285 280 271 264 261 262 258 258 267 277 282 279 276 274 273 271 268 269 265 261 253 262 291 290 289 -9999 -9999 -9999 -9999 -9999 -9999 -9999 -9999 -9999 -9999 -9999 -9999 -9999 -9999 -9999 -9999 -9999 -9999 -9999 -9999 -9999 -9999 -9999
338 337 336 335 334 333 331 329 328 327 326 325 326 326 328 326 317 315 316 316 317 318 318 315 307 301 292 293 289 291 282 279 284 286 281 275 271 265 261 254 254 254 260 261 271 273 266 272 274 272 266 262 261 262 285 290 293 291 289 -9999 -9999 -9999 -9999 -9999 -9999 -9999 -9999 -9999 -9999 -9999 -9999 -9999 -9999 -9999 -9999 -9999 -9999 -9999 -9999 -9999 -9999 -9999
336 336 335 335 335 334 333 330 329 329 329 330 330 332 332 328 320 318 316 317 317 317 313 312 304 298 294 300 295 300 296 290 294 293 292 284 276 264 259 252 248 252 258 255 253 263 261 262 272 280 277 263 259 262 278 289 290 290 290 -9999 -9999 -9999 -9999 -9999 -9999 -9999 -9999 -9999 -9999 -9999 -9999 -9999 -9999 -9999 -9999 -9999 -9999 -9999 -9999 -9999 -9999 -9999
335 335 335 335 336 335 334 330 329 331 332 334 334 336 335 329 325 318 317 316 317 316 311 303 301 303 302 302 299 306 300 297 301 300 297 286 277 270 264 254 248 249 255 258 256 249 250 250 263 276 281 278 265 277 293 289 283 289 289 -9999 -9999 -9999 -9999 -9999 -9999 -9999 -9999 -9999 -9999 -9999 -9999 -9999 -9999 -9999 -9999 -9999 -9999 -9999 -9999 -9999 -9999 -9999
333 334 335 336 337 337 336 333 330 331 335 336 337 337 336 334 327 322 317 316 314 312 308 303 304 307 306 308 303 309 303 302 307 300 290 282 276 270 262 258 256 263 264 264 256 253 249 248 258 275 278 285 273 282 296 291 288 289 288 -9999 -9999 -9999 -9999 -9999 -9999 -9999 -9999 -9999 -9999 -9999 -9999 -9999 -9999 -9999 -9999 -9999 -9999 -9999 -9999 -9999 -9999 -9999
333 334 336 338 339 339 339 338 336 335 337 337 337 336 333 331 329 324 318 316 310 305 304 305 310 308 313 314 308 314 312 310 306 293 291 289 282 281 275 270 268 274 270 264 254 256 253 249 264 279 285 283 287 289 275 274 285 279 284 286 -9999 -9999 -9999 -9999 -9999 -9999 -9999 -9999 -9999 -9999 -9999 -9999 -9999 -9999 -9999 -9999 -9999 -9999 -9999 -9999 -9999 -9999
334 335 338 340 341 342 342 341 341 340 337 334 335 333 329 326 329 325 318 312 312 312 312 310 315 315 312 311 313 309 313 305 304 298 294 298 296 288 282 277 278 270 262 255 256 257 250 249 253 276 288 286 279 270 274 277 281 283 284 283 -9999 -9999 -9999 -9999 -9999 -9999 -9999 -9999 -9999 -9999 -9999 -9999 -9999 -9999 -9999 -9999 -9999 -9999 -9999 -9999 -9999 -9999
336 337 340 343 344 345 344 344 344 341 335 331 331 329 327 326 327 327 321 315 316 317 317 319 319 314 311 307 309 304 310 303 294 293 286 287 289 288 289 283 275 268 263 259 257 260 254 255 258 264 274 281 280 266 264 263 269 275 280 281 -9999 -9999 -9999 -9999 -9999 -9999 -9999 -9999 -9999 -9999 -9999 -9999 -9999 -9999 -9999 -9999 -9999 -9999 -9999 -9999 -9999 -9999
