data/studyarea/bio6.asc
NCOLS 462 
NROWS 586 
XLLCORNER -113 
YLLCORNER -53.1666666666667 
CELLSIZE 0.166666666666667 
NODATA_value -9999 
[rows 324 to 359 of 586, columns 246 to 327 of 462]
175 176 177 177 176 176 174 174 173 171 170 169 167 167 165 164 163 163 163 164 165 169 172 176 179 181 182 182 183 185 186 187 186 186 188 189 189 189 190 192 193 192 192 191 190 190 188 186 184 183 182 180 179 177 -9999 -9999 -9999 -9999 -9999 -9999 -9999 -9999 -9999 -9999 -9999 -9999 160 160 161 160 160 158 157 158 159 160 158 155 153 154 155 156
176 177 177 176 175 173 173 173 171 170 169 168 166 165 164 164 164 165 165 166 167 171 175 179 180 181 183 182 184 185 186 186 186 187 188 189 191 191 192 193 193 192 192 190 189 188 187 185 183 181 181 179 177 175 173 171 -9999 -9999 -9999 -9999 -9999 -9999 -9999 -9999 161 159 159 160 159 157 157 158 156 156 157 158 157 157 155 153 153 154
177 176 175 174 173 173 173 171 169 169 167 167 165 164 164 165 165 165 166 167 170 173 177 180 182 184 183 184 184 185 186 186 187 188 188 189 190 191 192 193 193 192 192 190 188 187 187 184 182 181 178 176 175 175 172 169 166 165 -9999 -9999 -9999 -9999 -9999 158 158 157 157 157 157 155 154 156 153 154 156 156 156 155 155 153 152 151
176 174 174 173 173 173 171 169 168 168 167 165 164 164 164 164 165 166 166 170 173 176 180 183 184 184 183 184 184 185 186 186 186 186 187 188 189 191 192 192 193 191 191 189 188 188 186 184 181 180 177 174 174 173 171 167 164 163 162 -9999 -9999 -9999 155 156 154 154 156 155 155 154 153 153 151 153 154 154 154 154 155 152 152 152
174 173 173 173 172 172 169 168 168 166 165 164 164 162 163 164 164 165 166 170 173 177 180 183 185 184 184 184 186 186 185 184 185 185 186 187 188 190 191 191 192 190 189 189 188 187 185 183 180 180 176 173 173 171 169 166 163 162 161 159 -9999 155 151 152 151 153 154 153 154 153 151 151 148 149 148 147 147 150 151 151 150 152
173 173 172 172 172 170 168 168 167 164 163 162 162 162 162 161 162 164 166 169 174 177 180 183 185 184 184 185 185 184 183 183 183 184 184 185 188 191 190 191 190 189 188 187 187 186 184 182 178 178 174 171 171 167 166 163 162 161 158 157 155 154 152 150 148 152 151 150 152 150 149 146 147 146 144 145 145 142 144 148 149 150
173 173 173 173 171 169 167 166 165 163 162 162 161 161 159 160 162 164 167 171 175 179 182 183 183 183 183 184 184 183 182 182 181 181 182 185 187 190 190 190 189 188 187 184 183 180 180 176 177 176 170 170 170 166 162 162 161 156 155 154 153 152 149 148 149 150 150 149 149 147 145 143 145 141 143 144 143 140 139 142 147 149
174 174 172 171 167 166 166 165 165 163 162 160 159 158 158 159 160 162 165 169 174 177 180 181 182 183 183 182 181 181 181 180 180 180 181 183 186 189 189 188 187 185 186 186 186 182 178 173 171 167 162 166 168 163 161 161 157 154 152 153 152 151 147 145 148 148 146 147 148 148 145 141 141 141 140 142 141 140 140 143 145 148
174 172 170 168 166 165 164 163 162 161 159 158 157 157 157 157 159 161 164 168 172 173 177 179 181 180 181 180 180 181 180 180 179 178 178 181 184 187 188 187 187 185 184 183 184 183 180 175 169 159 151 165 166 161 161 157 155 150 152 151 150 149 143 144 146 146 144 145 145 145 143 138 139 139 139 140 140 140 140 142 144 147
170 169 169 167 166 165 164 162 161 160 159 157 155 154 154 154 156 159 161 166 168 172 175 177 178 179 181 181 181 180 179 179 179 178 176 178 182 186 187 186 186 185 184 184 183 182 182 180 177 167 164 165 162 159 158 157 154 153 152 149 149 145 140 144 144 143 143 142 142 143 142 138 139 135 137 138 138 137 138 141 142 145
169 168 168 168 168 167 165 163 162 160 158 156 154 152 151 152 155 157 160 165 168 171 174 176 178 179 179 179 179 180 180 178 177 177 178 178 181 186 186 185 185 184 184 183 183 182 181 179 176 171 169 166 164 160 158 156 154 153 151 149 148 144 141 142 143 141 138 135 139 137 133 136 133 132 135 137 137 135 137 136 139 143
171 171 169 168 167 166 165 165 162 158 157 155 154 152 151 153 155 158 161 163 167 170 172 174 177 178 178 179 180 179 178 178 179 179 178 179 181 185 185 185 184 183 183 182 182 181 180 178 174 171 169 167 162 160 159 155 152 152 151 149 147 146 145 143 142 140 138 132 135 135 132 133 134 132 132 135 135 135 133 136 140 142
175 174 173 169 166 165 164 164 164 161 157 155 154 153 153 154 156 159 161 164 167 170 173 175 175 178 179 179 179 178 178 179 178 179 179 181 182 185 184 184 184 183 182 181 181 180 178 177 175 169 168 165 163 161 160 158 154 149 149 148 146 145 144 142 142 140 137 134 130 131 129 133 131 132 131 132 133 133 135 137 139 141
176 175 175 172 169 167 166 166 164 163 161 158 157 156 156 156 158 160 162 165 168 171 171 174 177 176 177 178 178 178 179 179 179 179 180 181 182 183 184 183 183 183 182 181 180 178 176 177 175 169 165 166 165 163 161 159 154 148 146 146 145 144 143 142 141 141 140 138 133 131 128 129 128 131 131 131 131 132 131 135 138 140
174 175 176 175 173 170 169 167 166 164 164 163 160 160 159 160 161 163 165 167 169 170 172 175 175 176 177 177 178 178 179 179 179 180 181 181 182 182 183 183 183 183 182 181 179 178 178 176 175 172 169 168 166 163 161 158 151 151 143 140 140 142 140 141 140 138 137 135 132 130 128 127 127 128 128 127 127 129 132 134 136 138
150 172 173 175 175 174 170 169 169 167 165 164 164 163 164 163 163 165 167 169 169 171 174 175 175 177 177 178 178 178 179 180 180 181 181 182 182 183 183 182 182 182 182 181 179 178 177 176 175 172 170 168 166 163 160 157 155 149 138 137 137 136 137 139 139 137 133 131 132 128 127 124 126 124 124 127 127 130 132 134 136 135
124 154 168 174 176 176 175 172 170 170 168 167 166 166 165 166 167 167 169 170 171 173 175 175 176 177 177 178 178 179 180 180 181 181 182 182 183 182 182 182 183 182 181 179 179 178 176 175 173 171 170 168 166 163 160 158 155 152 145 143 141 135 135 137 137 137 135 132 130 128 125 122 123 122 125 128 129 130 132 132 134 135
82 121 135 165 176 177 176 176 175 173 171 169 168 168 169 169 170 171 172 173 174 175 175 175 176 177 178 178 179 179 180 180 181 181 182 182 182 181 182 181 182 181 180 179 178 176 175 175 175 173 171 168 166 163 161 157 155 151 149 148 145 135 133 134 132 136 134 131 128 126 122 119 119 121 125 128 129 127 130 130 133 134
67 119 141 162 173 176 177 176 176 176 175 174 173 172 172 173 174 174 174 175 175 175 176 176 177 178 179 179 179 180 180 181 181 181 182 181 181 181 181 181 181 181 180 179 177 177 176 175 174 172 170 168 166 163 161 157 155 152 150 148 146 141 137 134 133 134 132 128 123 119 118 114 117 124 127 127 127 124 129 128 131 133
28 109 150 165 169 174 177 178 178 177 176 176 176 175 175 174 175 174 175 175 175 176 177 177 178 179 179 179 180 180 180 180 181 181 181 181 181 180 180 180 181 181 180 179 177 176 175 174 173 171 169 166 165 163 161 158 155 151 151 149 147 145 142 140 134 133 132 130 127 119 115 114 121 124 122 124 123 125 128 125 129 131
12 44 137 165 161 159 171 177 177 175 176 177 177 177 176 176 176 176 176 176 176 177 178 178 178 179 179 180 180 180 180 180 180 180 180 180 180 179 180 180 180 180 180 178 177 175 175 173 172 170 167 165 164 162 160 158 156 154 151 149 148 145 143 141 138 135 131 128 120 125 121 115 115 117 119 120 123 124 126 124 123 128
-45 2 62 123 137 148 158 164 168 173 174 177 178 176 178 177 176 176 177 177 177 177 177 178 178 179 179 179 180 180 180 179 180 179 179 179 179 178 178 179 179 179 180 178 175 175 174 173 172 170 166 164 164 162 159 157 155 153 151 150 148 146 144 142 140 137 134 127 123 128 128 117 115 116 118 121 123 122 124 122 123 124
-62 -42 -14 17 42 58 128 156 170 168 166 164 170 174 177 176 176 177 177 177 177 177 178 178 178 179 179 180 179 180 180 179 179 178 178 178 177 177 177 178 178 178 178 177 175 174 173 172 171 170 166 165 164 162 159 156 152 153 151 149 148 146 144 142 140 138 136 134 127 130 129 123 117 114 118 122 121 122 122 120 124 123
-37 -47 -31 -67 -74 -49 64 67 116 149 154 154 171 164 172 172 173 176 177 177 177 177 177 177 178 178 179 179 179 179 179 179 178 178 177 176 176 176 176 176 176 176 176 176 175 173 173 172 171 169 167 165 163 161 159 156 152 152 151 148 147 146 143 142 140 139 137 135 131 132 129 123 115 113 116 120 118 120 119 120 122 125
-33 -28 -58 -55 -100 -95 -32 -88 -29 70 105 120 147 157 156 153 164 171 176 176 169 175 176 176 177 178 179 179 179 179 179 178 177 176 176 175 175 174 174 174 175 175 175 174 174 173 172 171 170 168 166 164 163 161 159 156 152 150 147 141 145 145 143 141 138 139 136 136 135 133 131 122 118 113 114 120 117 119 119 121 122 126
-18 -56 -50 -82 -111 -136 -127 -118 -93 -45 -20 12 90 135 135 133 135 150 151 165 168 166 172 175 176 177 178 179 179 178 178 177 176 175 174 173 173 172 172 173 173 173 173 173 173 172 171 170 168 167 165 164 162 160 158 156 152 149 148 146 145 144 143 140 136 136 123 125 135 134 133 127 120 115 115 119 116 119 119 121 123 126
-38 -41 -70 -88 -116 -131 -132 -129 -104 -115 -98 -83 -41 57 111 117 108 130 141 140 146 162 159 165 174 176 177 178 179 178 177 175 174 173 171 170 170 170 170 171 171 172 172 172 172 171 170 168 167 166 164 162 161 159 158 156 153 150 148 146 144 144 143 140 137 136 121 118 129 135 134 132 127 120 117 117 116 119 119 121 123 125
-71 -69 -72 -71 -112 -123 -133 -138 -126 -113 -121 -105 -74 -8 19 86 104 115 132 121 118 145 158 160 166 173 176 178 179 177 176 174 172 170 169 168 167 166 167 167 168 169 169 170 170 169 168 167 166 165 163 161 159 158 156 155 153 151 148 146 143 142 141 141 139 137 124 116 120 130 135 134 132 131 123 117 116 119 119 121 124 125
-64 -75 -77 -84 -77 -113 -132 -131 -126 -119 -104 -103 -104 -95 -10 40 88 109 99 123 148 139 143 157 161 165 172 177 178 176 174 172 170 168 166 164 163 162 163 163 165 166 167 168 168 167 166 166 165 164 162 160 157 157 156 154 152 150 148 145 141 140 141 140 138 137 130 114 121 128 135 134 134 134 123 115 116 120 117 121 122 125
-63 -90 -96 -91 -103 -121 -135 -121 -114 -117 -104 -92 -89 -92 -56 -20 27 60 79 107 143 115 114 140 164 160 162 169 174 174 172 170 167 165 163 161 159 158 158 160 161 163 165 166 166 166 165 165 164 163 162 160 157 156 155 153 152 149 148 146 143 140 139 139 138 137 135 112 118 124 128 135 135 134 129 115 117 120 119 119 123 123
-81 -108 -107 -90 -108 -123 -124 -121 -109 -101 -103 -112 -100 -93 -88 -90 -76 -6 99 129 123 123 108 142 156 163 161 159 167 171 170 168 165 162 159 157 155 154 154 156 158 161 164 164 165 164 163 163 163 162 161 160 158 155 154 153 151 149 146 145 143 140 137 136 138 136 135 119 112 117 126 135 131 127 135 123 116 119 119 119 125 126
-109 -102 -89 -86 -99 -123 -121 -116 -116 -93 -80 -77 -67 -88 -92 -93 -105 -47 54 117 127 132 111 126 147 160 163 162 160 168 169 165 162 159 157 154 152 150 149 151 155 160 163 163 163 163 163 162 162 161 160 159 155 155 153 152 151 147 145 144 142 139 137 136 137 137 136 134 123 110 123 135 135 123 129 134 121 119 123 124 129 129
-114 -113 -95 -95 -101 -113 -120 -111 -102 -89 -78 -64 -66 -42 -73 -69 -78 -88 -31 69 135 137 136 128 155 153 159 164 161 167 168 163 160 157 155 152 150 147 146 149 153 157 161 162 162 162 161 161 161 160 160 158 155 153 152 151 150 147 144 143 141 138 135 134 136 136 135 134 133 130 123 121 136 135 131 137 133 122 126 128 131 130
-125 -118 -104 -122 -124 -117 -123 -131 -112 -84 -64 -55 -46 -32 -41 -55 -59 -63 -22 37 118 145 149 131 141 161 148 157 159 160 165 162 159 157 154 152 150 147 147 149 152 155 158 159 160 161 160 160 160 159 159 158 156 153 150 150 149 146 143 142 140 138 135 133 133 135 133 132 133 133 133 129 136 137 136 137 138 134 130 133 133 135
-119 -109 -108 -105 -128 -136 -135 -136 -109 -78 -51 -34 -26 -20 -23 -33 -54 -54 -16 67 82 140 152 143 133 155 159 149 151 152 162 158 157 156 154 152 150 149 148 150 152 154 156 158 159 159 160 160 160 159 159 159 158 154 150 149 146 146 143 140 138 137 134 131 131 133 133 132 133 133 133 134 137 138 138 138 139 139 135 139 138 141
-124 -129 -120 -109 -116 -130 -136 -133 -122 -68 -44 -28 -26 -12 -6 -15 -27 -25 -9 10 81 109 143 155 151 151 161 154 146 141 153 158 154 154 153 152 151 150 150 151 152 154 155 157 158 158 159 159 159 159 159 158 158 155 152 148 144 142 142 138 135 133 133 130 129 130 132 130 130 132 133 135 137 138 139 139 137 137 140 144 147 146
