data/studyarea/bio6.asc
NCOLS 462 
NROWS 586 
XLLCORNER -113 
YLLCORNER -53.1666666666667 
CELLSIZE 0.166666666666667 
NODATA_value -9999 
[rows 144 to 179 of 586, columns 82 to 163 of 462]
46 42 40 43 45 43 64 82 111 126 137 141 145 150 157 -9999 -9999 -9999 -9999 -9999 -9999 -9999 -9999 -9999 -9999 -9999 -9999 -9999 -9999 -9999 -9999 -9999 -9999 -9999 -9999 -9999 -9999 -9999 -9999 -9999 -9999 -9999 -9999 -9999 -9999 -9999 -9999 -9999 -9999 -9999 -9999 -9999 -9999 183 177 172 166 162 159 158 159 159 159 159 160 160 161 162 164 167 171 176 179 188 189 190 -9999 -9999 -9999 -9999 -9999 -9999
43 40 39 36 42 44 45 67 91 115 135 141 144 151 164 175 -9999 -9999 -9999 -9999 -9999 -9999 -9999 -9999 -9999 -9999 -9999 -9999 -9999 -9999 -9999 -9999 -9999 -9999 -9999 -9999 -9999 -9999 -9999 -9999 -9999 -9999 -9999 -9999 -9999 -9999 -9999 -9999 -9999 -9999 -9999 -9999 -9999 181 175 168 163 159 157 156 158 159 160 161 161 162 163 165 167 169 173 177 -9999 188 189 -9999 -9999 -9999 -9999 -9999 -9999 -9999
41 32 30 31 25 35 32 38 67 101 116 127 133 148 157 166 175 -9999 -9999 -9999 -9999 -9999 -9999 -9999 -9999 -9999 -9999 -9999 -9999 -9999 -9999 -9999 -9999 -9999 -9999 -9999 -9999 -9999 -9999 -9999 -9999 -9999 -9999 -9999 -9999 -9999 -9999 -9999 -9999 -9999 -9999 -9999 -9999 180 173 165 161 158 156 154 155 159 161 162 163 164 165 166 169 171 176 178 -9999 -9999 -9999 -9999 -9999 -9999 -9999 -9999 -9999 -9999
31 25 19 19 17 15 16 20 42 66 71 84 106 119 131 142 158 171 -9999 -9999 -9999 -9999 -9999 -9999 -9999 -9999 -9999 -9999 -9999 -9999 -9999 -9999 -9999 -9999 -9999 -9999 -9999 -9999 -9999 -9999 -9999 -9999 -9999 -9999 -9999 -9999 -9999 -9999 -9999 -9999 -9999 -9999 183 179 172 165 160 157 155 154 155 158 163 163 163 165 166 167 170 173 177 180 -9999 -9999 -9999 -9999 -9999 -9999 -9999 -9999 -9999 -9999
24 21 12 10 10 10 8 14 22 34 32 29 55 81 75 95 136 164 -9999 -9999 -9999 -9999 -9999 -9999 -9999 -9999 -9999 -9999 -9999 -9999 -9999 -9999 -9999 -9999 -9999 -9999 -9999 -9999 -9999 -9999 -9999 -9999 -9999 -9999 -9999 -9999 -9999 -9999 -9999 -9999 -9999 179 179 175 169 163 158 157 157 157 158 160 162 162 163 165 166 168 171 175 178 181 -9999 -9999 -9999 -9999 -9999 -9999 -9999 -9999 -9999 -9999
24 19 11 4 4 9 12 11 16 21 28 23 27 28 97 118 141 163 171 -9999 -9999 -9999 -9999 -9999 -9999 -9999 -9999 -9999 -9999 -9999 -9999 -9999 -9999 -9999 -9999 -9999 -9999 -9999 -9999 -9999 -9999 -9999 -9999 -9999 -9999 -9999 -9999 -9999 -9999 -9999 -9999 174 172 169 166 160 157 157 157 157 157 159 159 161 164 166 168 169 172 177 182 184 -9999 -9999 -9999 -9999 -9999 -9999 -9999 -9999 -9999 -9999
22 25 14 -5 3 13 19 22 23 23 33 34 20 57 110 125 150 164 168 -9999 -9999 -9999 -9999 -9999 -9999 -9999 -9999 -9999 -9999 -9999 -9999 -9999 -9999 -9999 -9999 -9999 -9999 -9999 -9999 -9999 -9999 -9999 -9999 -9999 -9999 -9999 -9999 -9999 -9999 -9999 -9999 168 166 164 162 156 156 155 157 156 157 158 159 162 166 168 170 173 176 180 183 185 -9999 -9999 -9999 -9999 -9999 -9999 -9999 -9999 -9999 -9999
5 18 21 3 -1 32 39 10 23 35 36 29 12 67 110 131 150 162 167 176 -9999 -9999 -9999 -9999 -9999 -9999 -9999 -9999 -9999 -9999 -9999 -9999 -9999 -9999 -9999 -9999 -9999 -9999 -9999 -9999 -9999 -9999 -9999 -9999 -9999 -9999 -9999 -9999 -9999 -9999 169 165 161 159 159 154 155 154 154 155 158 159 162 165 169 172 174 177 180 183 187 187 -9999 -9999 -9999 -9999 -9999 -9999 -9999 -9999 -9999 -9999
9 10 18 15 -6 37 49 33 32 38 31 21 -6 67 105 132 151 163 169 178 184 -9999 -9999 -9999 -9999 -9999 -9999 -9999 -9999 -9999 -9999 -9999 -9999 -9999 -9999 -9999 -9999 -9999 -9999 -9999 -9999 -9999 -9999 -9999 -9999 -9999 -9999 -9999 175 172 168 163 158 155 157 156 154 152 150 152 157 161 164 168 172 176 179 182 185 187 189 -9999 -9999 -9999 -9999 -9999 -9999 -9999 -9999 -9999 -9999 -9999
100 108 99 54 43 72 58 55 53 54 37 25 21 93 115 137 154 165 169 176 183 -9999 -9999 -9999 -9999 -9999 -9999 -9999 -9999 -9999 -9999 -9999 -9999 -9999 -9999 -9999 -9999 -9999 -9999 -9999 -9999 -9999 -9999 -9999 -9999 -9999 -9999 179 176 172 166 161 158 153 156 157 156 152 148 150 157 161 163 167 174 179 184 187 189 190 192 -9999 -9999 -9999 -9999 -9999 -9999 -9999 -9999 -9999 -9999 -9999
120 118 116 106 98 98 89 84 69 58 39 33 57 74 117 143 159 166 168 174 183 190 193 189 184 184 -9999 -9999 -9999 -9999 -9999 -9999 -9999 -9999 -9999 -9999 -9999 -9999 -9999 -9999 -9999 189 189 189 189 184 182 179 174 171 165 159 156 155 156 156 155 152 148 148 154 161 164 168 175 181 187 190 192 194 194 -9999 -9999 -9999 -9999 -9999 -9999 -9999 -9999 -9999 -9999 -9999
121 120 118 115 111 104 105 99 76 50 54 50 26 47 113 145 163 170 173 176 182 189 191 183 154 163 178 181 -9999 -9999 -9999 -9999 -9999 -9999 -9999 -9999 -9999 -9999 -9999 185 185 187 188 188 188 186 -9999 178 174 170 165 159 157 158 158 156 154 152 149 149 153 161 165 170 175 182 188 194 195 196 -9999 200 200 -9999 -9999 -9999 -9999 -9999 -9999 -9999 -9999 -9999
122 124 118 117 110 112 109 84 67 51 42 73 76 43 98 155 163 172 173 175 179 183 184 177 164 157 149 171 -9999 -9999 -9999 -9999 -9999 183 183 183 183 184 184 184 184 185 187 187 186 184 181 178 175 170 165 163 161 161 160 156 155 153 151 152 157 162 165 170 173 180 188 193 197 198 -9999 -9999 -9999 -9999 -9999 -9999 -9999 -9999 -9999 -9999 -9999 -9999
129 125 118 115 116 113 108 98 87 69 52 59 108 70 70 126 164 166 169 171 175 178 177 174 171 156 147 167 182 -9999 181 181 181 181 182 182 182 183 184 183 184 185 187 187 185 183 181 178 175 171 167 167 166 164 162 159 157 154 153 156 160 164 166 172 173 179 187 193 200 200 -9999 -9999 -9999 -9999 -9999 -9999 -9999 -9999 -9999 -9999 -9999 -9999
127 126 116 116 114 111 110 103 87 59 35 56 79 110 77 98 138 166 165 168 172 173 173 168 168 167 167 178 184 182 179 179 179 180 180 180 181 182 184 183 184 185 186 186 185 183 180 178 175 172 172 170 169 167 163 161 160 158 157 159 163 169 170 175 176 179 187 193 202 202 -9999 -9999 -9999 -9999 -9999 -9999 -9999 -9999 -9999 -9999 -9999 -9999
129 128 116 106 107 99 98 93 67 54 29 30 36 101 98 78 121 143 156 161 169 172 168 163 163 166 169 176 181 181 178 178 178 178 178 178 179 181 183 182 183 185 187 186 184 182 180 178 176 174 174 173 172 170 167 164 163 162 162 163 171 173 174 180 179 180 186 197 203 -9999 -9999 -9999 -9999 -9999 -9999 -9999 -9999 -9999 -9999 -9999 -9999 -9999
114 108 110 96 102 87 83 85 64 60 34 29 31 66 98 66 97 123 149 150 166 168 164 163 163 164 169 174 178 178 177 176 176 175 175 176 176 179 179 180 181 186 187 184 182 181 180 179 177 177 176 176 176 173 170 168 166 164 165 171 173 171 177 179 180 181 185 193 -9999 -9999 -9999 -9999 -9999 -9999 -9999 -9999 -9999 -9999 -9999 -9999 -9999 -9999
108 105 99 92 100 94 81 79 56 48 34 31 34 48 83 66 67 76 123 138 156 161 163 163 162 163 168 172 175 176 176 175 173 171 173 173 172 174 174 177 181 176 186 181 178 180 180 180 178 178 178 179 179 177 174 172 168 167 173 176 171 172 177 178 180 183 187 192 -9999 196 -9999 -9999 -9999 -9999 -9999 -9999 -9999 -9999 -9999 -9999 -9999 -9999
123 124 95 86 89 80 66 61 50 35 35 33 44 56 60 52 58 54 107 91 128 151 159 162 163 165 168 171 170 171 171 172 169 167 166 166 155 157 148 163 147 165 177 169 171 174 179 179 179 180 180 181 183 183 181 177 170 170 178 174 172 172 174 178 181 185 188 192 193 193 196 196 -9999 -9999 -9999 -9999 -9999 -9999 -9999 -9999 -9999 -9999
149 123 106 93 78 68 70 63 44 40 39 41 50 55 64 54 55 50 82 73 109 139 149 160 162 166 168 169 169 167 170 163 157 164 163 157 138 114 107 141 136 126 141 168 161 165 172 174 171 173 179 182 185 188 189 186 177 175 177 175 174 174 176 177 181 185 187 189 189 191 190 -9999 -9999 -9999 -9999 -9999 -9999 -9999 -9999 -9999 -9999 -9999
167 154 129 113 104 101 107 92 96 41 39 62 63 58 61 76 66 48 72 67 86 123 131 148 151 166 170 167 153 147 159 157 148 161 159 158 137 121 104 121 138 128 130 137 131 139 152 166 174 173 171 178 180 183 189 187 183 177 174 176 172 172 164 165 174 180 188 189 -9999 -9999 -9999 -9999 -9999 -9999 -9999 -9999 -9999 -9999 -9999 -9999 -9999 -9999
187 179 131 154 137 143 130 126 124 84 46 77 69 57 59 86 76 73 78 76 95 95 128 135 143 165 172 167 156 142 128 135 146 149 137 144 135 132 110 85 90 113 119 125 137 146 138 147 163 171 177 175 178 179 183 182 182 180 175 176 174 164 159 158 171 185 191 191 -9999 -9999 -9999 -9999 -9999 -9999 -9999 -9999 -9999 -9999 -9999 -9999 -9999 -9999
204 200 185 182 175 160 162 151 119 108 77 75 59 58 71 90 84 84 92 92 114 119 121 132 138 168 172 165 139 125 114 130 142 149 145 141 137 134 123 66 47 64 84 111 120 127 138 133 149 165 174 176 177 177 178 179 179 177 173 177 172 166 163 166 183 193 195 -9999 194 194 -9999 -9999 -9999 -9999 -9999 -9999 -9999 -9999 -9999 -9999 -9999 -9999
208 206 201 195 192 186 169 158 126 109 114 101 88 74 78 90 81 94 100 109 111 97 146 160 171 191 186 184 174 169 137 125 148 150 150 131 130 136 139 132 91 57 59 88 95 119 138 141 141 160 168 175 175 176 178 179 179 177 174 172 168 163 161 179 196 200 198 197 -9999 -9999 -9999 -9999 -9999 -9999 -9999 -9999 -9999 -9999 -9999 -9999 218 -9999
-9999 -9999 -9999 199 194 190 184 171 163 133 126 101 101 89 83 86 88 93 90 104 121 132 158 169 185 199 197 191 185 179 174 156 142 145 135 134 125 127 131 134 129 99 61 77 90 96 132 158 157 164 173 176 174 175 176 178 178 176 172 167 158 160 180 195 199 200 -9999 -9999 -9999 -9999 -9999 -9999 -9999 -9999 -9999 -9999 204 207 210 213 213 -9999
-9999 -9999 -9999 -9999 192 192 189 184 173 165 154 110 83 87 85 81 82 75 55 86 109 137 131 157 194 201 198 194 190 188 187 183 178 139 120 128 129 125 130 129 130 129 96 90 98 108 136 161 168 167 176 176 176 177 177 179 179 177 172 169 170 182 192 196 199 -9999 -9999 -9999 -9999 -9999 -9999 -9999 -9999 -9999 -9999 -9999 203 -9999 -9999 -9999 -9999 -9999
-9999 -9999 -9999 -9999 -9999 -9999 -9999 188 181 181 172 152 130 128 118 115 95 83 94 113 129 149 165 186 196 -9999 -9999 -9999 -9999 189 190 191 191 181 124 121 126 125 129 128 132 135 133 112 107 107 119 143 158 173 177 177 179 179 178 180 181 181 178 179 183 191 193 195 -9999 -9999 -9999 -9999 -9999 -9999 -9999 -9999 -9999 -9999 199 -9999 -9999 -9999 -9999 205 205 -9999
-9999 -9999 -9999 -9999 -9999 -9999 -9999 -9999 -9999 184 182 180 175 170 162 148 135 136 149 157 173 184 187 194 -9999 -9999 -9999 -9999 -9999 -9999 -9999 -9999 192 190 173 136 115 110 127 128 125 134 139 140 137 127 74 76 137 173 177 179 180 176 178 181 182 185 184 186 193 195 196 201 210 209 -9999 -9999 198 198 197 196 196 -9999 -9999 -9999 -9999 199 179 183 194 204
-9999 -9999 -9999 -9999 -9999 -9999 -9999 -9999 -9999 -9999 -9999 -9999 -9999 184 182 180 179 176 181 184 188 -9999 -9999 -9999 -9999 -9999 -9999 -9999 -9999 -9999 -9999 -9999 -9999 -9999 186 181 165 122 105 114 115 126 141 142 143 126 72 71 127 142 164 172 177 176 173 171 181 185 187 186 180 194 200 192 208 207 203 182 190 197 193 186 193 194 185 172 175 187 176 189 195 195
-9999 -9999 -9999 -9999 -9999 -9999 -9999 -9999 -9999 -9999 -9999 -9999 -9999 -9999 -9999 -9999 192 192 -9999 -9999 -9999 -9999 -9999 -9999 -9999 -9999 -9999 -9999 -9999 -9999 -9999 -9999 -9999 -9999 -9999 183 181 172 144 94 98 107 88 122 100 97 33 50 75 103 126 142 159 143 120 138 169 183 173 174 192 201 196 182 200 195 162 158 195 197 174 184 174 171 130 141 159 175 188 183 168 170
-9999 -9999 -9999 -9999 -9999 -9999 -9999 -9999 -9999 -9999 -9999 -9999 -9999 -9999 -9999 -9999 -9999 -9999 -9999 -9999 -9999 -9999 -9999 -9999 -9999 -9999 -9999 -9999 -9999 -9999 -9999 -9999 -9999 -9999 -9999 -9999 183 182 179 154 127 85 72 97 77 86 54 33 66 82 94 106 116 103 97 109 140 173 204 208 203 194 194 184 163 166 162 177 197 176 162 138 133 155 164 167 169 173 159 148 156 167
-9999 -9999 -9999 -9999 -9999 -9999 -9999 -9999 -9999 -9999 -9999 -9999 -9999 -9999 -9999 -9999 -9999 -9999 -9999 -9999 -9999 -9999 -9999 -9999 -9999 -9999 -9999 -9999 -9999 -9999 -9999 -9999 -9999 -9999 -9999 -9999 -9999 184 184 184 175 146 77 46 28 55 76 90 106 111 119 112 118 114 102 152 166 168 166 153 180 189 167 154 165 164 164 170 188 163 151 144 152 146 141 141 149 154 153 154 162 169
-9999 -9999 -9999 -9999 -9999 -9999 -9999 -9999 -9999 -9999 -9999 -9999 -9999 -9999 -9999 -9999 -9999 -9999 -9999 -9999 -9999 -9999 -9999 -9999 -9999 -9999 -9999 -9999 -9999 -9999 -9999 -9999 -9999 -9999 -9999 -9999 -9999 -9999 186 187 188 183 163 98 37 32 32 66 91 88 105 103 119 121 121 95 97 122 154 180 174 160 140 152 139 143 164 157 176 160 146 129 144 125 135 136 137 148 144 159 159 153
-9999 -9999 -9999 -9999 -9999 -9999 -9999 -9999 -9999 -9999 -9999 -9999 -9999 -9999 -9999 -9999 -9999 -9999 -9999 -9999 -9999 -9999 -9999 -9999 -9999 -9999 -9999 -9999 -9999 -9999 -9999 -9999 -9999 -9999 -9999 -9999 -9999 -9999 -9999 189 190 188 184 186 132 35 18 25 36 76 106 121 132 144 154 164 171 178 179 156 151 143 127 136 138 135 162 122 147 154 142 153 146 115 126 140 146 150 151 143 136 164
-9999 -9999 -9999 -9999 -9999 -9999 -9999 -9999 -9999 -9999 -9999 -9999 -9999 -9999 -9999 -9999 -9999 -9999 -9999 -9999 -9999 -9999 -9999 -9999 -9999 -9999 -9999 -9999 -9999 -9999 -9999 -9999 -9999 -9999 -9999 -9999 -9999 -9999 -9999 -9999 191 191 191 192 181 142 76 57 76 72 81 104 116 137 139 140 126 148 165 152 151 132 129 132 125 124 151 151 126 143 141 135 146 141 137 140 148 147 155 160 167 164
-9999 -9999 -9999 -9999 -9999 -9999 -9999 -9999 -9999 -9999 -9999 -9999 -9999 -9999 -9999 -9999 -9999 -9999 -9999 -9999 -9999 -9999 -9999 -9999 -9999 -9999 -9999 -9999 -9999 -9999 -9999 -9999 -9999 -9999 -9999 -9999 -9999 -9999 -9999 -9999 -9999 192 194 195 188 181 175 171 122 126 85 95 116 114 111 102 139 148 156 147 141 118 128 97 127 111 116 135 117 129 135 135 137 140 137 140 154 156 162 159 163 162
