data/studyarea/bio6.asc
NCOLS 462 
NROWS 586 
XLLCORNER -113 
YLLCORNER -53.1666666666667 
CELLSIZE 0.166666666666667 
NODATA_value -9999 
[rows 324 to 359 of 586, columns 328 to 409 of 462]
156 155 156 156 155 157 158 158 -9999 -9999 -9999 -9999 -9999 -9999 -9999 -9999 -9999 -9999 -9999 -9999 -9999 -9999 -9999 -9999 -9999 -9999 -9999 -9999 -9999 -9999 -9999 -9999 -9999 -9999 -9999 -9999 -9999 -9999 -9999 -9999 -9999 -9999 -9999 -9999 -9999 -9999 -9999 -9999 -9999 -9999 -9999 -9999 -9999 -9999 -9999 -9999 -9999 -9999 -9999 -9999 -9999 -9999 -9999 -9999 -9999 -9999 -9999 -9999 -9999 -9999 -9999 -9999 -9999 -9999 -9999 -9999 -9999 -9999 -9999 -9999 -9999 170
155 155 155 154 154 156 156 156 158 156 -9999 -9999 -9999 -9999 -9999 -9999 -9999 -9999 -9999 -9999 -9999 -9999 -9999 -9999 -9999 -9999 -9999 -9999 -9999 -9999 -9999 -9999 -9999 -9999 -9999 -9999 -9999 -9999 -9999 -9999 -9999 -9999 -9999 -9999 -9999 -9999 -9999 -9999 -9999 -9999 -9999 -9999 -9999 -9999 -9999 -9999 -9999 -9999 -9999 -9999 -9999 -9999 -9999 -9999 -9999 -9999 -9999 -9999 -9999 -9999 -9999 -9999 -9999 -9999 -9999 -9999 -9999 -9999 -9999 -9999 162 162
154 154 154 155 154 154 155 155 157 157 157 -9999 -9999 -9999 -9999 -9999 -9999 -9999 -9999 -9999 -9999 -9999 -9999 -9999 -9999 -9999 -9999 -9999 -9999 -9999 -9999 -9999 -9999 -9999 -9999 -9999 -9999 -9999 -9999 -9999 -9999 -9999 -9999 -9999 -9999 -9999 -9999 -9999 -9999 -9999 -9999 -9999 185 184 183 182 178 176 182 181 170 173 177 -9999 -9999 -9999 -9999 -9999 -9999 -9999 -9999 -9999 -9999 -9999 -9999 -9999 -9999 -9999 -9999 -9999 153 155
153 152 151 153 154 152 154 156 157 155 156 155 -9999 -9999 -9999 -9999 -9999 -9999 -9999 -9999 -9999 -9999 -9999 -9999 -9999 -9999 -9999 -9999 -9999 -9999 -9999 -9999 -9999 -9999 -9999 -9999 -9999 -9999 -9999 -9999 -9999 -9999 -9999 -9999 -9999 -9999 -9999 -9999 -9999 186 186 185 185 184 183 182 176 179 182 183 168 167 173 173 173 174 -9999 -9999 -9999 -9999 -9999 -9999 -9999 -9999 -9999 -9999 -9999 -9999 -9999 147 150 150
152 152 151 151 152 148 149 153 156 155 155 155 154 -9999 -9999 -9999 -9999 -9999 -9999 -9999 -9999 -9999 -9999 -9999 -9999 -9999 -9999 -9999 -9999 -9999 -9999 -9999 -9999 157 158 161 163 166 167 169 171 172 177 180 182 183 -9999 186 187 187 187 186 185 184 182 180 178 177 181 182 171 162 170 171 170 171 170 168 -9999 -9999 -9999 -9999 -9999 -9999 -9999 -9999 -9999 -9999 -9999 138 143 147
151 149 142 146 146 149 151 152 153 152 152 152 153 156 -9999 -9999 -9999 -9999 -9999 -9999 -9999 -9999 -9999 -9999 -9999 -9999 -9999 -9999 -9999 -9999 -9999 154 155 157 158 161 164 165 168 171 172 172 174 180 182 183 185 187 188 188 187 187 186 184 182 179 178 180 178 179 172 159 166 168 169 169 169 164 164 163 -9999 -9999 -9999 -9999 -9999 -9999 -9999 -9999 -9999 139 140 140
148 148 144 142 145 148 150 151 152 153 153 151 154 155 155 -9999 -9999 -9999 -9999 -9999 -9999 -9999 -9999 -9999 -9999 -9999 -9999 -9999 -9999 149 150 153 153 156 157 160 163 166 170 173 175 175 173 181 184 185 187 188 189 189 188 187 186 183 181 177 177 174 172 172 168 161 161 164 166 166 166 165 161 162 155 154 -9999 -9999 -9999 -9999 -9999 -9999 -9999 136 136 132
148 149 150 147 145 147 149 151 152 153 153 154 155 155 155 152 -9999 -9999 -9999 -9999 -9999 -9999 -9999 -9999 -9999 -9999 -9999 145 147 148 149 152 152 154 156 159 163 167 172 175 178 180 181 185 187 188 188 189 189 189 188 187 185 184 181 176 173 168 167 163 162 158 157 164 166 167 166 165 161 160 158 149 147 -9999 -9999 -9999 -9999 -9999 -9999 129 129 123
147 146 149 151 151 149 150 149 151 152 152 154 153 153 154 150 -9999 -9999 -9999 -9999 -9999 -9999 -9999 -9999 -9999 144 144 144 144 146 149 150 151 153 155 158 162 167 172 175 178 182 184 186 188 189 189 189 189 189 189 187 186 183 180 175 175 169 167 165 163 162 157 161 164 164 165 164 162 157 157 151 144 142 -9999 -9999 -9999 -9999 -9999 124 124 122
146 145 147 149 149 149 152 151 151 153 151 149 148 149 151 151 150 -9999 -9999 -9999 -9999 -9999 -9999 -9999 143 143 142 143 144 145 147 148 150 152 154 156 161 164 170 175 179 182 185 188 189 190 190 190 190 189 188 187 185 183 179 176 175 173 171 164 163 165 163 162 162 165 164 163 160 155 155 144 143 145 142 -9999 -9999 -9999 125 122 123 123
144 145 145 148 150 150 152 151 152 153 153 150 148 147 147 148 148 -9999 -9999 -9999 -9999 -9999 -9999 141 141 141 140 141 141 142 145 146 148 150 153 155 159 164 170 174 178 182 186 189 190 190 191 190 190 189 188 187 186 183 180 177 174 173 170 169 167 167 166 160 157 158 160 162 160 155 149 149 150 145 141 138 -9999 -9999 122 121 119 121
142 144 145 146 149 151 152 151 151 154 152 152 151 150 148 146 148 147 -9999 -9999 -9999 -9999 140 139 139 138 139 138 139 141 142 145 146 149 152 154 157 162 167 173 177 181 186 190 191 191 191 190 189 189 188 187 185 182 179 178 174 173 172 171 169 168 166 164 160 156 167 165 163 160 151 148 147 146 144 140 135 -9999 123 118 121 124
142 144 145 145 147 151 152 152 154 153 151 151 151 149 147 147 147 145 -9999 -9999 -9999 142 139 138 137 138 137 136 137 138 140 142 145 148 151 154 157 160 165 170 175 180 185 189 191 191 191 190 189 188 187 186 184 181 177 176 174 174 173 171 170 168 167 165 163 166 167 168 165 162 160 155 151 149 147 144 139 -9999 -9999 125 127 128
140 143 144 145 146 150 151 153 154 153 151 151 150 148 148 148 145 144 144 -9999 142 140 138 137 137 136 134 134 135 135 137 140 143 147 150 153 157 159 163 167 172 178 183 187 189 190 190 189 189 188 187 186 184 181 178 176 176 176 174 171 168 168 167 166 165 168 169 171 169 165 164 163 154 154 152 149 145 140 -9999 129 127 132
139 141 143 144 145 148 151 153 155 155 152 150 149 149 149 147 146 144 143 -9999 141 138 137 137 136 134 133 133 133 132 134 138 142 145 148 152 156 159 161 165 170 173 181 185 187 188 188 188 187 187 186 185 182 180 178 176 176 176 175 171 167 165 164 165 167 169 170 173 173 174 172 171 160 159 158 155 151 147 -9999 138 135 136
137 141 142 144 145 145 149 153 155 156 154 151 149 149 148 146 146 144 142 142 140 139 138 136 135 135 134 133 132 132 134 137 141 144 147 151 155 159 161 164 170 174 179 183 185 186 187 187 187 186 185 184 182 178 177 176 175 176 175 171 166 164 158 160 163 167 170 172 175 179 179 170 162 162 163 161 158 152 145 140 139 131
136 139 142 143 145 146 147 152 155 156 154 151 149 149 148 146 146 143 142 141 139 138 137 136 136 134 133 132 132 133 135 137 140 143 146 150 154 157 161 163 167 174 177 181 183 184 185 186 186 185 184 182 182 179 178 176 175 175 174 171 168 163 156 159 162 164 169 173 178 182 184 176 165 167 167 167 165 160 151 144 136 129
133 137 140 142 146 148 148 152 155 156 155 154 150 150 147 147 145 142 141 140 138 138 138 136 134 134 133 133 132 134 136 138 140 143 146 149 152 156 159 162 165 172 177 180 182 183 184 185 185 184 183 181 182 180 179 176 175 175 172 169 168 163 160 159 163 167 171 175 179 183 184 182 168 168 170 170 168 163 152 143 137 133
131 132 137 141 145 148 148 152 156 155 154 153 150 149 147 147 145 142 141 139 139 139 137 135 135 133 132 133 133 134 136 138 140 143 145 148 151 155 158 161 166 171 176 178 180 182 183 183 184 183 181 180 181 181 179 177 175 174 170 168 167 163 160 160 162 166 171 174 176 183 185 184 171 167 168 169 167 162 153 144 138 134
130 129 135 139 145 148 149 151 155 155 153 150 149 149 146 146 144 141 140 139 139 138 137 136 134 133 133 132 133 135 136 137 141 142 145 147 150 153 156 161 166 171 175 177 179 180 182 183 183 181 181 180 180 181 179 177 175 173 167 163 167 160 161 163 165 167 170 174 169 179 184 182 166 165 167 166 164 159 152 146 140 135
130 128 133 138 144 148 151 151 152 155 153 150 148 148 147 146 144 141 139 139 138 138 136 135 135 133 133 132 133 134 136 137 140 142 144 147 149 153 155 160 165 170 173 176 178 180 181 182 182 181 179 180 180 181 179 177 175 173 164 161 168 160 160 167 168 170 171 168 166 170 177 176 165 163 163 163 161 157 151 145 140 138
127 129 133 137 144 149 150 150 152 154 153 152 150 147 147 146 144 141 139 139 138 138 135 135 134 133 132 131 133 135 134 137 139 142 143 146 148 152 154 158 165 169 173 175 177 179 181 182 181 180 180 180 181 180 179 176 176 173 166 164 169 167 152 168 171 169 169 173 171 172 172 169 158 159 160 159 157 154 150 145 142 140
127 129 133 137 145 147 149 150 151 153 153 150 150 147 147 145 145 141 139 137 137 135 134 133 133 133 130 131 132 133 133 135 138 140 144 145 147 151 153 157 164 169 172 174 177 179 180 180 179 179 181 181 181 179 176 177 177 174 163 166 171 168 154 162 170 173 167 172 174 175 176 170 154 156 157 156 154 152 148 145 140 -9999
127 130 132 137 141 144 148 149 150 152 153 151 149 147 146 145 144 144 139 137 136 133 134 131 130 129 129 130 131 132 131 136 137 139 143 145 146 148 151 158 165 168 171 174 176 178 179 178 179 181 182 182 179 175 175 177 177 174 162 167 169 170 158 148 148 165 173 177 170 179 178 171 160 154 154 154 152 149 146 144 141 -9999
127 130 132 136 138 142 146 147 148 152 153 153 151 148 146 144 143 142 141 137 134 132 132 129 128 127 127 131 129 131 133 136 135 138 140 144 146 148 149 159 165 168 171 173 175 177 178 179 181 181 181 181 177 176 176 177 176 173 164 168 168 171 164 152 145 158 173 173 174 179 178 170 157 150 152 151 150 147 146 143 141 139
127 129 132 136 136 139 142 143 147 151 151 153 151 148 145 143 142 140 139 140 134 131 131 127 127 126 130 131 127 131 133 134 134 136 139 143 146 149 156 160 164 167 170 172 175 176 176 179 180 180 181 181 180 178 177 177 173 164 163 167 163 170 167 165 163 156 162 166 171 179 177 169 152 148 148 148 147 147 145 141 139 139
127 130 130 134 135 136 138 142 145 149 149 154 152 147 146 142 141 138 137 139 137 130 130 127 127 126 129 127 127 130 131 133 133 134 138 143 144 147 155 160 164 167 169 172 174 175 176 178 179 180 181 180 179 177 175 175 166 161 166 170 170 168 174 173 156 139 153 154 176 179 177 166 149 146 146 144 145 143 143 141 140 137
127 129 131 132 132 134 137 140 145 150 148 151 154 152 148 146 143 137 136 138 137 134 129 126 125 124 123 123 126 129 129 132 129 132 138 141 143 149 156 160 163 166 169 171 174 174 177 178 178 179 180 181 180 179 176 171 171 173 172 171 174 169 172 154 137 147 168 176 179 177 175 162 147 141 142 142 142 141 140 140 139 139
126 128 129 130 134 140 145 145 149 151 150 151 152 151 148 144 142 139 138 136 136 134 129 129 126 121 120 120 124 126 127 129 130 130 137 142 146 151 155 159 162 165 168 171 173 176 177 178 178 177 178 180 180 180 177 173 175 173 171 164 174 169 165 150 146 146 169 176 177 176 173 161 153 147 141 140 139 138 138 137 139 139
127 128 131 141 147 148 148 147 150 151 153 156 150 149 148 147 150 145 142 139 137 135 132 130 127 123 118 118 122 122 123 125 127 128 134 141 145 150 154 158 161 165 168 170 173 176 177 177 179 177 178 180 179 176 170 175 174 170 167 164 173 170 161 156 149 149 171 175 175 174 171 164 155 147 139 137 136 136 137 137 136 138
130 136 144 147 147 144 143 146 154 156 156 151 151 157 155 152 145 143 137 138 134 132 130 125 120 117 116 117 119 118 118 121 124 127 133 139 145 148 154 158 162 165 168 171 173 175 176 177 178 175 176 178 177 167 169 175 174 171 167 164 167 164 151 150 149 153 172 174 173 171 166 152 151 145 135 135 135 136 134 132 136 135
132 137 146 151 146 148 152 154 154 153 149 153 158 158 155 153 150 147 144 141 136 129 121 114 111 112 115 113 112 113 117 123 126 130 132 137 144 149 154 158 161 165 168 171 173 175 175 177 177 174 176 175 167 169 172 175 172 171 170 160 157 152 144 143 143 158 170 170 168 164 151 141 145 140 134 134 134 131 133 133 133 132
131 135 148 151 150 152 153 154 154 151 150 155 154 153 153 153 150 143 138 136 132 122 113 111 110 108 108 108 108 111 116 120 122 126 124 134 143 149 153 158 162 165 167 171 173 174 175 176 177 173 169 166 168 172 174 172 167 171 168 158 153 148 149 146 142 156 165 165 156 155 147 138 139 137 132 131 132 132 128 128 130 130
133 138 149 151 151 152 154 155 153 150 152 151 147 143 148 149 149 144 135 122 117 114 113 112 110 109 108 108 107 108 111 116 119 122 118 132 139 148 153 158 162 165 168 171 172 175 176 176 176 171 165 167 171 174 171 166 168 169 166 164 162 157 154 150 142 157 157 159 143 138 141 136 135 135 133 131 129 126 126 128 129 129
141 147 151 152 151 153 155 153 146 142 150 148 149 148 144 142 145 140 132 123 119 118 115 111 111 109 108 107 106 110 113 115 117 113 111 118 130 147 153 159 162 165 168 171 171 174 175 176 172 165 162 165 170 170 164 166 171 166 167 161 159 155 149 144 134 153 149 149 137 133 133 137 134 129 130 128 123 123 125 128 129 130
148 148 152 153 153 154 155 147 143 147 149 149 150 151 150 134 136 132 126 123 121 118 115 112 109 106 105 105 105 106 110 110 113 114 112 117 136 148 154 159 163 166 168 171 172 173 172 174 171 163 166 169 171 170 171 168 168 162 164 158 151 149 146 138 132 138 142 137 133 131 132 131 137 127 125 121 123 123 126 125 127 130
