data/studyarea/bio6.asc
NCOLS 462 
NROWS 586 
XLLCORNER -113 
YLLCORNER -53.1666666666667 
CELLSIZE 0.166666666666667 
NODATA_value -9999 
[rows 72 to 107 of 586, columns 82 to 163 of 462]
-3 -9 -16 -16 -12 -7 -3 -2 -3 -3 -2 1 5 8 8 5 3 4 5 6 7 7 7 6 5 4 5 7 11 11 13 15 18 20 16 9 5 4 5 6 8 12 16 19 19 17 15 13 11 14 18 15 12 12 12 11 8 5 3 2 1 1 3 6 6 6 4 6 7 9 10 11 14 21 23 20 19 20 19 16 13 11
-6 -10 -14 -14 -10 -4 0 -1 -4 -5 -2 1 4 7 7 7 8 10 10 12 13 13 13 13 11 9 7 8 10 10 11 13 14 15 13 9 5 4 7 8 10 13 16 19 20 20 19 17 16 16 18 15 12 12 13 12 8 6 5 4 3 3 5 6 6 6 7 8 9 10 11 12 15 21 22 20 19 21 21 19 16 15
-6 -10 -13 -11 -8 -3 1 0 -2 -3 -2 1 4 7 8 7 10 14 15 16 17 18 18 18 17 14 11 9 9 8 9 10 11 10 9 8 5 4 8 10 12 14 16 19 21 23 22 21 20 17 16 15 14 16 15 11 7 7 7 7 7 6 7 6 6 7 8 10 10 11 12 12 13 16 19 18 18 19 20 18 17 16
-5 -7 -9 -8 -7 -4 -1 0 -1 -1 -1 1 6 10 10 9 12 16 17 18 19 20 21 22 22 18 14 11 10 8 7 7 8 7 6 7 8 10 12 14 15 15 16 17 21 23 24 24 23 18 15 16 17 20 17 12 7 8 10 11 11 10 9 9 8 9 10 11 12 12 12 12 11 14 16 16 16 17 18 19 19 19
-4 -5 -4 -4 -3 -2 -2 -1 0 1 1 4 11 16 16 14 15 17 18 19 19 20 21 22 21 18 17 15 12 10 8 7 6 5 5 7 10 14 17 18 18 18 16 17 21 24 26 26 23 20 17 16 17 18 18 14 12 12 14 15 16 15 13 11 11 10 12 13 12 11 12 12 12 12 13 14 15 15 16 19 21 22
-4 -3 -2 0 1 1 0 0 3 4 4 7 14 21 20 18 18 19 18 18 18 19 19 20 20 20 20 19 16 13 10 8 7 6 6 8 13 18 22 23 23 21 19 20 23 26 27 28 24 20 18 17 18 18 19 19 17 17 18 19 19 18 15 13 13 13 14 15 15 13 15 14 13 12 13 14 13 13 13 18 22 25
-4 -2 0 2 5 3 2 4 9 10 9 8 12 19 21 21 21 20 19 17 16 17 17 17 19 21 23 23 20 16 13 11 9 9 9 11 15 20 25 27 29 26 24 24 26 28 29 29 25 21 18 17 19 21 22 22 23 22 22 23 22 19 16 14 15 15 17 19 19 19 18 16 15 15 14 14 13 13 15 20 24 28
-6 -4 -1 1 3 3 4 10 17 18 13 11 14 19 22 24 24 23 21 18 16 18 17 17 19 22 25 27 24 20 16 14 13 12 13 15 18 22 26 28 29 29 28 29 30 30 30 29 27 22 16 18 23 26 26 25 26 27 26 25 24 21 18 17 18 19 22 24 25 25 22 21 20 20 18 18 16 16 19 23 27 31
-6 -4 -2 0 1 2 4 12 26 27 15 12 17 21 26 29 29 28 27 25 24 23 20 19 21 23 25 27 25 22 19 17 16 15 17 18 21 23 25 27 27 28 31 33 33 33 32 30 29 24 20 21 26 28 28 28 28 30 29 29 28 25 22 21 22 24 27 29 32 30 28 27 26 25 24 23 22 23 25 28 30 32
-6 -3 -1 1 3 3 4 12 23 25 18 16 19 25 30 34 36 35 33 32 31 28 25 23 22 22 23 24 25 24 23 21 19 19 21 22 24 26 27 27 29 31 35 37 36 34 33 31 30 29 27 27 29 29 28 28 29 32 34 33 32 30 29 27 28 31 33 36 38 36 35 33 33 31 31 30 30 30 30 32 34 34
-4 0 4 7 7 6 4 11 20 23 20 18 21 26 32 39 45 43 38 35 33 31 29 26 23 22 22 24 26 27 25 24 23 23 24 25 28 30 30 31 33 35 37 39 38 37 34 32 33 34 33 33 33 32 30 29 30 33 36 37 37 38 37 37 36 38 40 44 43 41 40 41 41 39 39 37 37 37 36 37 37 36
0 3 6 9 10 11 12 15 21 25 24 21 23 26 32 39 47 45 39 35 33 32 31 28 25 23 25 27 30 31 29 28 27 27 28 29 32 34 36 37 37 38 39 40 40 39 37 35 37 40 38 37 37 36 35 34 33 34 37 41 43 45 46 45 44 44 45 48 47 46 46 49 49 48 46 44 44 44 43 42 41 39
1 4 7 11 12 12 16 21 26 30 31 30 27 26 31 38 43 42 38 34 34 34 33 31 29 28 31 34 35 34 33 32 32 32 33 35 38 40 42 42 41 40 41 43 44 42 40 39 40 41 41 41 40 40 39 38 38 38 41 46 49 52 54 52 50 48 47 50 51 52 53 56 56 56 51 49 49 50 49 47 45 42
3 8 14 15 15 16 19 22 28 36 37 34 30 28 32 37 40 41 37 35 35 37 38 38 37 36 39 41 41 39 38 38 38 38 40 42 45 47 47 47 46 43 44 47 48 45 44 43 42 43 45 44 44 44 43 41 42 44 47 50 52 57 59 57 55 54 53 56 58 57 58 59 60 59 -9999 -9999 -9999 -9999 -9999 50 49 48
9 12 15 17 17 19 21 24 28 34 36 33 29 29 34 37 39 40 38 38 38 41 44 46 46 46 48 50 47 45 44 46 46 45 47 49 52 52 52 51 49 47 46 48 49 47 47 47 48 49 50 49 48 50 53 52 51 50 52 56 58 -9999 62 -9999 -9999 -9999 -9999 -9999 -9999 -9999 -9999 -9999 -9999 -9999 -9999 -9999 -9999 -9999 -9999 -9999 -9999 53
13 18 20 22 24 25 26 27 29 32 34 33 32 33 38 38 37 37 38 39 41 45 50 55 55 53 52 53 51 51 52 55 54 53 53 54 55 55 55 54 52 50 49 49 50 49 52 52 52 53 54 54 53 54 57 58 56 57 59 60 62 -9999 65 65 -9999 -9999 -9999 -9999 -9999 -9999 -9999 -9999 -9999 -9999 -9999 -9999 -9999 -9999 -9999 -9999 -9999 -9999
21 26 25 24 29 31 33 34 33 33 34 34 37 39 40 38 36 35 38 40 43 48 54 62 62 58 56 55 56 57 59 60 60 58 57 57 57 58 57 56 55 53 51 51 52 53 56 56 56 56 58 59 59 59 61 62 61 61 62 63 65 -9999 68 -9999 -9999 -9999 -9999 -9999 -9999 -9999 -9999 -9999 -9999 -9999 -9999 -9999 -9999 -9999 -9999 -9999 -9999 -9999
30 31 33 34 38 41 42 40 37 36 35 36 39 42 42 40 38 38 40 42 45 48 54 60 62 62 63 64 63 63 63 63 -9999 -9999 -9999 -9999 -9999 -9999 59 59 57 56 55 55 57 58 59 59 59 60 62 63 63 64 64 65 64 65 66 66 -9999 72 70 -9999 -9999 -9999 -9999 -9999 -9999 -9999 -9999 -9999 -9999 -9999 -9999 -9999 -9999 -9999 -9999 -9999 -9999 -9999
38 39 39 42 48 50 46 41 38 38 38 38 40 42 44 44 43 43 44 45 47 49 52 56 58 63 68 73 69 -9999 -9999 -9999 -9999 -9999 -9999 -9999 -9999 -9999 -9999 -9999 -9999 -9999 -9999 -9999 60 60 -9999 62 63 65 66 67 67 68 68 69 67 70 71 74 76 -9999 -9999 -9999 -9999 -9999 -9999 -9999 -9999 -9999 -9999 -9999 -9999 -9999 -9999 -9999 -9999 -9999 -9999 -9999 -9999 -9999
40 40 40 43 47 49 43 39 40 42 42 42 43 44 47 48 49 49 48 49 50 51 53 55 59 65 72 77 -9999 -9999 -9999 -9999 -9999 -9999 -9999 -9999 -9999 -9999 -9999 -9999 -9999 -9999 -9999 -9999 -9999 -9999 -9999 66 67 68 70 71 71 71 72 72 72 72 75 77 78 80 81 -9999 -9999 -9999 -9999 -9999 -9999 -9999 -9999 -9999 -9999 -9999 -9999 -9999 -9999 -9999 -9999 -9999 -9999 -9999
41 40 41 42 42 42 39 38 41 43 45 46 48 50 52 54 55 55 55 54 54 55 56 58 62 67 -9999 -9999 -9999 -9999 -9999 -9999 -9999 -9999 -9999 -9999 -9999 -9999 -9999 -9999 -9999 -9999 -9999 -9999 -9999 -9999 -9999 -9999 -9999 -9999 73 73 74 76 75 75 -9999 -9999 -9999 80 81 82 -9999 -9999 -9999 -9999 -9999 -9999 -9999 -9999 -9999 -9999 -9999 -9999 -9999 -9999 -9999 -9999 -9999 -9999 -9999 -9999
41 40 41 41 40 41 40 41 44 47 48 51 53 56 58 60 60 62 62 61 61 61 61 62 64 -9999 -9999 -9999 -9999 -9999 -9999 -9999 -9999 -9999 -9999 -9999 -9999 -9999 -9999 -9999 -9999 -9999 -9999 -9999 -9999 -9999 -9999 -9999 -9999 -9999 -9999 -9999 -9999 -9999 -9999 -9999 -9999 -9999 -9999 83 -9999 -9999 -9999 -9999 -9999 -9999 -9999 -9999 -9999 -9999 -9999 -9999 -9999 -9999 -9999 -9999 -9999 -9999 -9999 -9999 -9999 -9999
44 42 40 40 41 42 43 44 46 50 53 55 58 60 62 64 65 67 69 69 68 66 66 -9999 -9999 -9999 -9999 -9999 -9999 -9999 -9999 -9999 -9999 -9999 -9999 -9999 -9999 -9999 -9999 -9999 -9999 -9999 -9999 -9999 -9999 -9999 -9999 -9999 -9999 -9999 -9999 -9999 -9999 -9999 -9999 -9999 -9999 -9999 -9999 -9999 -9999 -9999 -9999 -9999 -9999 -9999 -9999 -9999 -9999 -9999 -9999 -9999 -9999 -9999 -9999 -9999 -9999 -9999 -9999 -9999 -9999 -9999
48 44 41 40 42 43 46 48 50 54 57 59 61 63 65 67 70 71 73 73 72 71 -9999 -9999 -9999 -9999 -9999 -9999 -9999 -9999 -9999 -9999 -9999 -9999 -9999 -9999 -9999 -9999 -9999 -9999 -9999 -9999 -9999 -9999 -9999 -9999 -9999 -9999 -9999 -9999 -9999 -9999 -9999 -9999 -9999 -9999 -9999 -9999 -9999 -9999 -9999 -9999 -9999 -9999 -9999 -9999 -9999 -9999 -9999 -9999 -9999 -9999 -9999 -9999 -9999 -9999 -9999 -9999 -9999 -9999 -9999 -9999
52 47 42 42 43 46 49 52 55 59 61 62 64 66 68 70 72 74 76 -9999 -9999 -9999 -9999 -9999 -9999 -9999 -9999 -9999 -9999 -9999 -9999 -9999 -9999 -9999 -9999 -9999 -9999 -9999 -9999 -9999 -9999 -9999 -9999 -9999 -9999 -9999 -9999 -9999 -9999 -9999 -9999 -9999 -9999 -9999 -9999 -9999 -9999 -9999 -9999 -9999 -9999 -9999 -9999 -9999 -9999 -9999 -9999 -9999 -9999 -9999 -9999 -9999 -9999 -9999 -9999 -9999 -9999 -9999 -9999 -9999 -9999 -9999
53 49 45 45 46 48 51 55 59 61 63 65 67 70 71 72 75 76 -9999 -9999 -9999 -9999 -9999 -9999 -9999 -9999 -9999 -9999 -9999 -9999 -9999 -9999 -9999 -9999 -9999 -9999 -9999 -9999 -9999 -9999 -9999 -9999 -9999 -9999 -9999 -9999 -9999 -9999 -9999 -9999 -9999 -9999 -9999 -9999 -9999 -9999 -9999 -9999 -9999 -9999 -9999 -9999 -9999 -9999 -9999 -9999 -9999 -9999 -9999 -9999 -9999 -9999 -9999 -9999 -9999 -9999 -9999 -9999 -9999 -9999 -9999 -9999
54 51 48 48 48 49 54 58 62 64 66 68 72 76 76 75 -9999 -9999 -9999 -9999 -9999 -9999 -9999 -9999 -9999 -9999 -9999 -9999 -9999 -9999 -9999 -9999 -9999 -9999 -9999 -9999 -9999 -9999 -9999 -9999 -9999 -9999 -9999 -9999 -9999 -9999 -9999 -9999 -9999 -9999 -9999 -9999 -9999 -9999 -9999 -9999 -9999 -9999 -9999 -9999 -9999 -9999 -9999 -9999 -9999 -9999 -9999 -9999 -9999 -9999 -9999 -9999 -9999 -9999 -9999 -9999 -9999 -9999 -9999 -9999 -9999 -9999
57 52 50 49 49 52 57 62 65 67 70 74 79 80 80 -9999 -9999 -9999 -9999 -9999 -9999 -9999 -9999 -9999 -9999 -9999 -9999 -9999 -9999 -9999 -9999 -9999 -9999 -9999 -9999 -9999 -9999 -9999 -9999 -9999 -9999 -9999 -9999 -9999 -9999 -9999 -9999 -9999 -9999 -9999 -9999 -9999 -9999 -9999 -9999 -9999 -9999 -9999 -9999 -9999 -9999 -9999 -9999 -9999 -9999 -9999 -9999 -9999 -9999 -9999 -9999 -9999 -9999 -9999 -9999 -9999 -9999 -9999 -9999 -9999 -9999 -9999
59 55 52 51 51 55 61 67 70 71 75 82 89 87 -9999 -9999 -9999 -9999 -9999 -9999 -9999 -9999 -9999 -9999 -9999 -9999 -9999 -9999 -9999 -9999 -9999 -9999 -9999 -9999 -9999 -9999 -9999 -9999 -9999 -9999 -9999 -9999 -9999 -9999 -9999 -9999 -9999 -9999 -9999 -9999 -9999 -9999 -9999 -9999 -9999 -9999 -9999 -9999 -9999 -9999 -9999 -9999 -9999 -9999 -9999 -9999 -9999 -9999 -9999 -9999 -9999 -9999 -9999 -9999 -9999 -9999 -9999 -9999 -9999 -9999 -9999 -9999
62 58 53 52 54 58 64 70 74 76 79 84 89 -9999 -9999 -9999 -9999 -9999 -9999 -9999 -9999 -9999 -9999 -9999 -9999 -9999 -9999 -9999 -9999 -9999 -9999 -9999 -9999 -9999 -9999 -9999 -9999 -9999 -9999 -9999 -9999 -9999 -9999 -9999 -9999 -9999 -9999 -9999 -9999 -9999 -9999 -9999 -9999 -9999 -9999 -9999 -9999 -9999 -9999 -9999 -9999 -9999 -9999 -9999 -9999 -9999 -9999 -9999 -9999 -9999 -9999 -9999 -9999 -9999 -9999 -9999 -9999 -9999 -9999 -9999 -9999 -9999
65 60 56 56 58 62 68 73 77 80 82 86 89 -9999 -9999 -9999 -9999 -9999 -9999 -9999 -9999 -9999 -9999 -9999 -9999 -9999 -9999 -9999 -9999 -9999 -9999 -9999 -9999 -9999 -9999 -9999 -9999 -9999 -9999 -9999 -9999 -9999 -9999 -9999 -9999 -9999 -9999 -9999 -9999 -9999 -9999 -9999 -9999 -9999 -9999 -9999 -9999 -9999 -9999 -9999 -9999 -9999 -9999 -9999 -9999 -9999 -9999 -9999 -9999 -9999 -9999 -9999 -9999 -9999 -9999 -9999 -9999 -9999 -9999 -9999 -9999 -9999
65 62 58 59 62 66 72 76 79 81 84 86 -9999 -9999 -9999 -9999 -9999 -9999 -9999 -9999 -9999 -9999 -9999 -9999 -9999 -9999 -9999 -9999 -9999 -9999 -9999 -9999 -9999 -9999 -9999 -9999 -9999 -9999 -9999 -9999 -9999 -9999 -9999 -9999 -9999 -9999 -9999 -9999 -9999 -9999 -9999 -9999 -9999 -9999 -9999 -9999 -9999 -9999 -9999 -9999 -9999 -9999 -9999 -9999 -9999 -9999 -9999 -9999 -9999 -9999 -9999 -9999 -9999 -9999 -9999 -9999 -9999 -9999 -9999 -9999 -9999 -9999
65 64 62 62 65 69 73 77 80 82 84 86 -9999 -9999 -9999 -9999 -9999 -9999 -9999 -9999 -9999 -9999 -9999 -9999 -9999 -9999 -9999 -9999 -9999 -9999 -9999 -9999 -9999 -9999 -9999 -9999 -9999 -9999 -9999 -9999 -9999 -9999 -9999 -9999 -9999 -9999 -9999 -9999 -9999 -9999 -9999 -9999 -9999 -9999 -9999 -9999 -9999 -9999 -9999 -9999 -9999 -9999 -9999 -9999 -9999 -9999 -9999 -9999 -9999 -9999 -9999 -9999 -9999 -9999 -9999 -9999 -9999 -9999 -9999 -9999 -9999 -9999
65 65 65 65 68 71 74 78 80 82 84 87 -9999 -9999 -9999 -9999 -9999 -9999 -9999 -9999 -9999 -9999 -9999 -9999 -9999 -9999 -9999 -9999 -9999 -9999 -9999 -9999 -9999 -9999 -9999 -9999 -9999 -9999 -9999 -9999 -9999 -9999 -9999 -9999 -9999 -9999 -9999 -9999 -9999 -9999 -9999 -9999 -9999 -9999 -9999 -9999 -9999 -9999 -9999 -9999 -9999 -9999 -9999 -9999 -9999 -9999 -9999 -9999 -9999 -9999 -9999 -9999 -9999 -9999 -9999 -9999 -9999 -9999 -9999 -9999 -9999 -9999
67 68 68 69 71 73 76 79 81 83 85 87 90 -9999 -9999 -9999 -9999 -9999 -9999 -9999 -9999 -9999 -9999 -9999 -9999 -9999 -9999 -9999 -9999 -9999 -9999 -9999 -9999 -9999 -9999 -9999 -9999 -9999 -9999 -9999 -9999 -9999 -9999 -9999 -9999 -9999 -9999 -9999 -9999 -9999 -9999 -9999 -9999 -9999 -9999 -9999 -9999 -9999 -9999 -9999 -9999 -9999 -9999 -9999 -9999 -9999 -9999 -9999 -9999 -9999 -9999 -9999 -9999 -9999 -9999 -9999 -9999 -9999 -9999 -9999 -9999 -9999
70 70 73 73 74 75 78 80 82 83 86 88 91 -9999 -9999 -9999 -9999 -9999 -9999 -9999 -9999 -9999 -9999 -9999 -9999 -9999 -9999 -9999 -9999 -9999 -9999 -9999 -9999 -9999 -9999 -9999 -9999 -9999 -9999 -9999 -9999 -9999 -9999 -9999 -9999 -9999 -9999 -9999 -9999 -9999 -9999 -9999 -9999 -9999 -9999 -9999 -9999 -9999 -9999 -9999 -9999 -9999 -9999 -9999 -9999 -9999 -9999 -9999 -9999 -9999 -9999 -9999 -9999 -9999 -9999 -9999 -9999 -9999 -9999 -9999 -9999 -9999
