data/studyarea/bio7.asc
NCOLS 462 
NROWS 586 
XLLCORNER -113 
YLLCORNER -53.1666666666667 
CELLSIZE 0.166666666666667 
NODATA_value -9999 
[rows 432 to 467 of 586, columns 246 to 327 of 462]
-9999 -9999 -9999 -9999 -9999 -9999 -9999 -9999 -9999 -9999 -9999 -9999 -9999 -9999 -9999 -9999 -9999 -9999 -9999 -9999 -9999 -9999 -9999 -9999 -9999 -9999 -9999 -9999 263 303 303 305 303 308 298 288 280 278 276 277 278 280 283 286 290 294 297 297 296 296 295 294 294 293 292 291 290 289 287 286 285 284 282 281 280 279 278 276 273 267 262 258 252 248 244 239 235 230 228 226 225 226
-9999 -9999 -9999 -9999 -9999 -9999 -9999 -9999 -9999 -9999 -9999 -9999 -9999 -9999 -9999 -9999 -9999 -9999 -9999 -9999 -9999 -9999 -9999 -9999 -9999 -9999 -9999 -9999 302 326 324 321 318 313 307 289 284 282 277 279 282 283 284 287 292 297 300 300 299 298 297 296 296 296 295 293 292 291 289 287 286 285 283 283 280 279 277 275 272 267 262 258 253 248 244 240 236 232 230 229 228 229
-9999 -9999 -9999 -9999 -9999 -9999 -9999 -9999 -9999 -9999 -9999 -9999 -9999 -9999 -9999 -9999 -9999 -9999 -9999 -9999 -9999 -9999 -9999 -9999 -9999 -9999 -9999 -9999 319 332 329 325 322 317 310 285 290 286 281 282 283 285 283 286 292 298 301 300 300 300 300 299 298 298 297 296 294 292 291 289 288 286 284 282 281 279 277 274 271 267 262 258 253 249 244 240 237 234 233 232 230 231
-9999 -9999 -9999 -9999 -9999 -9999 -9999 -9999 -9999 -9999 -9999 -9999 -9999 -9999 -9999 -9999 -9999 -9999 -9999 -9999 -9999 -9999 -9999 -9999 -9999 -9999 -9999 -9999 314 335 332 329 324 318 313 281 289 292 287 286 285 286 286 288 294 298 300 301 300 300 300 300 300 299 299 298 297 295 292 290 288 286 284 282 281 278 276 273 270 266 261 257 253 248 245 241 238 236 234 233 232 233
-9999 -9999 -9999 -9999 -9999 -9999 -9999 -9999 -9999 -9999 -9999 -9999 -9999 -9999 -9999 -9999 -9999 -9999 -9999 -9999 -9999 -9999 -9999 -9999 -9999 -9999 -9999 -9999 332 336 333 329 325 320 315 279 287 296 291 287 287 288 288 292 296 298 300 300 300 301 300 300 301 301 301 300 298 295 292 291 289 286 284 282 280 277 275 272 269 264 260 257 252 248 245 241 239 237 235 234 235 235
-9999 -9999 -9999 -9999 -9999 -9999 -9999 -9999 -9999 -9999 -9999 -9999 -9999 -9999 -9999 -9999 -9999 -9999 -9999 -9999 -9999 -9999 -9999 -9999 -9999 -9999 -9999 -9999 335 325 330 329 326 322 313 272 292 301 291 290 291 292 291 294 297 298 300 300 300 300 301 300 301 301 302 301 298 296 293 290 288 286 284 281 279 276 274 271 268 263 260 256 252 248 244 241 239 237 236 235 235 235
-9999 -9999 -9999 -9999 -9999 -9999 -9999 -9999 -9999 -9999 -9999 -9999 -9999 -9999 -9999 -9999 -9999 -9999 -9999 -9999 -9999 -9999 -9999 -9999 -9999 -9999 -9999 -9999 323 294 321 329 326 322 298 292 306 306 293 295 295 295 294 295 297 298 299 299 299 299 300 300 301 300 301 300 298 295 292 290 287 285 283 280 278 275 273 270 267 264 259 256 251 247 244 241 238 238 237 236 237 236
-9999 -9999 -9999 -9999 -9999 -9999 -9999 -9999 -9999 -9999 -9999 -9999 -9999 -9999 -9999 -9999 -9999 -9999 -9999 -9999 -9999 -9999 -9999 -9999 -9999 -9999 -9999 -9999 -9999 264 321 327 325 317 306 314 312 305 295 297 297 297 296 296 297 298 299 298 298 299 299 299 299 300 298 297 295 293 291 288 286 284 281 279 277 275 271 269 266 263 258 255 251 246 243 240 238 237 237 237 237 237
-9999 -9999 -9999 -9999 -9999 -9999 -9999 -9999 -9999 -9999 -9999 -9999 -9999 -9999 -9999 -9999 -9999 -9999 -9999 -9999 -9999 -9999 -9999 -9999 -9999 -9999 -9999 -9999 -9999 268 317 319 323 321 319 316 312 307 295 299 298 297 296 295 296 297 297 297 297 297 296 297 297 297 297 296 294 291 289 287 284 283 281 278 276 274 271 269 265 262 259 254 250 246 242 240 239 239 238 237 237 237
-9999 -9999 -9999 -9999 -9999 -9999 -9999 -9999 -9999 -9999 -9999 -9999 -9999 -9999 -9999 -9999 -9999 -9999 -9999 -9999 -9999 -9999 -9999 -9999 -9999 -9999 -9999 -9999 -9999 300 309 315 324 321 318 313 311 307 297 298 299 297 295 296 296 296 296 295 294 294 294 295 295 295 294 293 291 289 287 285 282 281 279 277 274 272 270 268 265 263 258 255 250 246 242 239 239 240 239 238 238 238
-9999 -9999 -9999 -9999 -9999 -9999 -9999 -9999 -9999 -9999 -9999 -9999 -9999 -9999 -9999 -9999 -9999 -9999 -9999 -9999 -9999 -9999 -9999 -9999 -9999 -9999 -9999 -9999 -9999 -9999 309 325 322 318 315 312 308 305 298 299 298 296 295 295 295 295 294 292 291 291 291 292 293 292 291 290 288 287 285 283 281 279 277 275 274 271 269 268 265 263 260 255 251 246 242 239 238 239 239 239 239 238
-9999 -9999 -9999 -9999 -9999 -9999 -9999 -9999 -9999 -9999 -9999 -9999 -9999 -9999 -9999 -9999 -9999 -9999 -9999 -9999 -9999 -9999 -9999 -9999 -9999 -9999 -9999 -9999 -9999 -9999 320 325 319 316 311 309 304 303 299 298 296 295 294 293 293 293 292 289 287 286 288 290 290 289 288 288 286 284 282 280 279 277 275 274 272 270 269 267 265 262 260 256 252 248 244 242 240 239 239 239 238 239
-9999 -9999 -9999 -9999 -9999 -9999 -9999 -9999 -9999 -9999 -9999 -9999 -9999 -9999 -9999 -9999 -9999 -9999 -9999 -9999 -9999 -9999 -9999 -9999 -9999 -9999 -9999 -9999 -9999 -9999 -9999 320 316 312 308 304 300 299 298 296 295 294 292 291 291 291 289 285 283 283 285 287 287 286 286 285 284 282 280 279 277 275 274 273 270 269 268 266 264 262 260 257 254 249 247 245 244 241 241 240 240 240
-9999 -9999 -9999 -9999 -9999 -9999 -9999 -9999 -9999 -9999 -9999 -9999 -9999 -9999 -9999 -9999 -9999 -9999 -9999 -9999 -9999 -9999 -9999 -9999 -9999 -9999 -9999 -9999 -9999 -9999 -9999 315 311 307 303 300 297 296 295 294 292 291 290 289 289 288 285 281 280 280 283 284 285 285 283 282 281 280 278 276 274 273 272 271 269 268 266 265 263 262 259 257 254 252 249 247 246 244 243 242 241 242
-9999 -9999 -9999 -9999 -9999 -9999 -9999 -9999 -9999 -9999 -9999 -9999 -9999 -9999 -9999 -9999 -9999 -9999 -9999 -9999 -9999 -9999 -9999 -9999 -9999 -9999 -9999 -9999 -9999 -9999 -9999 -9999 305 302 298 295 292 292 292 291 290 289 288 288 286 284 280 276 277 280 282 282 282 282 281 280 279 277 276 274 272 272 271 270 268 267 266 265 262 261 259 257 255 253 251 249 248 245 245 244 243 243
-9999 -9999 -9999 -9999 -9999 -9999 -9999 -9999 -9999 -9999 -9999 -9999 -9999 -9999 -9999 -9999 -9999 -9999 -9999 -9999 -9999 -9999 -9999 -9999 -9999 -9999 -9999 -9999 -9999 -9999 -9999 -9999 301 296 293 291 289 289 289 288 288 287 287 285 284 280 274 273 275 277 279 280 280 280 279 278 278 275 274 273 271 270 269 268 267 266 265 264 263 260 259 257 256 254 253 251 249 248 247 245 245 245
-9999 -9999 -9999 -9999 -9999 -9999 -9999 -9999 -9999 -9999 -9999 -9999 -9999 -9999 -9999 -9999 -9999 -9999 -9999 -9999 -9999 -9999 -9999 -9999 -9999 -9999 -9999 -9999 -9999 -9999 -9999 -9999 -9999 290 286 286 286 286 286 286 285 284 284 282 281 277 270 270 273 276 277 278 278 278 277 276 276 274 273 272 270 270 268 267 266 265 264 262 262 261 259 257 256 254 254 252 251 249 248 247 246 246
-9999 -9999 -9999 -9999 -9999 -9999 -9999 -9999 -9999 -9999 -9999 -9999 -9999 -9999 -9999 -9999 -9999 -9999 -9999 -9999 -9999 -9999 -9999 -9999 -9999 -9999 -9999 -9999 -9999 -9999 -9999 -9999 -9999 -9999 282 282 284 284 284 284 283 282 280 278 275 270 268 269 271 273 275 276 276 275 275 275 275 274 272 271 270 269 268 266 266 264 264 263 261 260 259 257 257 254 253 253 251 251 249 249 249 247
-9999 -9999 -9999 -9999 -9999 -9999 -9999 -9999 -9999 -9999 -9999 -9999 -9999 -9999 -9999 -9999 -9999 -9999 -9999 -9999 -9999 -9999 -9999 -9999 -9999 -9999 -9999 -9999 -9999 -9999 -9999 -9999 -9999 -9999 -9999 281 282 283 283 283 280 279 277 274 268 264 264 265 269 271 273 275 275 275 274 274 273 272 272 270 268 268 266 265 265 264 263 262 261 260 259 257 257 254 253 253 253 252 252 252 251 250
-9999 -9999 -9999 -9999 -9999 -9999 -9999 -9999 -9999 -9999 -9999 -9999 -9999 -9999 -9999 -9999 -9999 -9999 -9999 -9999 -9999 -9999 -9999 -9999 -9999 -9999 -9999 -9999 -9999 -9999 -9999 -9999 -9999 -9999 -9999 -9999 282 283 282 281 279 277 275 271 266 262 259 262 267 269 271 273 273 273 273 273 272 272 271 270 269 266 265 265 264 263 262 262 260 259 258 258 257 255 253 253 254 254 254 254 253 253
-9999 -9999 -9999 -9999 -9999 -9999 -9999 -9999 -9999 -9999 -9999 -9999 -9999 -9999 -9999 -9999 -9999 -9999 -9999 -9999 -9999 -9999 -9999 -9999 -9999 -9999 -9999 -9999 -9999 -9999 -9999 -9999 -9999 -9999 -9999 -9999 -9999 283 283 280 276 275 272 269 265 262 257 261 266 268 270 271 271 272 272 272 272 272 270 269 268 266 265 264 264 263 262 261 260 259 259 258 257 256 256 255 256 255 256 256 255 255
-9999 -9999 -9999 -9999 -9999 -9999 -9999 -9999 -9999 -9999 -9999 -9999 -9999 -9999 -9999 -9999 -9999 -9999 -9999 -9999 -9999 -9999 -9999 -9999 -9999 -9999 -9999 -9999 -9999 -9999 -9999 -9999 -9999 -9999 -9999 -9999 -9999 -9999 -9999 279 275 275 270 266 265 263 258 263 266 268 269 270 271 271 272 272 271 271 270 270 267 265 263 263 263 263 262 260 260 259 258 258 257 257 257 257 257 258 258 258 258 257
-9999 -9999 -9999 -9999 -9999 -9999 -9999 -9999 -9999 -9999 -9999 -9999 -9999 -9999 -9999 -9999 -9999 -9999 -9999 -9999 -9999 -9999 -9999 -9999 -9999 -9999 -9999 -9999 -9999 -9999 -9999 -9999 -9999 -9999 -9999 -9999 -9999 -9999 -9999 -9999 -9999 275 269 265 267 266 267 268 268 268 269 269 271 271 271 272 272 272 270 270 268 265 263 262 262 263 262 260 258 257 258 257 258 258 259 259 259 259 259 259 259 260
-9999 -9999 -9999 -9999 -9999 -9999 -9999 -9999 -9999 -9999 -9999 -9999 -9999 -9999 -9999 -9999 -9999 -9999 -9999 -9999 -9999 -9999 -9999 -9999 -9999 -9999 -9999 -9999 -9999 -9999 -9999 -9999 -9999 -9999 -9999 -9999 -9999 -9999 -9999 -9999 -9999 -9999 -9999 267 270 272 274 272 270 269 268 269 270 271 272 272 271 272 271 271 268 266 264 263 262 263 263 258 256 256 256 258 258 259 259 260 260 261 261 261 262 261
-9999 -9999 -9999 -9999 -9999 -9999 -9999 -9999 -9999 -9999 -9999 -9999 -9999 -9999 -9999 -9999 -9999 -9999 -9999 -9999 -9999 -9999 -9999 -9999 -9999 -9999 -9999 -9999 -9999 -9999 -9999 -9999 -9999 -9999 -9999 -9999 -9999 -9999 -9999 -9999 -9999 -9999 -9999 267 271 275 275 273 269 269 269 269 270 271 272 272 271 272 271 270 268 265 264 262 261 260 259 255 253 254 257 258 258 260 260 261 262 262 263 262 262 261
-9999 -9999 -9999 -9999 -9999 -9999 -9999 -9999 -9999 -9999 -9999 -9999 -9999 -9999 -9999 -9999 -9999 -9999 -9999 -9999 -9999 -9999 -9999 -9999 -9999 -9999 -9999 -9999 -9999 -9999 -9999 -9999 -9999 -9999 -9999 -9999 -9999 -9999 -9999 -9999 -9999 -9999 -9999 267 273 275 276 273 270 269 269 270 271 271 272 272 272 272 272 270 268 266 264 261 260 258 257 254 253 255 258 258 259 260 261 262 263 264 263 263 262 261
-9999 -9999 -9999 -9999 -9999 -9999 -9999 -9999 -9999 -9999 -9999 -9999 -9999 -9999 -9999 -9999 -9999 -9999 -9999 -9999 -9999 -9999 -9999 -9999 -9999 -9999 -9999 -9999 -9999 -9999 -9999 -9999 -9999 -9999 -9999 -9999 -9999 -9999 -9999 -9999 -9999 -9999 -9999 272 274 274 274 274 271 271 270 271 271 272 273 273 273 272 271 270 267 265 263 261 258 256 255 254 255 258 259 259 259 260 261 262 263 264 264 263 261 261
-9999 -9999 -9999 -9999 -9999 -9999 -9999 -9999 -9999 -9999 -9999 -9999 -9999 -9999 -9999 -9999 -9999 -9999 -9999 -9999 -9999 -9999 -9999 -9999 -9999 -9999 -9999 -9999 -9999 -9999 -9999 -9999 -9999 -9999 -9999 -9999 -9999 -9999 -9999 -9999 -9999 -9999 -9999 274 275 274 274 275 273 271 270 271 271 273 273 274 274 274 271 270 267 265 262 260 257 255 253 253 254 257 259 259 259 260 260 261 262 263 262 261 261 260
-9999 -9999 -9999 -9999 -9999 -9999 -9999 -9999 -9999 -9999 -9999 -9999 -9999 -9999 -9999 -9999 -9999 -9999 -9999 -9999 -9999 -9999 -9999 -9999 -9999 -9999 -9999 -9999 -9999 -9999 -9999 -9999 -9999 -9999 -9999 -9999 -9999 -9999 -9999 -9999 -9999 -9999 -9999 275 275 273 273 274 272 271 271 271 273 273 274 276 275 274 272 270 267 265 262 259 256 254 252 251 253 256 257 257 258 258 260 261 261 261 260 260 260 259
-9999 -9999 -9999 -9999 -9999 -9999 -9999 -9999 -9999 -9999 -9999 -9999 -9999 -9999 -9999 -9999 -9999 -9999 -9999 -9999 -9999 -9999 -9999 -9999 -9999 -9999 -9999 -9999 -9999 -9999 -9999 -9999 -9999 -9999 -9999 -9999 -9999 -9999 -9999 -9999 -9999 -9999 -9999 275 274 271 271 271 271 270 271 271 272 273 275 276 276 274 272 270 267 264 263 260 256 254 252 251 253 254 255 257 258 258 258 259 259 259 260 259 258 258
-9999 -9999 -9999 -9999 -9999 -9999 -9999 -9999 -9999 -9999 -9999 -9999 -9999 -9999 -9999 -9999 -9999 -9999 -9999 -9999 -9999 -9999 -9999 -9999 -9999 -9999 -9999 -9999 -9999 -9999 -9999 -9999 -9999 -9999 -9999 -9999 -9999 -9999 -9999 -9999 -9999 -9999 -9999 275 273 270 268 268 269 270 270 272 273 273 274 276 276 275 271 269 267 265 263 261 258 255 253 252 253 255 255 256 256 257 257 257 257 258 257 258 257 256
-9999 -9999 -9999 -9999 -9999 -9999 -9999 -9999 -9999 -9999 -9999 -9999 -9999 -9999 -9999 -9999 -9999 -9999 -9999 -9999 -9999 -9999 -9999 -9999 -9999 -9999 -9999 -9999 -9999 -9999 -9999 -9999 -9999 -9999 -9999 -9999 -9999 -9999 -9999 -9999 -9999 -9999 -9999 -9999 273 268 266 265 267 268 270 271 273 274 274 275 275 274 272 269 268 267 264 263 261 259 257 257 257 257 257 256 256 257 256 257 256 256 256 256 256 256
-9999 -9999 -9999 -9999 -9999 -9999 -9999 -9999 -9999 -9999 -9999 -9999 -9999 -9999 -9999 -9999 -9999 -9999 -9999 -9999 -9999 -9999 -9999 -9999 -9999 -9999 -9999 -9999 -9999 -9999 -9999 -9999 -9999 -9999 -9999 -9999 -9999 -9999 -9999 -9999 -9999 -9999 -9999 -9999 272 268 263 264 265 268 270 271 273 274 276 275 276 274 272 271 269 268 267 266 264 263 262 264 261 259 258 257 257 256 255 256 255 255 255 254 255 256
-9999 -9999 -9999 -9999 -9999 -9999 -9999 -9999 -9999 -9999 -9999 -9999 -9999 -9999 -9999 -9999 -9999 -9999 -9999 -9999 -9999 -9999 -9999 -9999 -9999 -9999 -9999 -9999 -9999 -9999 -9999 -9999 -9999 -9999 -9999 -9999 -9999 -9999 -9999 -9999 -9999 -9999 -9999 -9999 274 268 261 262 266 268 271 274 275 275 276 277 276 275 273 272 270 270 268 268 267 265 265 266 264 261 260 258 257 256 255 255 254 254 253 253 253 253
-9999 -9999 -9999 -9999 -9999 -9999 -9999 -9999 -9999 -9999 -9999 -9999 -9999 -9999 -9999 -9999 -9999 -9999 -9999 -9999 -9999 -9999 -9999 -9999 -9999 -9999 -9999 -9999 -9999 -9999 -9999 -9999 -9999 -9999 -9999 -9999 -9999 -9999 -9999 -9999 -9999 -9999 -9999 -9999 276 271 266 267 268 271 273 276 276 276 277 277 276 276 275 274 272 271 270 269 267 267 267 265 264 262 260 258 257 256 255 253 252 252 251 251 250 249
-9999 -9999 -9999 -9999 -9999 -9999 -9999 -9999 -9999 -9999 -9999 -9999 -9999 -9999 -9999 -9999 -9999 -9999 -9999 -9999 -9999 -9999 -9999 -9999 -9999 -9999 -9999 -9999 -9999 -9999 -9999 -9999 -9999 -9999 -9999 -9999 -9999 -9999 -9999 -9999 -9999 -9999 -9999 -9999 281 276 274 272 274 275 276 277 278 279 279 278 278 277 276 275 274 273 271 270 269 268 267 266 264 263 261 260 257 256 254 252 251 251 250 249 248 245
