data/studyarea/bio7.asc
NCOLS 462 
NROWS 586 
XLLCORNER -113 
YLLCORNER -53.1666666666667 
CELLSIZE 0.166666666666667 
NODATA_value -9999 
[rows 288 to 323 of 586, columns 246 to 327 of 462]
110 110 110 110 109 109 108 108 109 109 109 108 108 108 107 106 107 -9999 106 107 107 107 107 107 107 107 107 107 108 108 108 107 108 108 107 108 107 106 106 105 105 103 103 104 105 104 104 104 104 105 104 104 103 103 104 104 103 103 103 102 103 103 102 102 101 102 102 102 103 102 102 103 102 104 105 105 106 107 108 108 109 109
110 111 110 109 110 110 110 109 -9999 -9999 -9999 -9999 -9999 -9999 -9999 -9999 -9999 -9999 -9999 108 107 108 108 108 107 108 108 108 108 108 107 108 108 108 108 108 107 107 106 106 106 105 103 103 103 104 105 104 104 104 104 104 104 104 104 104 104 103 103 103 103 102 102 102 102 102 103 102 103 103 103 104 105 105 106 106 107 108 108 110 111 111
112 112 111 112 111 111 111 111 -9999 -9999 -9999 -9999 -9999 -9999 -9999 -9999 -9999 -9999 -9999 -9999 109 109 109 109 109 108 108 108 108 108 108 108 107 108 108 107 107 107 107 106 106 105 104 104 104 104 104 104 104 104 104 105 105 105 105 103 103 103 104 103 103 103 103 102 103 104 103 103 103 104 105 105 106 107 107 108 108 109 110 111 111 112
113 113 112 112 112 113 112 112 -9999 -9999 -9999 -9999 -9999 -9999 -9999 -9999 -9999 -9999 -9999 -9999 -9999 110 109 109 109 109 109 109 109 109 108 109 109 108 108 107 108 107 107 106 106 106 105 105 105 105 105 105 104 104 105 105 105 104 105 105 104 104 103 103 103 103 103 103 104 103 104 105 105 106 106 106 108 108 108 110 111 111 112 113 112 114
114 113 113 114 113 113 113 -9999 -9999 -9999 -9999 -9999 -9999 -9999 -9999 -9999 -9999 -9999 -9999 -9999 -9999 -9999 -9999 110 110 110 110 109 109 109 109 109 109 108 108 109 108 108 107 107 106 106 106 106 106 105 105 105 105 105 105 105 105 105 105 104 105 105 104 104 104 104 104 104 105 104 105 106 106 107 107 107 109 110 110 111 112 113 113 114 114 116
114 114 114 114 114 114 115 -9999 -9999 -9999 -9999 -9999 -9999 -9999 -9999 -9999 -9999 -9999 -9999 -9999 -9999 -9999 -9999 -9999 -9999 111 110 110 109 109 110 109 108 109 108 109 109 108 108 107 108 108 106 106 105 105 106 106 106 105 106 106 105 105 105 105 105 105 105 104 105 105 105 105 106 106 106 106 107 108 109 110 110 111 112 113 114 115 116 117 117 118
115 115 115 115 116 116 115 -9999 -9999 -9999 -9999 -9999 -9999 -9999 -9999 -9999 -9999 -9999 -9999 -9999 -9999 -9999 -9999 -9999 -9999 -9999 -9999 111 110 110 109 110 109 109 109 109 109 108 108 108 108 108 108 -9999 -9999 -9999 107 107 106 107 107 106 106 106 106 105 106 105 105 106 105 106 105 106 106 106 107 108 108 110 110 112 112 113 114 115 116 117 117 118 119 120
116 116 116 116 116 117 -9999 -9999 -9999 -9999 -9999 -9999 -9999 -9999 -9999 -9999 -9999 -9999 -9999 -9999 -9999 -9999 -9999 -9999 -9999 -9999 -9999 -9999 -9999 -9999 -9999 110 110 110 111 110 109 110 109 -9999 -9999 -9999 -9999 -9999 -9999 -9999 107 107 108 108 108 108 107 107 107 107 107 106 106 106 106 107 107 107 107 108 109 110 110 111 112 113 114 115 116 117 118 119 120 121 122 122
117 117 117 117 117 117 -9999 -9999 -9999 -9999 -9999 -9999 -9999 -9999 -9999 -9999 -9999 -9999 -9999 -9999 -9999 -9999 -9999 -9999 -9999 -9999 -9999 -9999 -9999 -9999 -9999 -9999 -9999 -9999 -9999 -9999 -9999 -9999 -9999 -9999 -9999 -9999 -9999 -9999 -9999 -9999 -9999 109 108 109 108 108 108 108 108 108 107 108 108 108 107 108 107 108 108 109 110 110 111 113 114 114 116 117 118 119 120 122 122 123 124 125
118 118 118 119 119 -9999 -9999 -9999 -9999 -9999 -9999 -9999 -9999 -9999 -9999 -9999 -9999 -9999 -9999 -9999 -9999 -9999 -9999 -9999 -9999 -9999 -9999 -9999 -9999 -9999 -9999 -9999 -9999 -9999 -9999 -9999 -9999 -9999 -9999 -9999 -9999 -9999 -9999 -9999 -9999 -9999 -9999 -9999 111 110 110 110 110 109 110 110 109 109 109 109 109 109 109 109 109 110 111 111 113 114 115 116 117 118 120 121 123 123 125 126 127 128
119 119 120 120 119 -9999 -9999 -9999 -9999 -9999 -9999 -9999 -9999 -9999 -9999 -9999 -9999 -9999 -9999 -9999 -9999 -9999 -9999 -9999 -9999 -9999 -9999 -9999 -9999 -9999 -9999 -9999 -9999 -9999 -9999 -9999 -9999 -9999 -9999 -9999 -9999 -9999 -9999 -9999 -9999 -9999 -9999 -9999 112 112 112 112 111 111 112 111 111 110 110 110 110 110 109 110 110 111 112 113 115 115 117 119 119 121 122 123 125 126 127 128 129 131
120 120 120 120 -9999 -9999 -9999 -9999 -9999 -9999 -9999 -9999 -9999 -9999 -9999 -9999 -9999 -9999 -9999 -9999 -9999 -9999 -9999 -9999 -9999 -9999 -9999 -9999 -9999 -9999 -9999 -9999 -9999 -9999 -9999 -9999 -9999 -9999 -9999 -9999 -9999 -9999 -9999 -9999 -9999 -9999 -9999 -9999 -9999 113 114 114 114 113 113 113 113 112 112 112 111 112 112 111 111 112 114 115 116 118 119 120 122 123 124 126 128 129 130 130 132 133
121 121 121 120 -9999 -9999 -9999 -9999 -9999 -9999 -9999 -9999 -9999 -9999 -9999 -9999 -9999 -9999 -9999 -9999 -9999 -9999 -9999 -9999 -9999 -9999 -9999 -9999 -9999 -9999 -9999 -9999 -9999 -9999 -9999 -9999 -9999 -9999 -9999 -9999 -9999 -9999 -9999 -9999 -9999 -9999 -9999 -9999 -9999 -9999 115 114 116 115 115 114 114 115 114 114 112 112 112 112 113 114 114 116 118 120 121 123 124 126 127 128 129 131 133 134 135 135
122 122 122 -9999 -9999 -9999 -9999 -9999 -9999 -9999 -9999 -9999 -9999 -9999 -9999 -9999 -9999 -9999 -9999 -9999 -9999 -9999 -9999 -9999 -9999 -9999 -9999 -9999 -9999 -9999 -9999 -9999 -9999 -9999 -9999 -9999 -9999 -9999 -9999 -9999 -9999 -9999 -9999 -9999 -9999 -9999 -9999 -9999 -9999 -9999 -9999 118 117 117 117 116 116 116 116 115 115 114 114 114 114 115 118 118 121 122 124 125 127 128 129 131 132 134 135 136 137 139
122 122 -9999 -9999 -9999 -9999 -9999 -9999 -9999 -9999 -9999 -9999 -9999 -9999 -9999 -9999 -9999 -9999 -9999 -9999 -9999 -9999 -9999 -9999 -9999 -9999 -9999 -9999 -9999 -9999 -9999 -9999 -9999 -9999 -9999 -9999 -9999 -9999 -9999 -9999 -9999 -9999 -9999 -9999 -9999 -9999 -9999 -9999 -9999 -9999 -9999 -9999 120 119 119 119 119 119 118 117 117 117 116 116 116 118 119 121 122 124 125 127 129 130 132 133 135 136 138 140 141 142
123 -9999 -9999 -9999 -9999 -9999 -9999 -9999 -9999 -9999 -9999 -9999 -9999 -9999 -9999 -9999 -9999 -9999 -9999 -9999 -9999 -9999 -9999 -9999 -9999 -9999 -9999 -9999 -9999 -9999 -9999 -9999 -9999 -9999 -9999 -9999 -9999 -9999 -9999 -9999 -9999 -9999 -9999 -9999 -9999 -9999 -9999 -9999 -9999 -9999 -9999 -9999 -9999 121 122 121 122 121 121 120 120 120 119 119 119 120 122 124 125 127 128 130 132 133 135 136 138 139 140 143 143 145
124 124 123 124 123 124 124 124 124 -9999 -9999 -9999 -9999 -9999 -9999 -9999 -9999 -9999 -9999 -9999 -9999 -9999 -9999 -9999 -9999 -9999 -9999 -9999 -9999 -9999 -9999 -9999 -9999 -9999 -9999 -9999 -9999 -9999 -9999 -9999 -9999 -9999 -9999 -9999 -9999 -9999 -9999 -9999 -9999 -9999 -9999 -9999 -9999 -9999 125 124 124 124 123 122 123 123 122 122 123 124 125 126 128 130 131 132 134 136 137 139 140 143 143 145 147 -9999
125 125 125 125 124 124 125 125 125 126 126 126 127 -9999 -9999 -9999 -9999 -9999 -9999 -9999 -9999 -9999 -9999 -9999 -9999 -9999 -9999 -9999 -9999 -9999 -9999 -9999 -9999 -9999 -9999 -9999 -9999 -9999 -9999 -9999 -9999 -9999 -9999 -9999 -9999 -9999 -9999 -9999 -9999 -9999 -9999 -9999 -9999 -9999 -9999 -9999 127 127 126 126 125 126 126 126 126 128 128 130 130 133 134 136 137 139 140 141 144 145 147 -9999 -9999 -9999
126 125 126 126 126 126 126 126 126 127 127 127 128 128 128 -9999 -9999 -9999 -9999 -9999 -9999 -9999 -9999 -9999 -9999 -9999 -9999 -9999 -9999 -9999 -9999 -9999 -9999 -9999 -9999 -9999 -9999 -9999 -9999 -9999 -9999 -9999 -9999 -9999 -9999 -9999 -9999 -9999 -9999 -9999 -9999 -9999 -9999 -9999 -9999 -9999 -9999 -9999 129 129 128 129 129 129 129 131 131 132 133 134 137 138 140 141 143 145 146 -9999 -9999 -9999 -9999 -9999
127 127 126 126 126 126 126 127 126 127 127 127 129 129 130 130 130 -9999 -9999 -9999 -9999 -9999 -9999 -9999 -9999 -9999 -9999 -9999 -9999 -9999 -9999 -9999 -9999 -9999 -9999 -9999 -9999 -9999 -9999 -9999 -9999 -9999 -9999 -9999 -9999 -9999 -9999 -9999 -9999 -9999 -9999 -9999 -9999 -9999 -9999 -9999 -9999 -9999 -9999 -9999 -9999 131 131 132 132 134 134 135 136 138 139 141 142 145 -9999 -9999 -9999 -9999 -9999 -9999 -9999 -9999
128 127 127 126 126 126 126 127 128 128 128 129 129 130 131 131 132 132 131 -9999 -9999 -9999 -9999 -9999 -9999 -9999 -9999 -9999 -9999 -9999 -9999 -9999 -9999 -9999 -9999 -9999 -9999 -9999 -9999 -9999 -9999 -9999 -9999 -9999 -9999 -9999 -9999 -9999 -9999 -9999 -9999 -9999 -9999 -9999 -9999 -9999 -9999 -9999 -9999 -9999 -9999 -9999 -9999 -9999 -9999 -9999 -9999 139 -9999 -9999 -9999 -9999 -9999 -9999 -9999 -9999 -9999 -9999 -9999 -9999 -9999 -9999
129 128 127 127 128 127 128 127 128 129 129 130 130 131 132 133 132 133 133 133 -9999 -9999 -9999 -9999 -9999 -9999 -9999 -9999 -9999 -9999 -9999 -9999 -9999 -9999 -9999 -9999 -9999 -9999 -9999 -9999 -9999 -9999 -9999 -9999 -9999 -9999 -9999 -9999 -9999 -9999 -9999 -9999 -9999 -9999 -9999 -9999 -9999 -9999 -9999 -9999 -9999 -9999 -9999 -9999 -9999 -9999 -9999 -9999 -9999 -9999 -9999 -9999 -9999 -9999 -9999 -9999 -9999 -9999 -9999 -9999 -9999 -9999
130 129 129 128 129 129 128 128 129 129 130 130 132 132 133 133 134 135 135 135 135 -9999 -9999 -9999 -9999 -9999 -9999 -9999 -9999 -9999 -9999 -9999 -9999 -9999 -9999 -9999 -9999 -9999 -9999 -9999 -9999 -9999 -9999 -9999 -9999 -9999 -9999 -9999 -9999 -9999 -9999 -9999 -9999 -9999 -9999 -9999 -9999 -9999 -9999 -9999 -9999 -9999 -9999 -9999 -9999 -9999 -9999 -9999 -9999 -9999 -9999 -9999 -9999 -9999 -9999 -9999 -9999 -9999 -9999 -9999 -9999 -9999
130 130 130 130 128 128 129 129 129 130 131 131 132 133 134 135 136 136 136 137 136 136 -9999 -9999 -9999 -9999 -9999 -9999 -9999 -9999 -9999 -9999 -9999 -9999 -9999 -9999 -9999 -9999 -9999 -9999 -9999 -9999 -9999 -9999 -9999 -9999 -9999 -9999 -9999 -9999 -9999 -9999 -9999 -9999 -9999 -9999 -9999 -9999 -9999 -9999 -9999 -9999 -9999 -9999 -9999 -9999 -9999 -9999 -9999 -9999 -9999 -9999 -9999 -9999 -9999 -9999 -9999 -9999 -9999 -9999 -9999 -9999
131 131 130 130 130 130 130 129 130 130 131 132 134 134 136 137 137 138 138 138 138 138 138 137 137 136 135 135 134 133 132 132 132 -9999 -9999 -9999 -9999 -9999 -9999 -9999 -9999 -9999 -9999 -9999 -9999 -9999 -9999 -9999 -9999 -9999 -9999 -9999 -9999 -9999 -9999 -9999 -9999 -9999 -9999 -9999 -9999 -9999 -9999 -9999 -9999 -9999 -9999 -9999 -9999 -9999 -9999 -9999 -9999 -9999 -9999 -9999 -9999 -9999 -9999 -9999 -9999 -9999
132 132 131 131 131 130 130 131 130 131 132 133 135 136 138 138 139 140 140 140 141 140 139 139 139 137 137 136 135 135 134 133 132 132 132 132 -9999 -9999 -9999 -9999 -9999 -9999 -9999 -9999 -9999 -9999 -9999 -9999 -9999 -9999 -9999 -9999 -9999 -9999 -9999 -9999 -9999 -9999 -9999 -9999 -9999 -9999 -9999 -9999 -9999 -9999 -9999 -9999 -9999 -9999 -9999 -9999 -9999 -9999 -9999 -9999 -9999 -9999 -9999 -9999 -9999 -9999
134 132 133 132 131 131 131 132 133 133 133 134 136 138 138 140 141 141 142 142 143 142 142 141 140 139 138 137 137 136 135 135 134 133 133 133 133 133 -9999 -9999 -9999 -9999 -9999 -9999 -9999 -9999 -9999 -9999 -9999 -9999 -9999 -9999 -9999 -9999 -9999 -9999 -9999 -9999 -9999 -9999 -9999 -9999 -9999 -9999 -9999 -9999 -9999 -9999 -9999 -9999 -9999 -9999 -9999 -9999 -9999 -9999 -9999 -9999 -9999 -9999 -9999 -9999
134 134 133 134 132 132 133 133 134 135 135 136 137 139 140 141 143 144 144 144 145 144 144 142 142 141 139 138 137 137 136 135 136 134 134 134 133 134 134 133 -9999 -9999 -9999 -9999 -9999 -9999 -9999 -9999 -9999 -9999 -9999 -9999 -9999 -9999 -9999 -9999 -9999 -9999 -9999 -9999 -9999 -9999 -9999 -9999 -9999 -9999 -9999 -9999 -9999 -9999 -9999 -9999 -9999 -9999 -9999 -9999 -9999 -9999 -9999 -9999 -9999 -9999
135 136 135 135 135 133 133 135 135 136 136 138 139 141 142 144 144 146 146 147 146 146 146 144 143 141 141 139 138 138 137 136 136 136 135 135 135 134 134 134 135 -9999 -9999 -9999 -9999 -9999 -9999 -9999 -9999 -9999 -9999 -9999 -9999 -9999 -9999 -9999 -9999 -9999 -9999 -9999 -9999 -9999 -9999 -9999 -9999 -9999 -9999 -9999 -9999 -9999 -9999 -9999 -9999 -9999 -9999 -9999 -9999 -9999 -9999 -9999 -9999 -9999
137 136 136 136 135 135 135 136 137 137 138 140 141 143 144 145 147 149 148 149 149 149 147 146 144 143 142 140 139 139 138 137 137 136 136 136 135 135 135 136 135 134 -9999 -9999 -9999 -9999 -9999 -9999 -9999 -9999 -9999 -9999 -9999 -9999 -9999 -9999 -9999 -9999 -9999 -9999 -9999 -9999 -9999 -9999 -9999 -9999 -9999 -9999 -9999 -9999 -9999 -9999 -9999 -9999 -9999 -9999 -9999 -9999 -9999 -9999 -9999 -9999
139 138 137 137 137 136 135 137 137 138 140 141 143 145 146 148 149 150 151 152 151 151 148 147 145 144 143 141 140 139 139 139 138 137 137 136 136 135 135 136 136 135 136 -9999 -9999 -9999 -9999 -9999 -9999 -9999 -9999 -9999 -9999 -9999 -9999 -9999 -9999 -9999 -9999 -9999 -9999 -9999 -9999 -9999 -9999 -9999 -9999 -9999 -9999 -9999 -9999 -9999 -9999 -9999 -9999 -9999 -9999 -9999 -9999 -9999 -9999 -9999
139 139 138 139 138 137 138 138 138 140 141 143 144 146 148 149 150 152 153 154 154 152 150 149 147 144 144 142 140 140 140 139 139 138 138 137 137 137 137 136 136 136 135 136 -9999 -9999 -9999 -9999 -9999 -9999 -9999 -9999 -9999 -9999 -9999 -9999 -9999 -9999 -9999 -9999 -9999 -9999 -9999 -9999 -9999 -9999 -9999 -9999 -9999 -9999 -9999 -9999 -9999 -9999 -9999 -9999 -9999 -9999 -9999 -9999 -9999 -9999
139 139 139 139 139 140 139 140 140 142 143 144 147 147 150 151 153 155 155 156 155 154 151 149 146 145 143 142 141 140 140 140 140 139 139 138 138 138 138 137 137 136 136 137 137 -9999 -9999 -9999 -9999 -9999 -9999 -9999 -9999 -9999 -9999 -9999 -9999 -9999 -9999 -9999 -9999 -9999 -9999 -9999 -9999 -9999 -9999 -9999 -9999 -9999 -9999 -9999 -9999 -9999 -9999 -9999 -9999 -9999 -9999 -9999 -9999 -9999
141 141 141 141 141 141 141 142 143 144 145 146 148 149 150 152 154 155 157 158 158 155 151 149 146 145 143 143 141 140 141 141 140 140 140 140 139 138 138 138 138 138 138 137 139 140 -9999 -9999 -9999 -9999 -9999 -9999 -9999 -9999 -9999 -9999 -9999 -9999 -9999 -9999 -9999 -9999 -9999 -9999 -9999 -9999 -9999 -9999 -9999 -9999 -9999 -9999 -9999 -9999 -9999 177 178 179 180 182 182 -9999
142 142 142 142 143 143 143 144 144 146 146 148 149 151 152 153 154 156 157 159 157 154 152 148 146 144 143 142 142 141 141 141 140 141 141 141 141 140 140 139 140 139 138 138 139 140 142 142 144 144 -9999 -9999 -9999 -9999 -9999 -9999 -9999 -9999 -9999 -9999 -9999 -9999 -9999 -9999 -9999 -9999 -9999 -9999 -9999 -9999 174 175 177 177 178 179 179 180 181 183 184 185
144 143 143 144 144 144 144 146 146 147 148 149 150 152 152 153 155 156 156 156 155 153 150 147 145 144 142 142 142 142 142 142 141 142 142 142 142 142 142 141 140 140 139 139 140 141 141 143 143 146 147 149 -9999 -9999 -9999 -9999 -9999 -9999 -9999 -9999 -9999 -9999 -9999 -9999 -9999 -9999 -9999 -9999 174 175 176 177 177 178 179 180 181 182 183 184 185 186
