data/studyarea/bio7.asc
NCOLS 462 
NROWS 586 
XLLCORNER -113 
YLLCORNER -53.1666666666667 
CELLSIZE 0.166666666666667 
NODATA_value -9999 
[rows 0 to 35 of 586, columns 82 to 163 of 462]
-9999 -9999 -9999 -9999 -9999 -9999 -9999 -9999 -9999 -9999 -9999 -9999 -9999 -9999 -9999 -9999 -9999 -9999 -9999 -9999 -9999 -9999 -9999 -9999 -9999 -9999 -9999 -9999 -9999 -9999 -9999 -9999 -9999 -9999 -9999 -9999 -9999 -9999 -9999 -9999 -9999 -9999 -9999 -9999 -9999 -9999 -9999 -9999 -9999 -9999 -9999 -9999 -9999 -9999 -9999 -9999 -9999 -9999 -9999 435 435 434 432 429 426 -9999 -9999 -9999 -9999 -9999 -9999 -9999 -9999 -9999 -9999 -9999 -9999 -9999 -9999 -9999 -9999 -9999
-9999 -9999 -9999 -9999 -9999 -9999 -9999 -9999 -9999 -9999 -9999 -9999 -9999 -9999 -9999 -9999 -9999 -9999 -9999 -9999 -9999 -9999 -9999 -9999 -9999 -9999 -9999 -9999 -9999 -9999 -9999 -9999 -9999 -9999 -9999 -9999 -9999 -9999 -9999 -9999 -9999 -9999 -9999 -9999 -9999 -9999 -9999 -9999 -9999 -9999 -9999 -9999 -9999 -9999 448 446 444 439 435 432 433 433 430 426 422 420 415 408 399 387 -9999 -9999 -9999 -9999 -9999 -9999 -9999 -9999 -9999 -9999 -9999 -9999
-9999 -9999 -9999 -9999 -9999 -9999 -9999 -9999 -9999 -9999 -9999 -9999 -9999 -9999 -9999 -9999 -9999 -9999 -9999 -9999 -9999 -9999 -9999 -9999 -9999 -9999 -9999 -9999 -9999 -9999 -9999 -9999 -9999 -9999 -9999 -9999 -9999 -9999 -9999 -9999 -9999 -9999 -9999 -9999 -9999 -9999 -9999 -9999 -9999 -9999 -9999 -9999 449 449 449 448 444 439 433 432 432 430 427 423 419 416 415 409 399 385 370 363 -9999 -9999 -9999 -9999 -9999 -9999 -9999 -9999 -9999 -9999
-9999 -9999 -9999 -9999 -9999 -9999 -9999 -9999 -9999 -9999 -9999 -9999 -9999 -9999 -9999 -9999 -9999 -9999 -9999 -9999 -9999 -9999 -9999 -9999 -9999 -9999 -9999 -9999 -9999 -9999 -9999 -9999 -9999 -9999 -9999 -9999 -9999 -9999 -9999 -9999 -9999 -9999 -9999 -9999 -9999 -9999 -9999 -9999 -9999 -9999 445 447 444 447 450 448 443 438 434 432 431 428 425 422 417 414 412 407 398 385 372 363 359 357 -9999 -9999 -9999 -9999 -9999 -9999 -9999 -9999
-9999 -9999 -9999 -9999 -9999 -9999 -9999 -9999 -9999 -9999 -9999 -9999 -9999 -9999 -9999 -9999 -9999 -9999 -9999 -9999 -9999 -9999 -9999 -9999 -9999 -9999 -9999 -9999 -9999 -9999 -9999 -9999 -9999 -9999 -9999 -9999 -9999 -9999 -9999 -9999 -9999 -9999 -9999 -9999 -9999 -9999 -9999 -9999 435 433 432 436 442 444 447 445 440 435 432 431 430 427 424 421 417 413 410 406 396 384 373 364 359 355 354 354 -9999 -9999 -9999 -9999 -9999 -9999
-9999 -9999 -9999 -9999 -9999 -9999 -9999 -9999 -9999 -9999 -9999 -9999 -9999 -9999 -9999 -9999 -9999 -9999 -9999 -9999 -9999 -9999 -9999 -9999 -9999 -9999 -9999 -9999 -9999 -9999 -9999 -9999 -9999 -9999 -9999 -9999 -9999 -9999 -9999 -9999 -9999 -9999 -9999 -9999 -9999 -9999 -9999 436 430 428 427 432 439 443 443 439 436 432 430 427 426 425 424 422 418 414 409 401 391 379 371 364 358 355 353 353 354 -9999 -9999 -9999 -9999 -9999
-9999 -9999 -9999 -9999 -9999 -9999 -9999 -9999 -9999 -9999 -9999 -9999 -9999 -9999 -9999 -9999 -9999 -9999 -9999 -9999 -9999 -9999 -9999 -9999 -9999 -9999 -9999 -9999 -9999 -9999 -9999 -9999 -9999 -9999 -9999 -9999 -9999 -9999 -9999 -9999 -9999 -9999 -9999 -9999 -9999 -9999 435 431 428 425 426 431 435 440 439 434 432 429 427 424 424 423 424 422 420 416 408 398 384 374 367 362 357 353 351 351 352 354 360 -9999 -9999 -9999
452 -9999 -9999 -9999 -9999 -9999 -9999 -9999 -9999 -9999 -9999 -9999 -9999 -9999 -9999 -9999 -9999 -9999 -9999 -9999 -9999 -9999 -9999 -9999 -9999 -9999 -9999 -9999 -9999 -9999 -9999 -9999 -9999 -9999 -9999 -9999 -9999 -9999 -9999 -9999 -9999 -9999 -9999 -9999 -9999 435 429 426 425 425 425 427 433 437 437 433 430 428 424 421 422 422 423 421 419 416 409 398 384 373 366 360 356 352 350 348 349 350 353 361 -9999 -9999
449 451 452 452 453 453 455 -9999 -9999 -9999 -9999 -9999 -9999 -9999 -9999 -9999 -9999 -9999 -9999 -9999 -9999 451 -9999 -9999 -9999 -9999 -9999 -9999 -9999 -9999 -9999 -9999 -9999 -9999 -9999 -9999 -9999 -9999 -9999 -9999 -9999 -9999 -9999 -9999 435 432 431 428 427 424 424 424 426 429 429 428 426 423 421 419 420 422 424 421 419 414 408 399 386 373 364 359 354 352 349 347 346 347 348 356 365 -9999
448 449 447 448 449 453 452 450 451 -9999 -9999 -9999 -9999 -9999 457 453 450 446 445 446 447 448 449 447 444 442 441 442 -9999 -9999 -9999 -9999 -9999 -9999 -9999 -9999 -9999 -9999 -9999 -9999 -9999 436 -9999 434 432 431 434 433 429 425 420 419 421 422 423 421 422 421 420 419 419 421 423 421 418 414 406 396 383 371 363 358 354 352 348 346 346 346 349 356 364 370
444 444 444 446 449 449 450 449 449 446 446 445 447 450 452 450 447 443 442 442 443 445 448 444 440 441 441 443 442 439 438 438 -9999 -9999 -9999 437 438 437 436 434 435 436 436 435 432 431 434 436 433 428 422 417 418 419 421 420 420 419 419 419 419 420 421 420 418 413 405 394 380 369 363 358 355 352 349 348 345 346 351 358 364 370
441 439 439 444 446 446 446 447 446 445 442 440 440 442 444 445 445 440 439 439 440 442 444 442 439 439 442 441 439 437 436 436 438 437 437 436 436 435 435 434 433 433 433 433 433 432 435 435 432 426 421 418 416 418 418 418 419 419 418 419 418 418 418 417 416 413 406 395 381 369 363 360 356 354 352 349 347 346 350 359 367 372
438 438 439 444 446 444 444 443 444 444 444 439 438 440 440 441 441 438 437 436 437 438 439 441 438 439 440 438 436 435 434 435 434 435 435 434 434 435 434 433 431 430 431 431 431 432 433 436 434 430 423 416 416 418 417 417 417 418 418 417 416 414 415 415 414 411 405 396 384 373 367 362 359 357 355 352 351 349 350 361 371 375
437 438 440 443 443 443 440 439 440 442 442 439 437 439 441 441 440 438 437 435 433 433 435 435 436 436 438 437 435 434 433 434 434 434 433 433 433 434 431 430 428 427 428 428 428 429 429 431 433 432 427 421 417 419 418 416 415 416 416 414 412 412 413 413 411 408 404 396 385 376 370 366 364 361 359 357 357 357 359 367 375 379
437 438 440 441 442 440 439 437 437 438 438 437 436 438 440 441 440 437 437 435 431 429 429 430 432 433 436 437 436 434 433 435 436 432 432 431 430 431 430 428 426 425 425 426 426 424 424 427 430 430 427 425 420 418 416 415 413 412 412 410 410 411 411 412 411 407 403 396 385 377 373 370 368 365 364 363 363 365 369 374 378 381
439 437 439 439 439 440 438 435 435 435 436 436 438 438 440 441 439 434 433 432 429 427 427 426 428 430 432 435 435 433 433 435 433 431 430 429 428 428 427 426 425 424 424 425 423 422 421 424 427 429 425 421 415 413 413 413 411 409 407 407 408 409 410 411 409 406 403 398 388 381 377 375 373 371 369 369 369 371 375 378 380 383
438 438 436 438 440 440 438 437 434 434 434 435 435 437 438 439 436 432 429 430 428 428 427 426 428 429 431 432 434 433 433 432 429 428 428 427 427 426 426 427 425 424 424 426 424 422 421 423 426 425 420 414 408 408 410 411 409 408 406 406 407 408 409 408 407 405 403 401 393 387 382 380 379 378 375 374 373 374 376 379 382 384
435 434 435 435 440 441 438 435 433 432 433 434 434 435 435 435 432 428 425 426 427 426 427 427 429 431 431 430 431 431 430 429 426 424 424 425 424 424 425 425 424 424 426 427 425 421 421 421 422 420 414 407 401 404 407 409 409 409 408 408 408 407 405 405 405 405 404 401 396 391 389 386 385 383 381 378 379 380 381 382 382 383
432 433 433 435 439 441 437 434 431 432 433 434 433 431 432 433 430 428 422 418 421 424 428 431 431 432 432 430 427 426 426 426 425 424 422 424 424 423 422 423 422 423 425 425 422 420 419 419 418 416 411 405 404 404 407 410 410 409 410 411 410 406 401 402 404 407 405 402 399 396 393 391 389 388 386 384 385 386 387 385 384 384
431 433 435 437 441 441 436 432 429 430 432 430 427 424 427 432 431 428 422 419 419 423 428 431 431 432 431 429 427 423 423 424 424 425 425 425 424 421 420 418 418 418 422 424 422 418 417 417 415 414 409 406 403 404 406 406 408 409 409 412 410 405 399 400 403 404 404 403 400 398 396 395 392 391 389 389 388 390 389 386 385 385
430 436 440 439 440 436 432 429 426 428 429 428 425 424 426 429 430 429 425 421 422 426 429 430 431 430 430 430 425 420 420 423 425 427 428 429 426 421 416 413 414 414 417 420 419 416 413 413 411 412 410 407 405 404 405 406 407 407 408 409 407 404 400 399 401 402 403 402 401 399 398 395 394 392 391 390 390 390 387 385 385 385
429 433 437 437 436 432 429 428 428 428 428 427 424 424 425 429 429 428 426 424 424 428 429 429 429 427 428 426 422 418 417 421 424 426 428 427 425 420 415 412 411 414 416 418 417 414 412 410 410 410 408 406 405 404 405 406 406 405 405 406 405 401 399 399 399 401 401 402 400 399 397 396 394 392 391 391 391 389 387 385 385 385
426 430 433 434 433 430 429 430 429 428 426 425 424 422 424 426 425 427 428 427 427 428 428 428 427 424 423 421 418 416 415 417 422 424 425 425 422 417 414 412 412 413 416 417 417 415 413 412 410 410 407 405 405 405 406 406 404 402 401 401 402 401 399 398 397 399 401 399 397 396 396 395 394 392 391 390 389 389 386 383 384 385
421 426 429 431 431 431 429 429 428 427 425 423 422 421 421 423 425 426 429 430 426 427 427 426 426 424 422 419 417 415 415 417 418 422 423 421 418 414 411 412 410 413 415 417 417 417 414 412 410 409 407 405 405 406 406 405 404 401 400 399 399 399 399 398 396 396 395 394 392 391 392 392 392 391 390 389 388 387 384 383 383 383
419 424 427 430 431 431 430 429 429 426 423 423 423 423 423 422 424 426 428 429 427 426 427 427 425 425 422 419 417 418 418 419 419 420 420 418 415 411 409 410 410 411 415 415 416 416 415 410 408 407 406 405 404 403 406 407 405 401 399 398 399 398 397 397 395 393 390 388 388 387 388 389 390 390 390 388 388 386 385 385 384 382
427 428 429 431 430 431 430 428 427 425 424 423 425 426 425 425 425 424 426 427 426 426 427 427 425 423 420 418 417 421 421 424 420 419 419 415 413 409 408 408 408 409 411 412 412 413 412 409 406 405 405 403 401 402 403 405 402 398 397 396 396 396 396 397 395 390 386 385 385 386 387 388 388 388 386 385 386 385 384 384 383 380
437 435 434 434 434 433 432 429 427 425 423 423 426 429 428 429 428 425 424 424 425 426 426 424 422 420 418 417 417 419 422 424 420 416 414 413 411 408 406 406 406 406 407 408 407 407 408 405 401 402 402 401 398 400 400 399 398 397 395 395 395 395 395 395 393 390 386 385 385 385 387 388 386 385 382 382 383 382 382 381 381 377
437 438 436 434 434 435 435 433 430 426 423 423 425 428 430 431 430 425 422 422 421 422 422 420 418 415 415 416 417 421 422 422 421 414 413 410 408 406 405 404 404 404 405 406 404 403 403 399 393 396 397 397 397 397 394 394 393 394 394 393 394 393 393 392 392 392 389 386 385 385 386 387 385 382 379 378 379 378 380 380 379 377
442 444 443 439 439 439 438 436 431 425 423 422 425 428 430 432 430 427 422 418 418 418 418 416 411 409 411 414 417 417 419 419 417 414 411 408 405 404 403 404 403 402 404 405 405 404 399 394 394 395 394 395 396 392 389 389 390 391 392 393 393 392 392 391 391 391 391 388 386 385 385 385 383 380 378 377 377 377 377 378 378 377
443 445 445 445 443 442 441 437 430 423 421 423 425 426 427 428 429 424 420 416 414 415 415 411 408 407 404 408 412 411 412 413 412 410 406 404 402 401 403 404 401 400 402 404 405 405 402 397 398 399 395 395 394 390 388 388 390 391 392 392 392 392 391 391 390 390 389 387 386 385 385 385 382 380 378 376 376 375 374 375 376 377
442 443 445 445 444 442 440 437 430 423 418 420 424 425 424 426 423 421 417 413 412 411 410 408 404 401 398 399 403 405 406 406 406 406 405 403 401 399 403 404 400 396 398 401 403 404 403 401 397 398 400 396 396 391 389 389 390 391 391 392 392 391 391 390 390 388 387 386 385 385 385 385 382 381 378 377 375 374 372 372 372 374
435 435 437 438 439 439 439 437 430 425 420 420 422 422 420 420 422 418 415 411 409 407 405 404 401 397 395 391 390 398 402 402 401 401 402 402 402 401 404 402 398 395 395 397 400 402 402 402 398 395 399 400 397 394 392 389 389 390 391 392 390 389 390 389 390 389 387 386 385 386 385 384 382 381 379 376 372 370 368 368 367 370
432 434 434 435 437 438 439 437 431 425 421 420 421 420 417 414 414 412 411 409 407 404 401 400 397 395 391 388 389 394 399 401 398 398 398 398 404 404 404 403 399 396 393 395 398 399 400 399 397 397 396 400 398 395 391 388 387 388 389 390 389 388 388 389 390 389 387 386 385 384 384 383 381 380 378 375 370 368 367 365 366 368
428 430 429 430 431 433 434 434 429 423 420 421 422 419 415 412 411 410 408 405 404 402 400 398 395 394 392 388 390 394 398 399 399 398 397 396 401 403 403 401 397 394 391 394 399 400 400 395 391 392 397 398 397 393 389 387 385 385 386 387 386 387 387 387 388 387 386 384 382 382 381 380 380 379 376 373 369 367 366 366 366 367
432 430 427 426 427 428 430 429 426 421 417 419 420 418 415 413 413 411 407 406 405 404 402 399 396 394 394 393 394 399 402 402 402 400 395 396 401 401 399 396 394 393 389 393 399 401 401 398 391 389 393 397 396 389 385 384 381 380 382 384 385 385 386 386 387 385 382 380 380 378 376 376 378 377 375 371 369 368 366 366 365 366
435 430 425 423 423 424 425 426 424 419 416 416 417 418 415 414 413 412 409 408 407 407 407 403 399 398 400 398 399 405 405 403 402 400 399 399 399 399 396 393 394 392 393 395 400 401 403 397 397 396 396 396 394 390 385 382 377 377 380 382 383 383 383 383 382 380 380 379 377 376 374 374 376 375 373 370 369 368 365 363 363 363
