data/studyarea/bio7.asc
NCOLS 462 
NROWS 586 
XLLCORNER -113 
YLLCORNER -53.1666666666667 
CELLSIZE 0.166666666666667 
NODATA_value -9999 
[rows 360 to 395 of 586, columns 328 to 409 of 462]
187 187 187 185 183 180 177 175 170 167 167 170 176 180 177 177 178 181 184 186 189 192 195 199 202 205 209 211 215 217 220 222 222 218 210 200 193 186 181 175 171 169 167 164 161 159 156 153 151 149 147 145 144 143 140 139 139 140 144 144 146 148 152 155 158 161 164 166 168 171 173 176 180 183 187 191 196 200 203 207 208 207
187 188 189 188 186 183 180 176 172 171 172 175 178 179 179 180 181 183 185 187 190 193 196 199 202 205 209 211 213 217 219 221 221 219 208 198 191 185 180 175 171 168 166 164 162 159 157 154 152 149 148 146 145 144 141 139 138 139 142 144 146 148 153 158 161 164 167 168 171 172 174 176 182 187 192 195 199 204 209 213 218 216
188 189 190 191 189 185 182 178 175 175 175 177 179 181 181 182 182 185 186 188 190 193 196 199 202 204 208 209 212 215 216 217 217 213 205 196 189 184 179 174 170 167 166 163 161 159 157 154 152 149 149 147 146 145 143 141 140 141 144 149 153 155 159 164 165 168 169 171 172 173 175 178 184 189 194 199 202 207 214 220 226 221
189 189 191 193 190 186 184 180 178 177 177 178 181 182 182 183 184 186 187 189 191 194 196 198 201 204 206 208 210 212 212 213 211 207 201 194 187 182 177 173 169 167 166 163 161 159 158 155 153 152 151 150 148 148 146 145 144 145 149 154 161 167 171 174 172 171 173 174 176 176 176 179 186 191 196 200 204 209 215 223 224 217
188 189 190 191 190 188 184 182 179 178 178 179 180 182 183 184 184 185 187 189 191 193 196 198 200 203 204 206 207 207 208 207 205 202 196 190 185 181 176 172 169 167 165 164 163 160 158 157 155 154 153 153 153 152 151 150 150 151 155 161 169 177 183 180 177 175 176 178 179 180 178 179 184 189 195 201 206 210 215 222 221 216
187 188 189 189 188 187 185 182 180 179 180 180 181 182 183 184 185 186 187 189 190 192 194 197 199 200 202 203 203 204 203 202 200 198 192 187 183 178 175 170 168 167 165 164 162 161 160 159 158 157 157 158 158 159 159 158 156 158 161 166 173 180 183 183 180 177 176 177 180 181 181 180 182 187 192 198 204 209 214 219 218 214
186 187 188 188 187 186 184 182 180 180 179 180 181 182 183 183 184 186 187 188 190 192 193 195 197 198 199 200 200 201 199 197 196 194 189 185 182 177 173 170 168 167 165 164 163 162 161 161 160 160 160 162 163 165 167 166 165 165 169 173 176 182 184 183 180 180 179 178 180 181 182 183 182 187 192 197 201 206 211 215 215 213
184 185 186 185 185 185 183 181 181 180 179 180 180 181 183 183 184 186 187 188 189 190 191 193 194 196 196 196 196 197 196 195 193 190 187 183 179 175 172 170 168 167 166 164 164 163 163 163 163 163 165 166 168 170 173 173 173 172 174 178 182 183 185 182 179 181 180 178 180 181 182 183 183 186 190 194 200 204 209 212 213 209
184 184 184 185 184 183 182 181 180 179 179 180 181 181 182 182 184 185 185 187 187 189 190 191 192 192 194 194 193 194 193 192 189 187 184 181 177 174 171 169 167 166 166 164 163 164 163 164 165 166 167 169 171 173 175 178 178 178 180 183 185 188 187 184 182 182 180 179 179 180 181 181 183 185 189 192 197 202 206 206 211 208
182 183 183 183 182 182 181 181 179 179 179 179 179 180 181 181 183 183 185 186 187 188 189 189 190 190 191 192 191 190 189 188 186 184 181 179 176 172 171 168 167 167 166 165 165 165 165 166 167 169 170 172 174 176 179 181 183 183 187 188 192 193 192 189 185 183 181 178 178 178 178 179 181 184 188 192 196 200 202 202 207 208
181 182 181 182 182 180 180 179 179 179 179 179 179 180 180 182 182 183 184 184 186 186 186 187 188 188 189 188 188 188 186 185 183 182 180 176 174 172 169 168 165 165 165 165 165 165 166 167 169 170 171 173 177 179 182 184 186 189 194 196 200 200 193 190 186 183 178 178 175 174 176 178 178 180 186 189 192 196 198 200 207 204
180 181 181 181 180 180 179 178 178 178 178 178 178 179 180 182 181 182 183 183 185 185 186 186 186 186 187 186 186 185 184 182 181 179 177 174 173 171 168 166 165 164 164 164 165 166 167 168 169 171 173 176 179 180 183 185 189 193 198 203 206 203 196 191 186 181 175 175 173 173 173 174 175 179 183 186 189 192 192 199 204 203
181 180 180 179 179 178 178 178 176 177 177 177 178 180 180 180 181 182 182 184 184 184 185 185 185 185 185 -9999 -9999 183 182 181 180 178 177 174 171 169 167 165 164 164 164 164 165 167 167 169 171 173 174 177 179 182 185 187 191 195 201 206 210 207 198 191 184 177 172 171 170 169 169 170 173 176 179 182 185 187 190 197 200 200
180 180 179 178 177 177 176 176 175 176 176 177 178 179 180 180 181 182 182 183 184 184 184 184 184 183 184 -9999 -9999 -9999 -9999 179 177 176 175 173 171 168 167 165 163 163 164 164 165 166 167 169 171 173 175 177 179 183 185 187 191 193 199 204 209 208 196 186 180 174 169 168 167 166 167 166 170 171 176 180 183 185 188 194 193 195
181 180 180 177 177 175 175 174 174 175 175 175 177 178 179 181 182 182 183 182 183 184 184 184 184 183 183 -9999 -9999 -9999 -9999 -9999 -9999 -9999 174 173 170 168 166 164 162 162 163 164 165 166 168 169 172 174 176 177 180 184 184 188 191 193 194 197 198 195 187 179 173 169 163 164 163 163 164 162 166 169 173 179 181 183 188 191 187 187
181 180 179 177 176 173 172 172 172 173 173 174 176 178 179 180 181 182 183 183 183 185 184 184 183 183 -9999 -9999 -9999 -9999 -9999 -9999 -9999 -9999 -9999 -9999 -9999 -9999 -9999 -9999 -9999 -9999 -9999 163 164 166 168 170 172 174 176 178 181 183 187 188 191 192 192 189 186 179 172 170 166 164 163 159 161 160 159 158 165 168 173 177 180 184 189 187 186 183
182 181 179 176 174 172 170 170 170 171 172 174 175 177 179 180 182 182 183 183 184 185 186 184 183 182 -9999 -9999 -9999 -9999 -9999 -9999 -9999 -9999 -9999 -9999 -9999 -9999 -9999 -9999 -9999 -9999 -9999 164 165 166 167 170 172 174 176 179 182 184 187 189 191 192 190 186 182 172 165 163 165 162 160 158 157 156 155 158 163 167 170 177 180 184 187 186 185 185
184 182 180 176 171 169 168 167 168 169 171 172 174 176 179 180 182 183 183 183 184 186 185 183 182 -9999 -9999 -9999 -9999 -9999 -9999 -9999 -9999 -9999 -9999 -9999 -9999 -9999 -9999 -9999 -9999 -9999 -9999 -9999 166 168 169 170 172 174 176 179 182 185 187 189 190 190 189 184 181 175 169 166 164 161 158 158 155 154 155 158 163 166 171 177 180 185 186 186 185 188
186 183 180 175 170 166 165 164 166 167 170 172 173 176 177 180 182 183 185 184 183 184 183 182 180 -9999 -9999 -9999 -9999 -9999 -9999 -9999 -9999 -9999 -9999 -9999 -9999 -9999 -9999 -9999 -9999 -9999 -9999 -9999 -9999 168 169 171 172 174 175 179 181 185 188 189 189 187 187 182 176 173 169 166 165 163 160 157 154 153 156 162 165 169 172 177 180 185 187 187 186 190
187 186 183 175 167 163 162 162 164 166 167 170 173 175 177 179 182 185 184 184 183 181 180 180 -9999 -9999 -9999 -9999 -9999 -9999 -9999 -9999 -9999 -9999 -9999 -9999 -9999 -9999 -9999 -9999 -9999 -9999 -9999 -9999 -9999 -9999 171 172 172 173 175 177 180 184 187 189 191 189 185 183 179 173 167 165 164 164 162 160 156 158 161 167 168 173 176 177 183 186 189 189 191 191
189 188 188 177 162 160 161 162 163 166 166 169 172 174 177 179 181 183 184 183 181 180 178 178 -9999 -9999 -9999 -9999 -9999 -9999 -9999 -9999 -9999 -9999 -9999 -9999 -9999 -9999 -9999 -9999 -9999 -9999 -9999 -9999 -9999 172 172 173 171 171 173 176 179 182 186 189 192 191 186 182 178 175 170 166 164 162 163 163 161 163 168 170 171 175 177 181 186 188 190 191 191 192
190 187 185 175 162 161 161 162 165 165 167 169 171 174 175 178 179 181 182 181 179 178 177 176 -9999 -9999 -9999 -9999 -9999 -9999 -9999 -9999 -9999 -9999 -9999 -9999 -9999 -9999 -9999 -9999 -9999 -9999 -9999 -9999 175 174 174 173 173 173 175 175 179 182 185 188 190 190 186 183 179 174 173 169 166 167 166 166 165 167 168 174 174 178 179 185 189 190 190 190 189 190
189 186 182 174 170 164 163 164 165 166 168 170 171 172 175 177 178 179 180 179 178 175 175 174 174 173 -9999 -9999 -9999 -9999 -9999 -9999 -9999 -9999 -9999 -9999 -9999 -9999 -9999 -9999 -9999 -9999 -9999 178 177 177 175 175 177 178 180 179 180 182 185 188 189 187 186 183 179 174 172 169 167 165 167 168 170 171 172 177 178 178 184 188 192 191 191 190 189 190
188 185 181 175 170 167 165 166 166 167 169 171 171 173 175 177 178 178 177 177 176 175 173 173 172 172 171 171 -9999 -9999 -9999 -9999 -9999 -9999 -9999 -9999 -9999 -9999 -9999 -9999 -9999 -9999 180 180 180 178 177 178 179 181 183 183 183 185 187 188 188 186 185 183 181 178 172 169 167 164 163 168 169 172 177 179 178 183 191 196 195 194 192 191 190 190
188 185 181 177 173 170 168 168 168 169 169 171 173 174 175 176 177 177 175 175 174 173 171 170 170 170 169 169 170 171 -9999 -9999 -9999 -9999 -9999 -9999 -9999 -9999 -9999 -9999 -9999 180 182 183 181 180 179 180 182 184 184 186 187 188 189 188 187 185 184 183 181 179 174 169 166 164 163 165 165 169 179 184 184 187 195 200 198 196 194 193 191 190
190 186 183 179 175 172 171 170 170 171 172 173 175 176 176 177 177 175 174 172 171 170 169 169 168 168 168 168 169 170 170 -9999 -9999 -9999 -9999 -9999 -9999 -9999 -9999 -9999 -9999 182 183 184 182 182 182 184 184 186 187 188 188 189 189 189 188 187 184 183 182 179 177 172 166 161 160 159 160 168 179 181 189 196 202 204 202 199 195 194 193 191
190 188 186 181 179 177 175 173 173 174 175 176 177 178 179 178 177 175 173 171 170 169 167 166 166 166 167 167 168 169 170 170 -9999 -9999 -9999 -9999 -9999 -9999 -9999 -9999 182 183 184 185 184 184 185 185 187 187 189 189 190 191 191 191 190 188 185 183 180 179 176 173 169 164 157 160 160 165 175 186 190 207 210 207 204 199 194 194 194 192
192 190 188 185 182 180 178 176 176 177 178 179 179 181 181 180 178 176 172 170 168 167 165 163 164 165 166 166 168 169 169 171 171 -9999 -9999 -9999 -9999 -9999 -9999 -9999 182 184 186 186 188 188 188 188 188 188 190 190 190 190 191 192 191 188 186 182 180 177 175 171 169 167 158 155 161 167 179 194 201 209 211 208 204 197 193 192 193 192
193 192 190 187 184 182 181 180 179 180 180 181 182 184 184 183 178 176 173 169 167 165 162 162 163 164 165 166 167 168 170 170 171 172 -9999 -9999 -9999 -9999 -9999 180 182 184 186 189 192 192 191 189 188 189 189 190 190 190 191 190 191 188 186 182 178 176 173 166 154 150 162 162 171 169 171 185 201 206 208 206 202 195 190 191 191 189
195 194 191 189 187 185 184 183 182 182 182 184 184 186 188 186 179 177 173 168 166 163 159 161 162 163 164 166 167 168 169 170 171 172 173 -9999 -9999 -9999 -9999 179 181 183 187 190 193 193 193 192 190 188 188 188 189 189 189 189 188 186 184 182 178 174 172 165 150 144 151 153 175 179 174 185 197 202 202 201 198 192 188 187 187 186
195 193 192 189 188 187 186 184 183 183 185 186 186 187 188 186 182 177 173 169 167 164 161 161 161 163 164 166 167 168 169 170 171 172 173 -9999 -9999 -9999 178 179 181 183 187 192 193 194 193 192 191 189 188 187 187 188 187 187 186 184 182 180 178 171 167 165 152 142 149 153 169 178 186 184 187 195 194 198 196 193 186 184 184 183
196 195 193 191 189 187 187 186 184 184 186 186 187 188 187 185 182 178 174 169 168 165 163 163 162 164 165 166 167 168 168 170 171 172 173 175 -9999 -9999 179 180 181 183 189 192 193 194 194 193 192 190 187 187 186 186 185 184 183 182 180 180 178 175 169 161 160 158 157 154 168 175 182 188 192 194 196 196 195 191 185 182 180 180
196 195 194 191 190 189 188 187 186 184 185 187 188 189 188 185 183 178 174 170 168 166 165 165 165 165 166 167 168 169 170 170 171 172 174 176 -9999 -9999 180 181 181 185 189 192 194 194 195 194 193 191 190 187 186 185 183 181 180 180 179 178 178 178 176 169 159 159 163 161 165 167 174 181 187 192 192 192 194 192 187 182 178 179
197 195 194 193 192 190 188 189 188 185 186 188 188 188 187 186 182 178 173 171 169 169 167 167 166 166 167 168 168 168 170 172 173 174 176 178 179 -9999 184 185 186 188 191 193 194 195 195 195 194 193 192 190 188 188 186 181 179 178 179 178 179 181 181 181 176 170 167 163 165 168 174 177 184 192 196 196 196 193 190 184 179 179
198 197 195 193 192 192 191 190 188 187 188 189 190 189 188 187 182 179 177 174 173 172 169 169 168 168 168 169 170 171 172 174 175 176 178 180 182 -9999 188 188 190 191 192 193 194 195 195 195 196 195 194 192 191 190 188 183 181 179 179 179 180 182 181 182 183 180 169 170 176 176 179 183 187 192 196 197 197 196 192 187 182 181
199 196 195 194 193 193 191 190 189 188 189 189 190 190 188 187 184 182 181 178 176 174 173 173 171 171 171 171 172 173 175 176 177 179 181 183 185 187 190 191 191 192 194 195 195 196 196 197 196 196 195 194 193 192 191 187 184 183 182 180 180 183 183 183 184 183 184 185 183 181 179 183 188 194 198 200 200 200 195 191 188 184
