data/studyarea/bio8.asc
NCOLS 462 
NROWS 586 
XLLCORNER -113 
YLLCORNER -53.1666666666667 
CELLSIZE 0.166666666666667 
NODATA_value -9999 
[rows 36 to 71 of 586, columns 164 to 245 of 462]
123 121 120 119 120 118 117 117 116 116 206 204 203 201 201 201 203 206 208 207 205 204 205 226 225 222 218 215 209 183 -9999 -9999 -9999 162 165 163 166 173 172 203 210 208 207 203 209 231 233 234 234 238 240 240 239 238 239 235 236 235 234 231 229 227 227 227 -9999 -9999 -9999 -9999 -9999 -9999 -9999 -9999 -9999 -9999 -9999 -9999 -9999 -9999 -9999 -9999 -9999 -9999
125 123 121 120 121 121 120 119 118 207 206 206 205 202 200 200 202 203 206 205 204 203 203 204 203 200 215 212 206 180 174 164 159 171 172 172 179 180 184 206 213 205 213 224 232 232 233 233 235 237 239 242 244 242 235 237 237 237 234 231 229 229 228 228 -9999 -9999 -9999 -9999 -9999 -9999 -9999 -9999 -9999 -9999 -9999 -9999 -9999 -9999 -9999 -9999 -9999 -9999
128 126 212 210 212 212 122 211 210 208 207 207 206 204 201 201 201 203 204 204 203 203 201 200 198 194 193 189 179 172 164 168 175 174 181 183 189 188 189 207 210 213 226 227 232 233 234 235 235 237 239 242 243 236 237 238 239 238 236 234 231 230 230 -9999 -9999 -9999 -9999 -9999 -9999 -9999 -9999 -9999 -9999 -9999 -9999 -9999 -9999 -9999 -9999 -9999 -9999 -9999
130 128 213 213 213 215 214 213 212 211 209 207 205 205 204 202 203 203 203 205 203 203 199 195 190 187 186 186 174 172 175 181 179 182 186 194 191 197 194 113 208 220 226 228 235 234 234 235 236 238 240 241 242 236 237 238 239 240 239 236 234 232 232 -9999 -9999 -9999 -9999 -9999 -9999 -9999 -9999 -9999 -9999 -9999 -9999 -9999 -9999 -9999 -9999 -9999 -9999 -9999
133 130 128 213 213 215 216 215 213 212 209 206 207 207 207 206 204 205 204 206 206 200 198 191 186 185 182 180 183 180 185 183 182 193 195 200 198 206 191 198 208 225 227 227 234 235 235 235 236 239 241 241 242 236 237 238 240 -9999 239 237 235 234 -9999 -9999 -9999 -9999 -9999 -9999 -9999 -9999 -9999 -9999 -9999 -9999 -9999 -9999 -9999 -9999 -9999 -9999 -9999 -9999
133 132 129 212 211 213 214 214 212 209 208 207 209 210 210 207 206 207 207 206 205 203 199 196 191 188 182 180 188 190 186 181 184 193 204 205 202 203 208 211 213 226 226 226 227 235 235 237 231 234 235 235 236 236 237 239 239 -9999 238 237 237 -9999 -9999 -9999 -9999 -9999 -9999 -9999 -9999 -9999 -9999 -9999 -9999 -9999 -9999 -9999 -9999 -9999 -9999 -9999 -9999 -9999
133 132 130 211 211 211 210 211 209 207 205 207 207 210 209 207 205 206 207 207 203 200 197 194 191 186 183 187 189 189 176 181 188 198 207 206 203 211 213 214 213 225 226 226 227 235 236 237 232 236 237 236 236 236 237 239 240 240 239 239 238 -9999 -9999 -9999 -9999 -9999 -9999 -9999 -9999 -9999 -9999 -9999 -9999 -9999 -9999 -9999 -9999 -9999 -9999 -9999 -9999 -9999
220 219 216 213 212 210 211 210 209 208 206 206 205 207 207 206 204 202 201 201 200 197 191 186 188 182 184 185 184 188 190 189 195 202 223 223 213 214 214 214 227 226 227 227 227 235 237 239 233 236 236 237 236 236 238 240 240 241 241 240 -9999 -9999 -9999 -9999 -9999 -9999 -9999 -9999 -9999 -9999 -9999 -9999 -9999 -9999 -9999 -9999 -9999 -9999 -9999 -9999 -9999 -9999
219 218 216 212 211 211 211 210 208 207 206 205 204 204 202 202 202 194 197 197 195 193 189 186 181 175 178 182 185 189 191 189 189 205 222 225 225 226 227 228 229 229 229 228 234 236 236 238 240 235 235 236 243 244 245 242 243 -9999 242 -9999 -9999 -9999 -9999 -9999 -9999 -9999 -9999 -9999 -9999 -9999 -9999 -9999 -9999 -9999 -9999 -9999 -9999 -9999 -9999 -9999 -9999 -9999
217 216 215 213 212 210 210 208 208 207 208 205 200 198 197 192 188 194 186 196 197 192 185 183 186 181 183 186 190 188 183 184 189 204 221 224 225 224 228 229 230 232 238 237 237 236 237 238 240 242 243 243 243 244 240 243 245 244 243 -9999 -9999 -9999 -9999 -9999 -9999 -9999 -9999 -9999 -9999 -9999 -9999 -9999 -9999 -9999 -9999 -9999 -9999 -9999 -9999 -9999 -9999 -9999
218 217 214 211 209 208 207 206 208 209 207 204 203 196 198 198 199 198 205 201 199 195 195 191 180 174 176 182 187 185 185 181 201 209 223 223 226 227 229 238 240 240 240 240 239 238 238 239 241 243 243 243 244 243 240 242 244 244 244 -9999 -9999 -9999 -9999 -9999 -9999 -9999 -9999 -9999 -9999 -9999 -9999 -9999 -9999 -9999 -9999 -9999 -9999 -9999 -9999 -9999 -9999 -9999
135 135 134 212 126 204 204 202 203 206 201 202 204 203 203 204 205 207 210 208 203 200 186 178 166 176 179 183 187 196 203 204 209 212 213 216 238 241 242 241 241 241 241 242 241 240 240 241 244 245 244 244 244 244 239 242 243 244 244 -9999 -9999 -9999 -9999 -9999 -9999 -9999 -9999 -9999 -9999 -9999 -9999 -9999 -9999 -9999 -9999 -9999 -9999 -9999 -9999 -9999 -9999 -9999
137 134 133 131 126 125 124 122 120 125 208 208 207 206 206 207 210 208 207 208 205 188 182 175 171 177 179 189 200 210 212 212 214 217 219 239 240 242 242 241 239 240 241 241 241 241 242 244 246 246 244 244 244 245 240 242 242 243 244 245 -9999 -9999 -9999 -9999 -9999 -9999 -9999 -9999 -9999 -9999 -9999 -9999 -9999 -9999 -9999 -9999 -9999 -9999 -9999 -9999 -9999 -9999
136 134 131 126 126 126 123 120 120 132 132 211 210 210 210 212 212 207 206 198 192 180 176 172 177 188 204 209 211 214 217 219 221 223 240 240 242 242 241 240 240 242 243 242 242 243 244 246 247 246 244 244 244 245 241 242 242 244 245 246 -9999 -9999 -9999 -9999 -9999 -9999 -9999 -9999 -9999 -9999 -9999 -9999 -9999 -9999 -9999 -9999 -9999 -9999 -9999 -9999 -9999 -9999
137 133 127 125 126 127 128 124 131 48 47 217 213 211 214 213 211 200 186 184 177 165 167 184 196 209 210 208 213 217 221 224 226 243 243 243 244 244 242 241 243 245 244 244 244 244 245 247 247 246 245 244 245 247 247 243 244 244 246 247 248 -9999 -9999 -9999 -9999 -9999 -9999 -9999 -9999 -9999 -9999 -9999 -9999 -9999 -9999 -9999 -9999 -9999 -9999 -9999 -9999 -9999
138 135 128 126 125 127 46 49 50 51 53 217 213 211 208 206 199 193 179 178 104 105 185 208 216 214 216 216 218 221 224 227 229 228 246 244 243 243 243 243 246 246 247 245 246 246 247 248 248 247 246 247 248 248 249 249 245 246 248 249 249 -9999 -9999 -9999 -9999 -9999 -9999 -9999 -9999 -9999 -9999 -9999 -9999 -9999 -9999 -9999 -9999 -9999 -9999 -9999 -9999 -9999
138 133 129 130 128 49 49 51 52 54 54 48 44 120 105 110 104 211 215 175 168 123 211 218 218 222 222 222 222 223 226 228 230 247 248 245 243 241 244 246 247 247 249 249 248 248 248 248 248 249 249 249 249 250 250 250 247 247 249 249 250 250 -9999 -9999 -9999 -9999 -9999 -9999 -9999 -9999 -9999 -9999 -9999 -9999 -9999 -9999 -9999 -9999 -9999 -9999 -9999 -9999
131 129 48 44 52 53 51 51 55 54 42 30 19 92 96 101 110 208 216 207 120 134 216 211 217 223 225 225 226 226 227 246 248 247 247 246 246 245 247 248 248 248 249 249 249 250 250 249 249 249 250 251 251 252 252 252 248 249 249 250 -9999 251 -9999 -9999 -9999 -9999 -9999 -9999 -9999 -9999 -9999 -9999 -9999 -9999 -9999 -9999 -9999 -9999 -9999 -9999 -9999 -9999
43 47 47 54 57 55 54 54 53 38 37 37 39 37 36 98 99 107 215 213 222 145 223 221 224 225 227 66 66 248 248 247 247 248 247 248 248 248 248 248 250 249 249 249 251 252 252 250 249 249 251 251 253 253 253 249 249 249 250 -9999 252 252 -9999 -9999 -9999 -9999 -9999 -9999 -9999 -9999 -9999 -9999 -9999 -9999 -9999 -9999 -9999 -9999 -9999 -9999 -9999 -9999
47 51 51 59 58 58 55 51 44 32 32 32 30 41 35 33 102 119 122 219 140 68 68 68 68 67 68 70 69 249 249 249 250 251 251 249 249 249 250 251 251 250 249 250 251 252 253 251 249 250 252 253 254 250 251 251 250 250 -9999 253 253 -9999 -9999 -9999 -9999 -9999 -9999 -9999 -9999 -9999 -9999 -9999 -9999 -9999 -9999 -9999 -9999 -9999 -9999 -9999 -9999 -9999
58 53 62 60 59 59 51 47 46 48 44 36 27 41 32 34 49 49 60 66 69 71 70 69 69 69 70 71 72 249 248 249 251 254 254 252 251 251 251 251 252 251 250 250 250 251 252 251 251 251 253 250 251 252 252 252 253 253 252 253 -9999 -9999 -9999 -9999 -9999 -9999 -9999 -9999 -9999 -9999 -9999 -9999 -9999 -9999 -9999 -9999 -9999 -9999 -9999 -9999 -9999 -9999
54 56 62 61 61 58 40 47 49 47 45 42 41 46 51 59 69 70 71 72 73 73 73 72 72 72 72 73 251 249 247 248 252 253 255 254 253 253 252 251 251 251 250 250 251 251 252 252 252 253 254 252 254 253 253 253 253 253 -9999 -9999 -9999 -9999 -9999 -9999 -9999 -9999 -9999 -9999 -9999 -9999 -9999 -9999 -9999 -9999 -9999 -9999 -9999 -9999 -9999 -9999 -9999 -9999
55 54 60 60 63 60 50 48 44 41 42 45 53 58 65 70 74 74 75 75 75 75 74 74 74 75 74 251 251 250 248 249 252 255 257 257 256 255 252 250 250 250 250 251 251 253 253 254 254 252 252 253 254 253 253 254 -9999 -9999 -9999 -9999 -9999 -9999 -9999 -9999 -9999 -9999 -9999 -9999 -9999 -9999 -9999 -9999 -9999 -9999 -9999 -9999 -9999 -9999 -9999 -9999 -9999 -9999
55 57 62 61 65 65 59 52 48 54 58 60 63 66 74 74 76 77 76 76 77 76 76 76 77 77 76 253 253 250 249 251 252 255 257 259 257 256 253 250 250 250 250 251 252 253 255 256 252 253 253 254 -9999 -9999 254 254 -9999 -9999 -9999 -9999 -9999 -9999 -9999 -9999 -9999 -9999 -9999 -9999 -9999 -9999 -9999 -9999 -9999 -9999 -9999 -9999 -9999 -9999 -9999 -9999 -9999 -9999
61 66 66 67 66 66 61 60 60 64 67 67 69 74 76 76 77 78 78 78 78 78 78 78 80 80 255 255 255 252 251 253 254 256 258 259 258 257 254 252 251 251 251 252 254 256 253 253 254 254 -9999 -9999 -9999 -9999 -9999 -9999 -9999 -9999 -9999 -9999 -9999 -9999 -9999 -9999 -9999 -9999 -9999 -9999 -9999 -9999 -9999 -9999 -9999 -9999 -9999 -9999 -9999 -9999 -9999 -9999 -9999 -9999
70 70 71 70 69 67 65 66 67 67 70 73 75 76 77 77 78 80 80 80 80 80 80 81 82 82 257 257 255 254 254 254 256 257 259 260 260 258 256 253 253 253 253 253 250 252 254 254 -9999 -9999 -9999 -9999 -9999 -9999 -9999 -9999 -9999 -9999 -9999 -9999 -9999 -9999 -9999 -9999 -9999 -9999 -9999 -9999 -9999 -9999 -9999 -9999 -9999 -9999 -9999 -9999 -9999 -9999 -9999 -9999 -9999 -9999
110 71 72 72 71 71 69 69 69 71 73 76 78 79 79 81 81 82 83 82 82 81 82 84 85 258 259 261 259 258 258 257 258 258 259 260 260 259 257 255 255 254 254 250 251 252 254 255 -9999 -9999 -9999 -9999 -9999 -9999 -9999 -9999 -9999 -9999 -9999 -9999 -9999 -9999 -9999 -9999 -9999 -9999 -9999 -9999 -9999 -9999 -9999 -9999 -9999 -9999 -9999 -9999 -9999 -9999 -9999 -9999 -9999 -9999
108 106 72 70 70 71 72 73 73 75 76 78 80 82 82 82 84 84 85 85 83 84 84 84 257 257 259 263 263 261 261 260 259 259 259 259 259 259 259 258 257 255 251 251 252 252 254 -9999 -9999 -9999 -9999 -9999 -9999 -9999 -9999 -9999 -9999 -9999 -9999 -9999 -9999 -9999 -9999 -9999 -9999 -9999 -9999 -9999 -9999 -9999 -9999 -9999 -9999 -9999 -9999 -9999 -9999 -9999 -9999 -9999 -9999 -9999
69 71 71 71 73 74 77 77 77 79 80 82 83 85 85 84 85 86 86 85 86 86 85 86 259 259 260 261 263 263 262 260 259 259 259 258 259 259 259 259 257 256 252 -9999 -9999 -9999 -9999 -9999 -9999 -9999 -9999 -9999 -9999 -9999 -9999 -9999 -9999 -9999 -9999 -9999 -9999 -9999 -9999 -9999 -9999 -9999 -9999 -9999 -9999 -9999 -9999 -9999 -9999 -9999 -9999 -9999 -9999 -9999 -9999 -9999 -9999 -9999
73 72 73 75 77 79 80 80 82 83 84 85 87 88 88 86 87 87 87 87 88 89 88 259 260 260 261 262 263 263 262 261 259 259 259 259 259 259 259 258 257 -9999 -9999 -9999 -9999 -9999 -9999 -9999 -9999 -9999 -9999 -9999 -9999 -9999 -9999 -9999 -9999 -9999 -9999 -9999 -9999 -9999 -9999 -9999 -9999 -9999 -9999 -9999 -9999 -9999 -9999 -9999 -9999 -9999 -9999 -9999 -9999 -9999 -9999 -9999 -9999 -9999
75 75 75 79 82 82 83 83 83 85 88 89 91 91 90 89 89 89 89 89 89 91 261 260 260 261 261 262 263 263 263 262 260 260 260 260 260 260 258 258 -9999 -9999 -9999 -9999 -9999 -9999 -9999 -9999 -9999 -9999 -9999 -9999 -9999 -9999 -9999 -9999 -9999 -9999 -9999 -9999 -9999 -9999 -9999 -9999 -9999 -9999 -9999 -9999 -9999 -9999 -9999 -9999 -9999 -9999 -9999 -9999 -9999 -9999 -9999 -9999 -9999 -9999
79 78 80 84 85 85 86 86 85 87 90 93 93 94 94 92 92 92 92 92 93 258 260 261 261 261 262 262 263 263 263 262 261 261 261 261 260 259 258 258 -9999 -9999 -9999 -9999 -9999 -9999 -9999 -9999 -9999 -9999 -9999 -9999 -9999 -9999 -9999 -9999 -9999 -9999 -9999 -9999 -9999 -9999 -9999 -9999 -9999 -9999 -9999 -9999 -9999 -9999 -9999 -9999 -9999 -9999 -9999 -9999 -9999 -9999 -9999 -9999 -9999 -9999
83 84 85 88 88 88 89 88 88 89 92 96 96 96 97 95 95 94 96 97 259 259 259 261 262 262 263 263 263 262 262 263 263 263 263 263 261 260 259 -9999 -9999 -9999 -9999 -9999 -9999 -9999 -9999 -9999 -9999 -9999 -9999 -9999 -9999 -9999 -9999 -9999 -9999 -9999 -9999 -9999 -9999 -9999 -9999 -9999 -9999 -9999 -9999 -9999 -9999 -9999 -9999 -9999 -9999 -9999 -9999 -9999 -9999 -9999 -9999 -9999 -9999 -9999
87 87 90 91 90 89 91 92 93 93 96 98 99 99 100 100 97 96 99 262 261 260 260 262 264 264 264 263 263 262 263 263 264 266 266 265 263 -9999 -9999 -9999 -9999 -9999 -9999 -9999 -9999 -9999 -9999 -9999 -9999 -9999 -9999 -9999 -9999 -9999 -9999 -9999 -9999 -9999 -9999 -9999 -9999 -9999 -9999 -9999 -9999 -9999 -9999 -9999 -9999 -9999 -9999 -9999 -9999 -9999 -9999 -9999 -9999 -9999 -9999 -9999 -9999 -9999
88 89 92 94 94 94 95 97 98 98 99 102 103 102 102 102 100 100 101 262 263 263 263 263 265 266 265 264 262 262 263 264 265 267 267 266 -9999 -9999 -9999 -9999 -9999 -9999 -9999 -9999 -9999 -9999 -9999 -9999 -9999 -9999 -9999 -9999 -9999 -9999 -9999 -9999 -9999 -9999 -9999 -9999 -9999 -9999 -9999 -9999 -9999 -9999 -9999 -9999 -9999 -9999 -9999 -9999 -9999 -9999 -9999 -9999 -9999 -9999 -9999 -9999 -9999 -9999
92 92 94 132 99 99 99 98 99 102 101 103 106 104 103 103 103 103 263 264 264 264 264 265 266 267 266 264 263 264 265 265 266 267 267 -9999 -9999 -9999 -9999 -9999 -9999 -9999 -9999 -9999 -9999 -9999 -9999 -9999 -9999 -9999 -9999 -9999 -9999 -9999 -9999 -9999 -9999 -9999 -9999 -9999 -9999 -9999 -9999 -9999 -9999 -9999 -9999 -9999 -9999 -9999 -9999 -9999 -9999 -9999 -9999 -9999 -9999 -9999 -9999 -9999 -9999 -9999
