data/studyarea/bio8.asc
NCOLS 462 
NROWS 586 
XLLCORNER -113 
YLLCORNER -53.1666666666667 
CELLSIZE 0.166666666666667 
NODATA_value -9999 
[rows 252 to 287 of 586, columns 164 to 245 of 462]
-9999 -9999 -9999 -9999 -9999 -9999 -9999 -9999 -9999 -9999 -9999 -9999 -9999 -9999 -9999 -9999 -9999 -9999 -9999 -9999 -9999 -9999 -9999 -9999 -9999 -9999 -9999 -9999 -9999 -9999 -9999 -9999 -9999 -9999 -9999 -9999 -9999 -9999 -9999 -9999 -9999 -9999 260 261 262 262 262 263 247 169 190 178 185 184 162 107 87 143 200 215 231 179 147 180 231 245 251 253 256 258 247 251 260 261 264 266 268 268 271 270 269 268
-9999 -9999 -9999 -9999 -9999 -9999 -9999 -9999 -9999 -9999 -9999 -9999 -9999 -9999 -9999 -9999 -9999 -9999 -9999 -9999 -9999 -9999 -9999 -9999 -9999 -9999 -9999 -9999 -9999 -9999 -9999 -9999 -9999 -9999 -9999 -9999 -9999 -9999 -9999 -9999 -9999 260 260 260 261 262 261 262 227 150 156 190 230 189 120 77 117 164 183 225 220 132 178 209 234 250 253 254 256 258 260 256 259 261 262 263 262 267 270 269 268 267
-9999 -9999 -9999 -9999 -9999 -9999 -9999 -9999 -9999 -9999 -9999 -9999 -9999 -9999 -9999 -9999 -9999 -9999 -9999 -9999 -9999 -9999 -9999 -9999 -9999 -9999 -9999 -9999 -9999 -9999 -9999 -9999 -9999 -9999 -9999 -9999 -9999 -9999 -9999 -9999 -9999 261 260 261 261 261 260 255 232 192 169 241 207 147 86 107 150 165 201 224 175 157 212 216 245 252 250 251 255 257 260 256 257 259 260 260 261 265 267 267 268 266
-9999 -9999 -9999 -9999 -9999 -9999 -9999 -9999 -9999 -9999 -9999 -9999 -9999 -9999 -9999 -9999 -9999 -9999 -9999 -9999 -9999 -9999 -9999 -9999 -9999 -9999 -9999 -9999 -9999 -9999 -9999 -9999 -9999 -9999 -9999 -9999 -9999 -9999 -9999 -9999 -9999 260 260 260 261 260 258 241 239 203 226 239 187 117 90 154 181 201 195 198 183 193 218 254 253 253 251 251 253 255 257 254 255 257 258 259 262 264 265 265 266 265
-9999 -9999 -9999 -9999 -9999 -9999 -9999 -9999 -9999 -9999 -9999 -9999 -9999 -9999 -9999 -9999 -9999 -9999 -9999 -9999 -9999 -9999 -9999 -9999 -9999 -9999 -9999 -9999 -9999 -9999 -9999 -9999 -9999 -9999 -9999 -9999 -9999 -9999 -9999 260 260 260 260 259 259 258 252 238 224 201 232 203 146 114 137 127 159 188 190 186 228 216 243 255 254 254 252 252 254 256 258 254 256 257 258 260 261 263 263 263 263 263
-9999 -9999 -9999 -9999 -9999 -9999 -9999 -9999 -9999 -9999 -9999 -9999 -9999 -9999 -9999 -9999 -9999 -9999 -9999 -9999 -9999 -9999 -9999 -9999 -9999 -9999 -9999 -9999 -9999 -9999 -9999 -9999 -9999 -9999 -9999 -9999 -9999 -9999 -9999 261 260 259 258 255 254 252 248 217 158 220 197 162 110 118 177 160 153 167 221 233 249 237 251 253 254 254 253 254 256 257 257 253 256 256 258 259 259 262 262 262 262 261
-9999 -9999 -9999 -9999 -9999 -9999 -9999 -9999 -9999 -9999 -9999 -9999 -9999 -9999 -9999 -9999 -9999 -9999 -9999 -9999 -9999 -9999 -9999 -9999 -9999 -9999 -9999 -9999 -9999 -9999 -9999 -9999 -9999 -9999 -9999 -9999 -9999 -9999 -9999 -9999 262 260 256 250 239 231 225 203 169 181 179 163 105 156 213 199 177 189 241 251 253 253 252 252 253 253 253 255 257 257 258 254 255 257 256 258 248 258 261 261 261 261
-9999 -9999 -9999 -9999 -9999 -9999 -9999 -9999 -9999 -9999 -9999 -9999 -9999 -9999 -9999 -9999 -9999 -9999 -9999 -9999 -9999 -9999 -9999 -9999 -9999 -9999 -9999 -9999 -9999 -9999 -9999 -9999 -9999 -9999 -9999 -9999 -9999 -9999 -9999 264 265 260 254 247 230 197 180 150 154 143 126 114 119 161 217 200 218 239 250 251 252 252 252 251 252 254 253 255 257 257 258 253 255 257 257 258 256 258 259 260 259 260
-9999 -9999 -9999 -9999 -9999 -9999 -9999 -9999 -9999 -9999 -9999 -9999 -9999 -9999 -9999 -9999 -9999 -9999 -9999 -9999 -9999 -9999 -9999 -9999 -9999 -9999 -9999 -9999 -9999 -9999 -9999 -9999 -9999 -9999 -9999 -9999 259 257 259 264 264 262 249 238 216 185 150 104 119 141 107 115 143 179 228 229 249 251 250 250 250 252 252 251 252 254 253 255 257 257 258 254 255 256 257 258 259 251 258 260 259 259
-9999 -9999 -9999 -9999 -9999 -9999 -9999 -9999 -9999 -9999 -9999 -9999 -9999 -9999 -9999 -9999 -9999 -9999 -9999 -9999 -9999 -9999 -9999 -9999 -9999 -9999 -9999 -9999 -9999 -9999 -9999 -9999 -9999 -9999 257 254 252 253 256 263 262 255 232 211 189 162 90 105 116 110 104 124 180 221 241 244 248 249 250 250 251 251 252 251 251 253 254 254 256 257 258 254 255 255 256 258 258 251 257 260 259 259
-9999 -9999 -9999 -9999 -9999 -9999 -9999 -9999 -9999 -9999 -9999 -9999 -9999 -9999 -9999 -9999 -9999 -9999 -9999 -9999 -9999 -9999 -9999 -9999 -9999 -9999 -9999 -9999 -9999 -9999 -9999 -9999 -9999 252 254 249 251 252 254 259 259 239 204 201 192 129 75 106 113 110 153 200 230 243 244 244 245 248 249 250 251 252 252 251 252 253 255 255 257 258 259 260 255 255 255 256 252 256 258 259 260 259
-9999 -9999 -9999 -9999 -9999 -9999 -9999 -9999 -9999 -9999 -9999 -9999 -9999 -9999 -9999 -9999 -9999 -9999 -9999 -9999 -9999 -9999 -9999 -9999 -9999 -9999 -9999 -9999 -9999 -9999 -9999 -9999 -9999 258 257 247 252 253 248 251 234 215 188 128 137 156 115 110 108 115 194 228 237 243 243 244 246 247 246 247 248 247 253 253 253 254 255 257 258 258 258 260 255 255 251 251 253 254 257 259 260 258
-9999 -9999 -9999 -9999 -9999 -9999 -9999 -9999 -9999 -9999 -9999 -9999 -9999 -9999 -9999 -9999 -9999 -9999 -9999 -9999 -9999 -9999 -9999 -9999 -9999 -9999 -9999 -9999 -9999 -9999 -9999 -9999 -9999 258 255 243 251 258 255 247 200 168 152 112 128 167 147 113 151 172 229 240 242 242 243 245 247 249 246 247 248 248 249 254 255 255 255 256 257 258 258 259 255 255 253 253 255 252 259 259 260 258
-9999 -9999 -9999 -9999 -9999 -9999 -9999 -9999 -9999 -9999 -9999 -9999 -9999 -9999 -9999 -9999 -9999 -9999 -9999 -9999 -9999 -9999 -9999 -9999 -9999 -9999 -9999 -9999 -9999 -9999 -9999 -9999 -9999 259 257 245 255 258 256 245 222 199 183 123 130 105 101 148 194 221 234 241 243 243 244 245 248 246 247 247 248 249 249 249 255 256 256 256 258 259 259 259 255 256 256 254 256 254 258 261 260 259
-9999 -9999 -9999 -9999 -9999 -9999 -9999 -9999 -9999 -9999 -9999 -9999 -9999 -9999 -9999 -9999 -9999 -9999 -9999 -9999 -9999 -9999 -9999 -9999 -9999 -9999 -9999 -9999 -9999 -9999 -9999 -9999 -9999 256 250 248 255 257 253 238 216 185 169 157 111 91 82 146 197 224 231 241 242 243 244 245 248 246 248 248 248 249 250 251 251 257 256 257 258 258 259 259 255 256 256 256 256 256 260 260 261 259
-9999 -9999 -9999 -9999 -9999 -9999 -9999 -9999 -9999 -9999 -9999 -9999 -9999 -9999 -9999 -9999 -9999 -9999 -9999 -9999 -9999 -9999 -9999 -9999 -9999 -9999 -9999 -9999 -9999 -9999 -9999 -9999 254 249 248 250 255 255 249 236 208 172 118 154 119 74 72 158 180 214 235 240 241 243 245 247 249 247 247 248 250 250 251 251 252 258 257 258 259 259 260 260 255 256 256 256 257 258 259 258 261 259
-9999 -9999 -9999 -9999 -9999 -9999 -9999 -9999 -9999 -9999 -9999 -9999 -9999 -9999 -9999 -9999 -9999 -9999 -9999 -9999 -9999 -9999 -9999 -9999 -9999 -9999 -9999 -9999 -9999 -9999 -9999 253 249 244 248 250 253 254 246 228 199 153 107 152 78 59 107 175 176 205 238 242 242 244 245 247 249 247 248 248 249 250 250 252 254 254 258 257 259 260 260 261 256 257 258 256 257 257 255 258 260 259
-9999 -9999 -9999 -9999 -9999 -9999 -9999 -9999 -9999 -9999 -9999 -9999 -9999 -9999 -9999 -9999 -9999 -9999 -9999 -9999 -9999 -9999 -9999 -9999 -9999 -9999 -9999 -9999 -9999 -9999 -9999 251 243 248 248 249 254 254 242 188 178 149 111 114 53 76 133 150 166 215 240 242 243 244 245 247 249 246 248 249 250 251 251 251 252 253 253 253 258 259 260 261 257 257 257 257 258 256 253 256 260 259
-9999 -9999 -9999 -9999 -9999 -9999 -9999 -9999 -9999 -9999 -9999 -9999 -9999 -9999 -9999 -9999 -9999 -9999 -9999 -9999 -9999 -9999 -9999 -9999 -9999 -9999 -9999 -9999 -9999 -9999 -9999 255 253 254 246 251 257 255 239 182 139 101 88 59 52 55 135 159 173 216 238 242 242 243 244 247 249 247 248 249 250 250 251 251 252 252 253 254 254 254 254 255 255 257 258 259 259 257 254 258 261 265
-9999 -9999 -9999 -9999 -9999 -9999 -9999 -9999 -9999 -9999 -9999 -9999 -9999 -9999 -9999 -9999 -9999 -9999 -9999 -9999 -9999 -9999 -9999 -9999 -9999 -9999 -9999 -9999 -9999 -9999 263 253 261 259 251 257 256 256 246 193 114 87 108 54 67 117 166 203 204 232 239 241 242 243 244 246 248 246 247 248 250 249 249 249 251 252 253 254 254 254 255 255 255 255 256 257 257 257 258 258 264 265
-9999 -9999 -9999 -9999 -9999 -9999 -9999 -9999 -9999 -9999 -9999 -9999 -9999 -9999 -9999 -9999 -9999 -9999 -9999 -9999 -9999 -9999 -9999 -9999 -9999 -9999 -9999 -9999 259 258 259 259 253 254 254 260 257 255 249 182 85 87 118 62 86 153 195 220 216 237 239 240 241 244 244 244 248 246 247 247 247 247 248 249 250 251 252 254 254 255 255 256 256 260 261 262 262 262 262 262 268 267
-9999 -9999 -9999 -9999 -9999 -9999 -9999 -9999 -9999 -9999 -9999 -9999 -9999 -9999 -9999 -9999 -9999 -9999 -9999 -9999 -9999 -9999 -9999 -9999 -9999 -9999 -9999 -9999 249 250 250 256 249 245 259 261 259 257 238 170 79 73 129 73 93 170 217 230 234 236 239 242 244 245 247 245 242 245 246 247 247 245 247 249 250 250 252 253 253 255 255 256 261 261 262 262 267 266 267 267 267 267
-9999 -9999 -9999 -9999 -9999 -9999 -9999 -9999 -9999 -9999 -9999 -9999 -9999 -9999 -9999 -9999 -9999 -9999 -9999 -9999 -9999 -9999 -9999 -9999 -9999 -9999 -9999 258 258 255 242 250 251 257 261 262 261 259 235 157 80 90 143 93 108 167 216 222 232 236 240 242 243 245 247 248 245 246 246 246 247 245 247 249 250 251 252 253 254 255 255 261 261 265 265 266 267 266 266 267 267 266
-9999 -9999 -9999 -9999 -9999 -9999 -9999 -9999 -9999 -9999 -9999 -9999 -9999 -9999 -9999 -9999 -9999 -9999 -9999 -9999 -9999 -9999 -9999 -9999 -9999 -9999 -9999 -9999 -9999 249 242 245 254 258 261 261 262 257 223 131 53 56 114 126 163 188 210 216 229 236 239 243 244 246 247 247 244 245 246 246 247 247 248 249 250 252 252 253 254 255 260 264 265 265 265 265 266 266 266 265 266 266
-9999 -9999 -9999 -9999 -9999 -9999 -9999 -9999 -9999 -9999 -9999 -9999 -9999 -9999 -9999 -9999 -9999 -9999 -9999 -9999 -9999 -9999 -9999 -9999 -9999 -9999 -9999 -9999 260 247 240 251 254 258 259 260 262 259 219 144 87 99 123 88 150 206 214 228 231 235 239 241 244 246 248 249 245 246 247 247 248 249 249 250 251 252 253 253 255 255 263 264 264 265 265 265 265 265 266 266 264 265
-9999 -9999 -9999 -9999 -9999 -9999 -9999 -9999 -9999 -9999 -9999 -9999 -9999 -9999 -9999 -9999 -9999 -9999 -9999 -9999 -9999 -9999 -9999 -9999 -9999 -9999 -9999 -9999 -9999 253 236 248 255 258 258 261 263 262 229 145 84 95 111 76 150 204 216 227 235 238 240 242 244 246 248 249 246 246 247 247 246 247 248 251 252 253 254 254 261 263 264 263 263 265 265 264 265 265 266 266 264 264
-9999 -9999 -9999 -9999 -9999 -9999 -9999 -9999 -9999 -9999 -9999 -9999 -9999 -9999 -9999 -9999 -9999 -9999 -9999 -9999 -9999 -9999 -9999 -9999 -9999 -9999 -9999 -9999 -9999 259 250 245 256 259 259 262 262 262 239 159 112 88 91 80 152 201 217 226 235 238 241 243 244 247 249 250 247 247 247 248 248 249 249 251 252 252 254 261 261 262 263 263 264 264 265 264 264 264 264 265 265 264
-9999 -9999 -9999 -9999 -9999 -9999 -9999 -9999 -9999 -9999 -9999 -9999 -9999 -9999 -9999 -9999 -9999 -9999 -9999 -9999 -9999 -9999 -9999 -9999 -9999 -9999 -9999 -9999 -9999 261 258 254 253 256 263 264 262 261 254 185 133 90 71 89 160 198 212 223 234 240 242 244 245 247 249 251 248 248 248 249 249 249 250 251 253 253 260 261 262 262 263 263 263 263 264 264 264 263 263 263 264 264
-9999 -9999 -9999 -9999 -9999 -9999 -9999 -9999 -9999 -9999 -9999 -9999 -9999 -9999 -9999 -9999 -9999 -9999 -9999 -9999 -9999 -9999 -9999 -9999 -9999 -9999 -9999 261 262 260 260 259 259 263 266 268 265 263 257 211 139 84 65 118 173 210 199 217 235 246 245 247 247 247 248 249 252 249 249 249 249 250 250 250 252 253 261 262 262 263 263 263 263 263 263 264 263 264 263 262 262 263
-9999 -9999 -9999 -9999 -9999 -9999 -9999 -9999 -9999 -9999 -9999 -9999 -9999 -9999 -9999 -9999 -9999 -9999 -9999 -9999 -9999 -9999 -9999 -9999 -9999 -9999 -9999 -9999 261 260 260 258 262 265 266 267 265 263 238 164 90 66 91 111 188 206 205 230 245 250 251 249 248 248 249 249 251 249 249 250 250 250 251 251 251 259 260 261 261 263 263 263 263 262 263 262 263 264 264 263 263 263
-9999 -9999 -9999 -9999 -9999 -9999 -9999 -9999 -9999 -9999 -9999 -9999 -9999 -9999 -9999 -9999 -9999 -9999 -9999 -9999 -9999 -9999 -9999 -9999 -9999 -9999 -9999 -9999 -9999 -9999 261 261 263 265 266 266 267 243 172 97 99 106 136 170 211 202 217 246 251 253 253 250 250 251 250 250 251 251 248 251 251 250 250 257 257 258 260 261 262 262 263 263 263 263 262 263 263 262 262 262 262 262
-9999 -9999 -9999 -9999 -9999 -9999 -9999 -9999 -9999 -9999 -9999 -9999 -9999 -9999 -9999 -9999 -9999 -9999 -9999 -9999 -9999 -9999 -9999 -9999 -9999 -9999 -9999 -9999 -9999 -9999 -9999 264 264 264 264 265 238 147 66 75 132 132 123 191 225 198 228 251 254 255 255 254 252 252 251 252 252 251 252 252 254 257 256 257 257 257 258 260 262 262 262 262 263 263 262 261 261 262 262 261 261 260
-9999 -9999 -9999 -9999 -9999 -9999 -9999 -9999 -9999 -9999 -9999 -9999 -9999 -9999 -9999 -9999 -9999 -9999 -9999 -9999 -9999 -9999 -9999 -9999 -9999 -9999 -9999 -9999 -9999 -9999 -9999 265 264 265 264 262 239 137 68 117 142 132 122 200 217 216 242 251 256 256 256 256 253 253 252 253 252 252 252 252 252 257 257 258 257 257 258 259 260 261 262 263 262 263 262 262 261 261 261 261 260 259
-9999 -9999 -9999 -9999 -9999 -9999 -9999 -9999 -9999 -9999 -9999 -9999 -9999 -9999 -9999 -9999 -9999 -9999 -9999 -9999 -9999 -9999 -9999 -9999 -9999 -9999 -9999 -9999 -9999 -9999 -9999 266 266 266 265 254 174 97 88 123 129 115 158 216 220 232 249 253 257 257 257 257 257 255 254 254 253 253 253 256 255 255 257 258 258 258 258 259 260 261 261 262 263 262 263 262 261 261 261 260 260 260
-9999 -9999 -9999 -9999 -9999 -9999 -9999 -9999 -9999 -9999 -9999 -9999 -9999 -9999 -9999 -9999 -9999 -9999 -9999 -9999 -9999 -9999 -9999 -9999 -9999 -9999 -9999 -9999 -9999 -9999 -9999 267 268 267 266 248 189 159 175 118 116 146 191 205 204 197 245 253 258 259 259 259 259 258 255 255 255 258 257 256 256 256 257 258 258 258 258 259 260 260 261 262 262 262 263 262 262 260 259 260 260 260
-9999 -9999 -9999 -9999 -9999 -9999 -9999 -9999 -9999 -9999 -9999 -9999 -9999 -9999 -9999 -9999 -9999 -9999 -9999 -9999 -9999 -9999 -9999 -9999 -9999 -9999 -9999 -9999 -9999 -9999 -9999 268 268 267 263 239 182 174 172 133 123 169 216 194 199 207 249 253 260 260 260 260 260 259 259 260 259 258 258 257 257 256 257 258 259 259 259 259 259 260 261 262 261 261 262 262 262 262 260 259 261 261
