data/studyarea/bio8.asc
NCOLS 462 
NROWS 586 
XLLCORNER -113 
YLLCORNER -53.1666666666667 
CELLSIZE 0.166666666666667 
NODATA_value -9999 
[rows 252 to 287 of 586, columns 246 to 327 of 462]
265 264 263 262 261 260 258 256 257 256 256 255 255 255 253 254 253 253 254 254 255 256 255 256 256 256 257 257 257 257 258 258 259 260 260 261 260 260 260 249 256 261 260 252 238 245 245 223 211 220 222 220 232 244 250 251 253 254 255 259 260 259 259 248 258 259 264 264 263 255 256 262 263 263 262 262 260 258 260 258 258 257
266 265 263 262 261 260 259 258 258 257 256 256 255 253 253 253 253 252 251 254 255 255 254 255 255 256 256 256 256 257 257 257 259 260 260 261 261 261 258 250 259 259 256 255 257 256 253 246 236 235 232 217 232 249 252 252 255 255 258 259 256 260 263 261 263 262 263 263 263 258 254 261 261 262 261 260 257 256 257 257 257 258
264 263 263 261 256 254 258 257 256 256 255 254 252 252 252 252 252 251 252 254 255 254 252 253 255 255 256 256 256 256 257 257 259 260 261 261 261 261 258 241 259 260 250 241 249 245 244 241 242 238 236 225 244 251 253 254 257 259 259 259 260 260 262 262 264 264 263 258 262 259 257 260 259 260 258 257 257 257 258 258 257 258
263 261 260 258 255 258 258 257 257 255 253 252 251 251 251 251 252 252 252 253 254 254 251 251 254 255 256 256 255 256 256 258 259 260 261 261 261 261 255 235 259 258 239 234 233 235 235 236 238 248 257 257 260 255 258 258 259 260 261 260 258 259 264 265 265 265 264 262 262 260 261 259 258 257 256 256 257 257 257 257 258 258
261 260 258 257 254 257 257 256 255 253 252 252 252 251 251 251 252 251 252 253 253 254 254 254 254 256 256 256 256 256 257 258 260 260 260 261 259 261 239 233 258 245 236 237 237 237 236 236 256 261 261 261 260 261 261 259 257 260 260 253 236 229 264 265 266 265 265 264 264 263 261 257 256 256 256 257 257 252 256 259 260 255
260 259 259 257 256 255 255 255 254 253 252 251 250 249 249 250 251 251 252 256 256 257 257 257 258 256 256 257 260 260 261 262 261 261 261 261 241 248 236 235 240 239 238 236 236 235 232 244 261 262 262 262 262 261 258 257 260 261 254 242 230 255 266 265 266 266 265 265 262 262 262 259 258 258 253 250 250 253 258 259 258 249
260 259 258 257 255 252 255 254 254 253 252 251 249 248 249 250 250 251 255 256 257 257 258 257 259 259 260 260 262 262 263 264 262 262 262 262 250 236 239 238 238 234 236 232 232 240 244 243 259 259 262 262 262 262 262 262 260 263 255 250 256 262 266 266 266 266 266 266 265 264 255 257 259 260 262 256 244 249 253 259 256 252
260 259 258 255 255 254 254 254 253 252 251 250 248 248 249 250 250 251 255 255 256 257 257 259 259 260 258 262 264 265 266 263 263 263 262 262 245 237 238 238 237 235 234 228 246 260 260 249 242 237 261 259 261 262 262 263 263 264 256 264 265 266 266 266 266 266 266 266 265 265 264 263 263 263 260 259 262 249 247 253 248 249
259 258 258 257 256 254 251 253 252 251 249 249 249 249 249 249 249 249 253 254 255 256 257 258 259 260 259 261 265 266 265 265 264 264 263 261 229 237 238 237 237 238 243 260 262 262 262 262 261 252 227 222 254 261 262 264 263 263 264 265 265 266 267 266 266 266 266 266 265 265 264 264 264 260 259 261 262 260 250 256 259 256
259 257 257 256 255 254 253 252 252 250 249 249 249 248 248 248 249 249 253 254 255 256 257 258 259 261 259 261 262 264 265 273 264 263 263 225 194 245 247 235 238 256 260 262 262 262 262 262 263 263 261 219 220 258 263 264 264 264 264 265 266 266 266 266 266 266 267 266 266 265 262 264 264 263 262 263 261 259 251 247 258 256
259 258 256 256 254 254 251 246 251 250 250 248 248 248 248 248 248 249 252 253 254 255 257 258 259 260 262 263 262 263 264 264 263 262 257 208 229 256 234 236 257 262 261 262 262 263 263 263 264 263 264 263 254 262 263 264 264 264 265 265 265 266 266 266 266 267 267 266 266 265 264 264 264 264 264 264 264 263 256 251 258 260
259 258 257 256 254 254 252 246 250 250 250 249 248 248 249 248 248 248 252 253 254 255 256 258 259 260 262 263 264 261 262 263 262 259 258 261 253 250 234 219 252 262 262 262 263 263 263 263 264 263 264 264 264 264 264 265 265 265 265 265 265 266 266 266 267 267 267 267 266 265 265 265 264 264 263 264 265 264 263 262 262 262
258 258 257 257 255 254 253 251 251 249 249 252 252 249 248 248 248 252 253 254 254 255 257 257 258 259 261 262 263 260 261 262 262 262 261 250 255 244 227 228 243 262 260 261 263 263 263 263 263 264 265 264 265 264 264 265 265 265 265 265 266 266 266 266 267 267 267 267 266 265 264 262 265 264 264 265 261 262 262 263 263 264
258 257 257 256 255 255 253 248 255 254 254 253 253 253 253 252 251 251 252 253 254 255 256 258 258 259 260 261 262 262 259 260 261 262 262 262 261 260 260 262 260 262 262 261 261 263 263 263 263 264 264 264 264 264 264 264 265 267 266 267 267 266 266 267 267 267 267 267 266 265 264 263 264 264 263 264 262 260 261 263 264 264
259 258 257 256 255 259 255 253 256 256 254 253 253 253 252 251 251 252 253 253 255 256 257 258 258 259 260 260 260 260 261 262 259 260 261 261 261 261 261 261 261 262 262 262 261 262 263 263 263 263 264 264 264 265 265 265 266 266 266 266 267 267 268 267 267 267 267 267 266 265 265 266 264 264 265 265 264 260 261 260 262 263
257 257 256 260 260 258 258 255 256 256 255 253 252 251 251 250 251 251 252 253 254 255 256 257 256 258 259 259 259 260 261 261 261 262 262 263 263 263 263 263 263 263 263 262 262 262 263 263 263 262 264 264 264 264 265 264 265 266 266 266 266 267 267 268 267 268 267 267 267 266 266 265 264 264 266 266 267 266 261 259 261 260
257 257 261 260 260 260 258 257 260 259 259 258 257 255 251 255 251 252 252 253 253 255 256 256 257 258 258 259 259 259 260 260 261 261 262 263 263 263 263 263 263 263 262 263 263 262 263 263 263 264 264 264 263 264 264 265 265 265 265 265 266 267 267 267 267 267 267 267 267 266 266 265 264 263 264 266 268 267 261 259 262 262
258 262 261 260 260 263 263 262 261 261 260 258 257 256 256 254 254 255 252 252 253 254 255 255 257 257 258 258 258 259 258 259 260 261 261 262 261 262 262 262 263 263 263 263 263 264 264 263 263 264 264 264 264 263 264 264 264 265 265 265 266 267 266 266 267 267 267 267 267 267 265 265 265 264 264 263 267 267 259 261 265 262
263 262 266 264 264 263 262 261 261 260 260 258 257 256 257 254 254 254 255 253 253 253 254 255 256 256 256 257 258 258 258 258 259 259 260 261 261 261 261 261 262 263 263 263 262 263 263 263 263 263 263 264 264 266 266 266 266 266 265 265 266 266 266 267 267 267 268 267 266 268 266 262 261 265 265 263 267 265 262 266 267 265
268 266 266 263 263 263 262 262 260 260 260 259 258 257 257 255 254 255 255 253 253 253 254 255 255 255 256 257 257 258 258 257 258 258 259 259 259 260 260 261 261 262 262 262 262 262 262 263 263 263 264 263 265 265 265 266 266 267 266 265 266 266 266 266 267 267 268 268 268 268 268 263 263 266 264 264 267 268 266 264 267 267
267 267 266 264 264 263 263 262 261 260 260 259 259 256 257 256 255 254 255 252 253 253 253 254 254 255 256 256 256 256 256 257 257 258 258 258 259 260 260 260 260 261 261 261 261 262 262 262 262 262 264 264 264 264 265 265 266 266 266 266 265 266 266 266 268 268 268 267 268 268 268 263 264 264 266 266 265 266 267 264 265 268
266 265 266 265 265 263 261 261 260 260 259 258 258 258 257 257 255 255 255 252 252 252 253 254 254 254 254 255 255 256 255 256 256 257 257 258 258 258 259 259 260 260 261 261 261 261 262 264 264 264 264 264 264 264 264 265 266 266 267 266 267 267 267 267 268 268 267 266 268 268 268 267 265 267 267 266 267 265 267 267 266 264
265 265 264 264 263 263 263 261 260 259 259 259 259 258 258 258 255 255 252 252 252 252 253 253 254 254 254 254 254 255 255 255 256 256 256 257 257 257 258 259 259 260 260 260 263 263 263 263 264 263 263 264 264 264 264 264 265 266 266 267 267 266 267 267 268 267 265 267 268 268 268 269 267 267 268 264 266 267 268 268 268 266
266 265 264 264 264 263 262 262 261 261 260 260 258 257 257 258 255 255 252 252 252 252 252 252 253 253 254 254 254 254 254 255 255 255 256 256 256 257 257 258 259 259 259 262 262 262 262 263 263 263 263 263 263 263 263 264 264 264 265 266 266 267 268 267 267 267 266 267 268 268 267 269 268 269 268 264 265 267 269 266 265 264
265 265 264 264 262 262 261 260 260 260 260 259 257 255 256 257 257 255 252 252 252 252 253 253 253 253 253 253 253 253 253 254 254 257 258 258 258 257 257 258 258 259 261 261 262 261 262 262 263 263 263 264 264 264 264 264 264 264 265 265 267 266 268 268 267 267 265 267 268 267 267 268 269 269 268 267 266 265 267 267 267 266
264 264 264 263 262 261 260 260 259 258 257 257 256 256 255 255 256 260 253 251 253 253 253 252 253 253 254 253 254 256 256 256 257 257 257 258 258 258 257 257 258 260 261 261 262 262 262 263 263 263 263 263 263 263 264 264 265 265 266 266 267 266 267 268 267 267 267 268 268 267 265 266 268 268 269 268 264 262 263 264 268 267
264 263 263 262 261 261 260 259 259 258 257 256 256 256 254 254 254 258 258 252 252 252 252 252 252 252 252 252 255 255 255 255 255 255 255 256 257 258 259 260 260 260 261 261 262 262 262 263 263 263 262 263 263 264 263 264 264 264 265 265 266 266 267 268 267 267 266 266 268 267 265 264 263 264 267 267 264 265 265 265 265 268
264 263 262 261 260 260 260 260 259 258 258 257 257 257 256 255 258 258 258 258 252 251 252 251 251 251 253 254 254 254 255 255 254 255 255 256 257 258 259 259 261 260 261 261 262 262 262 263 263 263 263 263 264 263 263 263 264 264 264 265 266 265 266 266 267 268 267 266 267 265 265 265 265 264 265 267 267 266 266 266 265 266
264 263 263 261 261 261 261 260 259 258 258 257 256 255 255 255 258 257 258 256 256 256 251 251 253 253 254 253 254 254 254 254 255 254 254 255 256 257 259 260 261 261 261 262 262 262 262 263 263 263 262 262 263 263 263 263 263 264 264 265 265 265 266 266 266 267 267 268 267 266 266 265 266 267 265 266 267 268 268 268 268 268
262 261 261 261 261 260 259 260 260 259 257 257 256 254 253 255 255 256 255 255 256 255 255 253 253 253 253 254 255 255 255 254 254 254 253 254 256 257 259 260 261 262 262 263 263 263 263 263 263 263 262 262 262 263 263 263 264 264 264 264 265 265 266 266 265 268 268 269 267 267 267 267 265 266 267 266 265 265 265 265 265 267
260 260 259 259 259 258 258 259 259 259 259 257 257 256 257 256 255 255 255 256 255 255 255 252 253 253 253 255 255 255 255 254 254 254 253 253 255 258 259 260 262 263 263 263 263 263 263 263 263 263 263 263 263 263 263 263 263 263 264 264 265 265 265 265 266 267 269 270 268 268 268 266 266 267 266 267 265 264 263 264 265 263
260 260 259 259 260 259 260 260 259 259 258 258 258 259 257 257 256 255 255 255 255 255 255 253 253 253 254 255 255 255 255 254 254 253 253 255 257 258 259 261 262 263 264 264 264 263 263 263 263 263 263 263 262 262 263 263 263 263 263 264 265 265 265 266 265 266 267 269 269 269 268 267 266 267 267 266 267 265 264 264 263 263
259 260 260 260 259 259 259 259 258 258 257 257 259 259 259 258 258 257 257 257 257 256 253 252 253 254 255 255 255 256 255 254 254 254 255 256 258 258 260 261 263 264 265 265 265 265 264 264 264 263 262 262 262 262 262 262 263 263 264 264 264 265 265 266 266 266 266 267 269 268 268 269 268 267 268 267 267 266 263 263 264 265
260 259 259 259 258 258 258 258 258 258 257 259 258 258 257 256 257 257 257 256 256 256 256 254 254 255 255 255 256 256 256 256 255 255 257 258 259 259 261 261 263 264 266 266 266 265 265 264 263 263 263 263 262 262 262 262 262 263 263 263 264 265 266 266 267 267 267 267 268 269 269 271 270 270 269 268 267 266 264 263 264 265
259 259 259 258 258 258 258 258 258 259 259 258 257 257 257 257 257 257 257 257 256 256 255 255 255 255 255 256 256 256 256 256 257 257 258 260 259 261 261 263 264 265 265 267 267 266 266 265 264 264 263 262 262 262 262 263 262 263 263 263 264 265 265 265 266 267 268 268 268 269 270 270 271 270 269 268 267 266 265 264 264 266
261 260 259 258 258 258 258 257 258 258 258 257 257 257 257 258 258 258 257 254 255 255 255 255 255 255 255 257 256 257 257 257 257 258 260 261 261 261 262 264 265 266 267 267 266 267 266 265 264 263 263 263 262 261 262 263 262 262 262 262 263 265 265 265 267 267 268 268 269 268 269 270 269 269 268 266 266 266 265 265 264 265
