data/studyarea/bio9.asc
NCOLS 462 
NROWS 586 
XLLCORNER -113 
YLLCORNER -53.1666666666667 
CELLSIZE 0.166666666666667 
NODATA_value -9999 
[rows 252 to 287 of 586, columns 164 to 245 of 462]
-9999 -9999 -9999 -9999 -9999 -9999 -9999 -9999 -9999 -9999 -9999 -9999 -9999 -9999 -9999 -9999 -9999 -9999 -9999 -9999 -9999 -9999 -9999 -9999 -9999 -9999 -9999 -9999 -9999 -9999 -9999 -9999 -9999 -9999 -9999 -9999 -9999 -9999 -9999 -9999 -9999 -9999 254 254 256 256 260 261 251 175 197 184 190 187 165 110 90 144 198 215 231 174 148 181 234 249 256 260 262 265 259 264 273 276 279 282 289 291 294 294 293 291
-9999 -9999 -9999 -9999 -9999 -9999 -9999 -9999 -9999 -9999 -9999 -9999 -9999 -9999 -9999 -9999 -9999 -9999 -9999 -9999 -9999 -9999 -9999 -9999 -9999 -9999 -9999 -9999 -9999 -9999 -9999 -9999 -9999 -9999 -9999 -9999 -9999 -9999 -9999 -9999 -9999 254 253 254 256 257 259 260 233 155 162 197 235 194 119 80 117 165 181 223 215 132 179 211 238 255 259 261 263 265 266 268 272 275 277 279 284 290 294 293 291 290
-9999 -9999 -9999 -9999 -9999 -9999 -9999 -9999 -9999 -9999 -9999 -9999 -9999 -9999 -9999 -9999 -9999 -9999 -9999 -9999 -9999 -9999 -9999 -9999 -9999 -9999 -9999 -9999 -9999 -9999 -9999 -9999 -9999 -9999 -9999 -9999 -9999 -9999 -9999 -9999 -9999 254 253 254 256 257 258 255 237 200 175 246 214 150 89 108 150 166 201 220 176 159 215 219 252 259 257 258 261 264 266 268 270 273 275 275 276 287 289 290 290 288
-9999 -9999 -9999 -9999 -9999 -9999 -9999 -9999 -9999 -9999 -9999 -9999 -9999 -9999 -9999 -9999 -9999 -9999 -9999 -9999 -9999 -9999 -9999 -9999 -9999 -9999 -9999 -9999 -9999 -9999 -9999 -9999 -9999 -9999 -9999 -9999 -9999 -9999 -9999 -9999 -9999 253 253 254 256 257 256 245 244 211 233 245 195 114 93 149 181 202 197 200 185 195 223 262 262 261 258 259 260 262 264 266 268 270 272 274 278 280 281 286 286 286
-9999 -9999 -9999 -9999 -9999 -9999 -9999 -9999 -9999 -9999 -9999 -9999 -9999 -9999 -9999 -9999 -9999 -9999 -9999 -9999 -9999 -9999 -9999 -9999 -9999 -9999 -9999 -9999 -9999 -9999 -9999 -9999 -9999 -9999 -9999 -9999 -9999 -9999 -9999 253 253 253 254 253 255 255 250 241 229 209 238 212 148 116 134 130 161 190 194 190 233 220 252 264 263 263 261 261 261 263 265 267 269 271 273 274 276 278 278 279 278 278
-9999 -9999 -9999 -9999 -9999 -9999 -9999 -9999 -9999 -9999 -9999 -9999 -9999 -9999 -9999 -9999 -9999 -9999 -9999 -9999 -9999 -9999 -9999 -9999 -9999 -9999 -9999 -9999 -9999 -9999 -9999 -9999 -9999 -9999 -9999 -9999 -9999 -9999 -9999 253 252 252 251 249 250 249 247 221 163 226 204 165 111 120 176 162 156 170 227 242 261 244 261 263 263 263 262 263 264 264 265 266 269 270 271 274 273 276 277 277 277 276
-9999 -9999 -9999 -9999 -9999 -9999 -9999 -9999 -9999 -9999 -9999 -9999 -9999 -9999 -9999 -9999 -9999 -9999 -9999 -9999 -9999 -9999 -9999 -9999 -9999 -9999 -9999 -9999 -9999 -9999 -9999 -9999 -9999 -9999 -9999 -9999 -9999 -9999 -9999 -9999 255 253 251 244 236 229 223 207 173 186 185 165 107 158 215 202 181 194 249 261 264 263 263 262 263 263 262 263 265 266 266 267 269 270 270 272 261 272 275 275 276 275
-9999 -9999 -9999 -9999 -9999 -9999 -9999 -9999 -9999 -9999 -9999 -9999 -9999 -9999 -9999 -9999 -9999 -9999 -9999 -9999 -9999 -9999 -9999 -9999 -9999 -9999 -9999 -9999 -9999 -9999 -9999 -9999 -9999 -9999 -9999 -9999 -9999 -9999 -9999 256 256 254 248 243 226 200 184 151 155 143 122 112 123 165 221 205 225 247 260 261 262 262 262 261 263 264 263 264 265 265 266 267 269 271 271 272 269 271 273 274 273 273
-9999 -9999 -9999 -9999 -9999 -9999 -9999 -9999 -9999 -9999 -9999 -9999 -9999 -9999 -9999 -9999 -9999 -9999 -9999 -9999 -9999 -9999 -9999 -9999 -9999 -9999 -9999 -9999 -9999 -9999 -9999 -9999 -9999 -9999 -9999 -9999 252 250 253 255 256 255 243 232 212 188 150 98 113 137 105 119 149 184 235 237 257 260 261 260 261 262 263 262 261 264 263 264 266 265 266 268 269 270 271 271 272 264 272 273 272 272
-9999 -9999 -9999 -9999 -9999 -9999 -9999 -9999 -9999 -9999 -9999 -9999 -9999 -9999 -9999 -9999 -9999 -9999 -9999 -9999 -9999 -9999 -9999 -9999 -9999 -9999 -9999 -9999 -9999 -9999 -9999 -9999 -9999 -9999 247 245 244 247 249 254 254 247 226 207 186 162 82 97 108 108 108 129 185 227 251 254 257 259 260 261 261 261 262 261 261 263 264 263 265 266 266 268 268 269 270 270 270 264 271 273 272 272
-9999 -9999 -9999 -9999 -9999 -9999 -9999 -9999 -9999 -9999 -9999 -9999 -9999 -9999 -9999 -9999 -9999 -9999 -9999 -9999 -9999 -9999 -9999 -9999 -9999 -9999 -9999 -9999 -9999 -9999 -9999 -9999 -9999 241 243 239 242 244 246 249 251 232 200 198 189 124 67 96 102 115 157 205 237 250 252 253 255 257 258 260 261 261 262 261 261 263 265 264 265 266 267 268 269 268 268 269 266 269 270 272 272 272
-9999 -9999 -9999 -9999 -9999 -9999 -9999 -9999 -9999 -9999 -9999 -9999 -9999 -9999 -9999 -9999 -9999 -9999 -9999 -9999 -9999 -9999 -9999 -9999 -9999 -9999 -9999 -9999 -9999 -9999 -9999 -9999 -9999 245 244 236 241 242 239 240 225 210 186 126 135 152 107 101 107 121 198 234 243 251 252 252 254 256 257 259 260 261 262 262 262 264 264 266 266 266 266 268 268 269 264 264 266 267 270 272 272 270
-9999 -9999 -9999 -9999 -9999 -9999 -9999 -9999 -9999 -9999 -9999 -9999 -9999 -9999 -9999 -9999 -9999 -9999 -9999 -9999 -9999 -9999 -9999 -9999 -9999 -9999 -9999 -9999 -9999 -9999 -9999 -9999 -9999 245 243 231 239 244 242 235 194 166 151 109 125 165 143 108 155 177 234 245 248 250 251 253 254 256 257 258 260 262 263 264 264 264 264 265 266 266 266 267 268 268 266 266 268 264 271 272 272 270
-9999 -9999 -9999 -9999 -9999 -9999 -9999 -9999 -9999 -9999 -9999 -9999 -9999 -9999 -9999 -9999 -9999 -9999 -9999 -9999 -9999 -9999 -9999 -9999 -9999 -9999 -9999 -9999 -9999 -9999 -9999 -9999 -9999 245 243 233 242 244 241 232 212 194 181 121 126 99 93 147 198 225 239 246 249 250 251 252 254 256 257 258 260 261 262 263 265 265 265 265 266 267 266 266 268 268 269 267 268 265 271 273 271 270
-9999 -9999 -9999 -9999 -9999 -9999 -9999 -9999 -9999 -9999 -9999 -9999 -9999 -9999 -9999 -9999 -9999 -9999 -9999 -9999 -9999 -9999 -9999 -9999 -9999 -9999 -9999 -9999 -9999 -9999 -9999 -9999 -9999 242 236 235 241 241 237 225 207 181 166 154 107 85 78 147 202 229 238 246 248 249 250 251 254 256 258 259 260 262 263 265 265 266 264 265 266 266 266 267 268 269 268 268 268 268 271 271 272 270
-9999 -9999 -9999 -9999 -9999 -9999 -9999 -9999 -9999 -9999 -9999 -9999 -9999 -9999 -9999 -9999 -9999 -9999 -9999 -9999 -9999 -9999 -9999 -9999 -9999 -9999 -9999 -9999 -9999 -9999 -9999 -9999 239 235 234 237 240 238 232 223 199 168 115 151 114 74 79 161 186 220 240 245 247 249 251 253 255 256 257 259 261 263 265 266 268 267 266 266 267 267 267 267 268 268 268 267 268 269 270 268 271 269
-9999 -9999 -9999 -9999 -9999 -9999 -9999 -9999 -9999 -9999 -9999 -9999 -9999 -9999 -9999 -9999 -9999 -9999 -9999 -9999 -9999 -9999 -9999 -9999 -9999 -9999 -9999 -9999 -9999 -9999 -9999 236 234 231 235 237 240 236 229 215 192 149 103 148 71 67 114 178 183 211 243 247 248 249 251 253 254 256 258 259 261 263 264 267 270 270 267 266 267 268 267 268 268 269 269 267 269 268 266 268 271 269
-9999 -9999 -9999 -9999 -9999 -9999 -9999 -9999 -9999 -9999 -9999 -9999 -9999 -9999 -9999 -9999 -9999 -9999 -9999 -9999 -9999 -9999 -9999 -9999 -9999 -9999 -9999 -9999 -9999 -9999 -9999 233 228 235 235 237 240 236 225 182 173 145 108 109 45 82 135 156 173 221 245 243 243 250 251 253 254 256 258 260 262 264 265 266 268 268 268 267 266 267 267 268 268 268 269 268 268 267 264 266 270 269
-9999 -9999 -9999 -9999 -9999 -9999 -9999 -9999 -9999 -9999 -9999 -9999 -9999 -9999 -9999 -9999 -9999 -9999 -9999 -9999 -9999 -9999 -9999 -9999 -9999 -9999 -9999 -9999 -9999 -9999 -9999 236 237 241 234 239 240 236 222 175 135 96 82 49 41 63 138 166 179 223 244 242 242 249 251 253 255 257 259 260 262 263 265 265 267 268 267 267 267 267 266 267 267 268 269 269 269 267 264 268 271 269
-9999 -9999 -9999 -9999 -9999 -9999 -9999 -9999 -9999 -9999 -9999 -9999 -9999 -9999 -9999 -9999 -9999 -9999 -9999 -9999 -9999 -9999 -9999 -9999 -9999 -9999 -9999 -9999 -9999 -9999 244 237 247 247 239 243 243 238 227 185 109 81 101 44 57 121 169 207 211 238 246 246 248 249 250 253 254 256 258 260 262 262 263 263 266 267 267 267 267 267 267 267 267 266 267 267 267 267 267 268 269 270
-9999 -9999 -9999 -9999 -9999 -9999 -9999 -9999 -9999 -9999 -9999 -9999 -9999 -9999 -9999 -9999 -9999 -9999 -9999 -9999 -9999 -9999 -9999 -9999 -9999 -9999 -9999 -9999 236 238 241 244 242 242 240 247 245 240 229 175 78 79 108 51 88 156 198 225 221 243 245 246 247 250 251 250 254 256 258 259 260 261 262 262 264 264 266 266 267 267 267 267 267 266 267 268 267 267 267 267 267 267
-9999 -9999 -9999 -9999 -9999 -9999 -9999 -9999 -9999 -9999 -9999 -9999 -9999 -9999 -9999 -9999 -9999 -9999 -9999 -9999 -9999 -9999 -9999 -9999 -9999 -9999 -9999 -9999 231 233 236 242 239 235 245 249 245 240 221 164 71 64 117 75 101 178 222 236 241 242 246 248 250 252 253 251 253 256 257 259 260 259 261 263 264 263 265 266 265 266 267 267 267 266 266 267 268 267 267 267 267 266
-9999 -9999 -9999 -9999 -9999 -9999 -9999 -9999 -9999 -9999 -9999 -9999 -9999 -9999 -9999 -9999 -9999 -9999 -9999 -9999 -9999 -9999 -9999 -9999 -9999 -9999 -9999 238 234 235 227 236 238 243 248 247 244 240 218 151 72 79 145 97 118 176 220 227 238 242 247 249 249 252 254 255 256 257 257 258 259 259 261 262 264 264 263 265 265 265 266 267 267 267 266 267 268 267 267 267 267 267
-9999 -9999 -9999 -9999 -9999 -9999 -9999 -9999 -9999 -9999 -9999 -9999 -9999 -9999 -9999 -9999 -9999 -9999 -9999 -9999 -9999 -9999 -9999 -9999 -9999 -9999 -9999 -9999 -9999 229 225 229 236 242 245 245 244 238 208 124 46 48 119 137 171 196 213 220 234 242 246 250 251 253 254 255 256 257 258 258 259 260 261 262 263 264 263 264 264 265 266 266 267 267 266 266 267 267 267 266 266 266
-9999 -9999 -9999 -9999 -9999 -9999 -9999 -9999 -9999 -9999 -9999 -9999 -9999 -9999 -9999 -9999 -9999 -9999 -9999 -9999 -9999 -9999 -9999 -9999 -9999 -9999 -9999 -9999 232 225 222 233 236 241 242 243 243 239 204 138 81 90 125 93 160 208 217 233 236 241 245 248 251 253 255 256 257 258 258 259 260 261 262 262 263 264 264 263 265 265 265 266 266 266 266 265 266 266 267 266 265 266
-9999 -9999 -9999 -9999 -9999 -9999 -9999 -9999 -9999 -9999 -9999 -9999 -9999 -9999 -9999 -9999 -9999 -9999 -9999 -9999 -9999 -9999 -9999 -9999 -9999 -9999 -9999 -9999 -9999 228 217 230 238 243 243 242 241 239 213 139 79 89 102 79 158 206 219 231 240 244 246 249 250 254 256 257 257 258 258 258 258 259 260 262 263 264 264 263 264 265 266 265 265 266 266 266 266 266 266 266 265 265
-9999 -9999 -9999 -9999 -9999 -9999 -9999 -9999 -9999 -9999 -9999 -9999 -9999 -9999 -9999 -9999 -9999 -9999 -9999 -9999 -9999 -9999 -9999 -9999 -9999 -9999 -9999 -9999 -9999 229 225 226 238 244 247 245 243 239 220 154 107 83 85 83 160 203 220 231 240 244 248 250 252 254 256 258 258 259 259 259 260 260 260 262 263 262 264 264 263 264 265 265 265 265 266 265 265 265 265 266 266 265
-9999 -9999 -9999 -9999 -9999 -9999 -9999 -9999 -9999 -9999 -9999 -9999 -9999 -9999 -9999 -9999 -9999 -9999 -9999 -9999 -9999 -9999 -9999 -9999 -9999 -9999 -9999 -9999 -9999 238 228 233 236 240 246 246 242 240 231 178 129 86 67 92 167 204 215 228 240 246 249 252 252 255 256 259 259 260 259 260 261 260 261 262 263 264 263 264 265 264 265 265 265 264 265 265 265 265 265 265 266 265
-9999 -9999 -9999 -9999 -9999 -9999 -9999 -9999 -9999 -9999 -9999 -9999 -9999 -9999 -9999 -9999 -9999 -9999 -9999 -9999 -9999 -9999 -9999 -9999 -9999 -9999 -9999 234 226 226 229 234 239 241 244 243 243 241 234 200 136 80 61 121 181 213 206 226 242 250 253 254 254 255 256 257 259 260 261 261 261 261 261 261 262 263 264 264 264 264 265 264 264 264 265 265 265 265 264 264 264 265
-9999 -9999 -9999 -9999 -9999 -9999 -9999 -9999 -9999 -9999 -9999 -9999 -9999 -9999 -9999 -9999 -9999 -9999 -9999 -9999 -9999 -9999 -9999 -9999 -9999 -9999 -9999 -9999 223 225 227 231 234 239 243 244 241 239 222 159 84 62 91 115 197 215 214 236 250 255 255 256 256 256 257 258 259 260 261 261 261 261 262 261 261 262 263 264 264 264 264 262 262 261 261 261 261 261 261 260 260 261
-9999 -9999 -9999 -9999 -9999 -9999 -9999 -9999 -9999 -9999 -9999 -9999 -9999 -9999 -9999 -9999 -9999 -9999 -9999 -9999 -9999 -9999 -9999 -9999 -9999 -9999 -9999 -9999 -9999 -9999 225 226 232 238 241 243 241 227 165 89 91 106 143 175 216 210 226 250 256 258 258 258 258 258 258 258 259 260 260 261 262 261 260 262 261 262 263 264 264 264 261 262 262 261 261 261 261 261 260 256 256 256
-9999 -9999 -9999 -9999 -9999 -9999 -9999 -9999 -9999 -9999 -9999 -9999 -9999 -9999 -9999 -9999 -9999 -9999 -9999 -9999 -9999 -9999 -9999 -9999 -9999 -9999 -9999 -9999 -9999 -9999 -9999 228 231 235 238 242 225 141 57 66 119 134 132 196 231 206 235 256 249 250 259 259 260 259 260 260 260 260 260 260 262 262 261 262 261 261 262 263 264 261 261 261 258 258 257 255 256 256 257 257 256 255
-9999 -9999 -9999 -9999 -9999 -9999 -9999 -9999 -9999 -9999 -9999 -9999 -9999 -9999 -9999 -9999 -9999 -9999 -9999 -9999 -9999 -9999 -9999 -9999 -9999 -9999 -9999 -9999 -9999 -9999 -9999 233 231 234 241 242 227 131 58 103 126 121 128 204 222 222 249 256 251 251 252 252 251 252 260 261 260 261 260 260 261 262 262 262 262 261 261 262 259 261 262 258 258 258 258 257 256 256 255 256 255 255
-9999 -9999 -9999 -9999 -9999 -9999 -9999 -9999 -9999 -9999 -9999 -9999 -9999 -9999 -9999 -9999 -9999 -9999 -9999 -9999 -9999 -9999 -9999 -9999 -9999 -9999 -9999 -9999 -9999 -9999 -9999 234 236 234 238 236 171 87 77 109 115 104 163 220 225 239 253 247 252 253 252 253 253 253 253 253 257 256 255 256 254 261 262 263 263 262 257 258 255 256 257 258 258 258 258 258 257 257 256 256 255 255
-9999 -9999 -9999 -9999 -9999 -9999 -9999 -9999 -9999 -9999 -9999 -9999 -9999 -9999 -9999 -9999 -9999 -9999 -9999 -9999 -9999 -9999 -9999 -9999 -9999 -9999 -9999 -9999 -9999 -9999 -9999 234 239 239 236 230 188 157 174 105 105 152 194 208 209 205 251 247 253 254 254 254 254 254 254 254 254 254 256 252 252 252 253 253 253 253 254 255 255 256 257 257 258 259 259 258 258 256 255 255 256 255
-9999 -9999 -9999 -9999 -9999 -9999 -9999 -9999 -9999 -9999 -9999 -9999 -9999 -9999 -9999 -9999 -9999 -9999 -9999 -9999 -9999 -9999 -9999 -9999 -9999 -9999 -9999 -9999 -9999 -9999 -9999 239 240 241 237 229 182 174 172 123 114 173 218 201 206 215 243 247 254 255 255 255 255 256 255 255 254 254 254 253 253 250 252 252 253 254 255 255 256 256 257 258 258 258 259 259 258 258 257 256 256 256
