data/studyarea/bio9.asc
NCOLS 462 
NROWS 586 
XLLCORNER -113 
YLLCORNER -53.1666666666667 
CELLSIZE 0.166666666666667 
NODATA_value -9999 
[rows 108 to 143 of 586, columns 0 to 81 of 462]
211 211 209 206 199 203 212 218 232 239 -9999 -9999 -9999 -9999 -9999 -9999 -9999 -9999 -9999 -9999 -9999 -9999 260 261 227 231 234 233 227 215 195 204 176 172 150 163 143 152 131 93 116 98 106 139 151 155 156 156 129 133 133 136 171 173 175 176 172 177 167 180 171 154 151 140 133 139 145 126 121 135 140 149 152 153 147 154 155 145 155 155 162 162
-9999 210 211 211 211 212 210 210 225 237 -9999 -9999 -9999 -9999 -9999 -9999 -9999 -9999 -9999 -9999 -9999 -9999 258 261 230 232 232 228 233 205 211 233 195 189 172 155 149 139 120 120 101 106 117 142 151 152 150 155 131 135 138 142 144 177 179 180 178 181 171 180 163 156 149 136 131 132 140 143 138 138 136 147 148 148 149 147 150 156 154 153 155 164
-9999 -9999 -9999 -9999 216 216 209 208 208 234 248 245 -9999 -9999 -9999 -9999 -9999 -9999 -9999 -9999 -9999 256 257 258 230 231 229 231 236 229 230 224 226 200 209 156 135 132 128 117 114 100 127 138 158 155 152 152 158 164 169 173 176 178 182 184 185 185 184 186 183 181 183 145 145 137 133 141 127 139 148 146 145 146 146 155 162 157 144 149 154 156
-9999 -9999 -9999 -9999 219 219 217 213 207 224 242 241 -9999 -9999 -9999 -9999 -9999 -9999 -9999 -9999 -9999 255 257 258 230 233 234 238 241 241 239 228 195 229 218 173 139 135 136 121 119 98 128 128 149 165 160 158 154 165 169 172 174 177 183 185 188 189 188 188 188 189 187 189 155 150 148 140 126 140 149 151 152 150 148 153 167 165 158 161 156 157
-9999 -9999 -9999 -9999 -9999 219 220 218 212 209 232 250 -9999 243 -9999 -9999 -9999 -9999 -9999 -9999 -9999 255 256 258 229 232 235 237 240 237 235 231 198 204 222 181 156 147 149 143 135 133 126 135 126 152 166 170 160 162 163 171 177 175 178 179 191 192 190 189 190 192 194 194 193 157 155 152 144 146 145 147 143 143 148 142 152 168 167 165 167 168
-9999 -9999 -9999 -9999 -9999 217 219 221 219 213 217 233 -9999 243 -9999 -9999 -9999 -9999 -9999 -9999 -9999 254 255 255 257 261 233 235 237 236 234 234 230 212 216 183 136 171 177 141 134 146 107 126 119 152 164 171 176 161 168 173 180 170 166 188 191 195 192 189 190 189 193 191 191 190 155 153 151 151 140 138 139 126 114 139 139 150 152 152 152 158
-9999 -9999 -9999 -9999 -9999 214 216 218 220 216 211 217 232 -9999 -9999 -9999 -9999 -9999 -9999 -9999 -9999 -9999 -9999 256 256 260 232 233 234 233 232 231 231 229 228 202 168 188 195 166 134 135 148 134 105 144 162 163 171 176 176 179 189 186 179 186 188 191 191 189 191 197 193 174 172 178 178 149 148 147 139 134 130 111 93 107 137 147 151 152 152 159
-9999 -9999 -9999 -9999 -9999 211 211 214 215 215 213 213 229 235 -9999 -9999 -9999 -9999 -9999 -9999 -9999 -9999 -9999 -9999 -9999 -9999 231 232 233 233 231 232 232 236 231 224 217 202 167 164 149 136 112 129 138 145 142 135 147 164 188 180 189 192 192 191 190 185 178 180 180 188 196 198 196 182 171 164 129 126 133 129 107 120 106 90 120 141 150 151 153 159
-9999 -9999 -9999 -9999 207 207 207 208 210 211 211 210 216 227 230 -9999 -9999 -9999 -9999 -9999 -9999 -9999 -9999 -9999 -9999 -9999 -9999 -9999 232 233 234 236 234 237 235 228 232 226 200 145 139 128 105 106 117 149 137 130 136 151 185 191 189 181 188 190 185 186 176 181 184 183 193 190 194 187 187 178 132 128 127 127 124 130 125 104 116 149 150 151 153 154
-9999 -9999 -9999 -9999 205 204 203 203 204 206 209 211 211 216 230 -9999 -9999 -9999 -9999 -9999 -9999 -9999 -9999 -9999 -9999 -9999 -9999 -9999 233 234 236 237 239 241 239 241 239 222 180 202 186 158 100 110 108 136 123 142 147 149 178 188 182 186 183 188 188 189 189 183 190 190 191 188 183 184 182 175 175 143 138 138 128 133 132 128 105 146 145 153 155 156
-9999 -9999 -9999 -9999 203 202 200 198 198 202 208 213 215 219 235 -9999 -9999 -9999 -9999 -9999 -9999 -9999 -9999 -9999 -9999 -9999 -9999 -9999 -9999 234 236 238 240 242 241 243 242 241 225 231 178 177 114 117 108 122 127 121 141 150 173 180 160 175 173 173 170 178 190 193 196 198 199 193 176 172 183 171 158 175 142 140 143 130 134 132 133 144 147 150 156 158
-9999 -9999 -9999 -9999 199 199 196 197 196 200 208 215 216 226 -9999 237 239 -9999 -9999 -9999 -9999 -9999 -9999 -9999 -9999 -9999 -9999 -9999 -9999 235 236 238 240 241 241 243 246 249 234 227 207 181 162 145 133 113 130 104 130 162 154 159 137 157 167 158 164 176 179 185 189 200 196 194 178 167 175 174 154 152 173 145 139 139 134 138 140 127 139 148 156 158
-9999 -9999 -9999 -9999 -9999 -9999 193 195 199 204 211 218 218 223 235 241 242 -9999 244 -9999 -9999 -9999 -9999 -9999 -9999 -9999 -9999 -9999 -9999 -9999 -9999 237 239 240 240 243 246 246 242 207 165 143 120 127 124 104 115 111 111 162 164 157 152 159 152 149 158 169 166 171 185 189 181 182 182 171 165 166 164 163 167 158 138 146 145 142 142 130 115 137 153 161
-9999 -9999 -9999 -9999 -9999 -9999 -9999 197 -9999 208 214 219 219 218 231 240 240 237 237 246 -9999 -9999 -9999 -9999 -9999 -9999 -9999 -9999 -9999 -9999 -9999 -9999 238 239 241 243 240 246 244 216 214 164 153 158 134 103 106 114 112 154 166 163 156 148 137 140 148 156 155 165 181 176 176 175 174 175 169 167 160 168 162 155 141 144 143 146 147 147 121 141 154 165
-9999 -9999 -9999 -9999 -9999 -9999 -9999 -9999 -9999 -9999 -9999 220 221 221 226 215 233 223 242 244 -9999 -9999 -9999 -9999 -9999 -9999 -9999 -9999 -9999 -9999 -9999 -9999 -9999 -9999 241 243 245 245 244 243 229 223 209 134 132 110 100 107 119 147 162 163 159 149 135 126 137 148 153 162 174 152 157 167 169 170 169 167 162 163 161 161 167 136 136 147 148 152 135 137 143 158
-9999 -9999 -9999 -9999 -9999 -9999 -9999 -9999 -9999 -9999 -9999 -9999 223 223 224 226 203 199 237 242 -9999 -9999 -9999 -9999 -9999 -9999 -9999 -9999 -9999 -9999 -9999 -9999 -9999 -9999 -9999 243 244 245 246 247 241 201 196 194 155 109 106 103 120 140 155 152 164 159 138 132 132 144 157 165 168 151 142 156 163 164 163 163 155 153 162 162 165 139 142 149 141 141 116 115 117 135
-9999 -9999 -9999 -9999 -9999 -9999 -9999 -9999 -9999 -9999 -9999 -9999 -9999 222 222 221 221 195 194 210 -9999 -9999 -9999 -9999 -9999 -9999 -9999 -9999 -9999 -9999 -9999 -9999 -9999 -9999 -9999 -9999 243 243 243 242 233 229 227 157 127 110 114 104 111 127 121 154 164 153 147 132 136 142 155 161 155 149 148 153 156 158 156 157 154 154 161 164 153 137 151 150 146 142 133 109 124 140
-9999 -9999 -9999 -9999 -9999 -9999 -9999 -9999 -9999 -9999 -9999 -9999 -9999 -9999 220 218 216 190 196 235 251 254 -9999 -9999 -9999 -9999 -9999 -9999 -9999 -9999 -9999 -9999 -9999 -9999 -9999 -9999 -9999 241 239 241 242 243 208 178 172 124 157 138 103 105 109 175 146 141 149 140 144 145 154 155 148 145 147 151 155 161 162 161 159 155 158 167 148 139 159 154 157 144 142 122 126 154
-9999 -9999 -9999 -9999 -9999 -9999 -9999 -9999 -9999 -9999 -9999 -9999 -9999 -9999 -9999 -9999 213 217 199 242 215 250 -9999 -9999 -9999 -9999 -9999 -9999 -9999 -9999 -9999 -9999 -9999 -9999 -9999 -9999 -9999 -9999 238 237 239 240 227 216 200 163 176 165 135 109 131 163 126 128 138 135 135 137 143 146 151 147 149 156 162 165 167 166 164 155 154 162 161 152 160 148 158 151 144 141 134 157
-9999 -9999 -9999 -9999 -9999 -9999 -9999 -9999 -9999 -9999 -9999 -9999 -9999 -9999 -9999 -9999 216 221 209 214 214 248 -9999 -9999 -9999 -9999 -9999 -9999 -9999 -9999 -9999 -9999 -9999 -9999 -9999 -9999 -9999 -9999 -9999 233 236 239 239 230 226 190 198 169 135 160 162 156 129 139 128 145 132 135 143 148 149 154 156 163 167 168 167 168 165 159 158 157 165 175 170 158 163 160 146 142 134 141
-9999 -9999 -9999 -9999 -9999 -9999 -9999 -9999 -9999 -9999 -9999 -9999 -9999 -9999 -9999 -9999 -9999 224 220 213 220 248 -9999 -9999 -9999 -9999 -9999 -9999 -9999 -9999 -9999 -9999 -9999 -9999 -9999 -9999 -9999 -9999 -9999 232 235 237 240 239 230 196 214 184 200 186 177 146 115 165 144 131 125 136 139 140 142 155 158 164 166 166 162 162 166 165 158 168 162 168 169 166 165 167 152 167 136 153
-9999 -9999 -9999 -9999 -9999 -9999 -9999 -9999 -9999 -9999 -9999 -9999 -9999 -9999 -9999 -9999 -9999 229 232 238 -9999 -9999 -9999 -9999 -9999 -9999 -9999 -9999 -9999 -9999 -9999 -9999 -9999 -9999 -9999 -9999 -9999 -9999 -9999 -9999 236 238 240 236 233 224 205 201 205 164 158 145 134 202 147 127 129 143 160 162 143 151 153 160 163 164 160 162 166 165 165 150 154 173 193 169 171 180 169 174 151 175
-9999 -9999 -9999 -9999 -9999 -9999 -9999 -9999 -9999 -9999 -9999 -9999 -9999 -9999 -9999 -9999 -9999 -9999 -9999 -9999 -9999 -9999 -9999 -9999 -9999 -9999 -9999 -9999 -9999 -9999 -9999 -9999 -9999 -9999 -9999 -9999 -9999 -9999 -9999 -9999 -9999 238 239 239 234 232 217 186 198 178 186 189 160 219 161 137 152 144 131 137 150 149 148 155 158 160 160 161 166 168 170 156 163 155 183 155 169 184 183 178 168 191
-9999 -9999 -9999 -9999 -9999 -9999 -9999 -9999 -9999 -9999 -9999 -9999 -9999 -9999 -9999 -9999 -9999 -9999 -9999 -9999 -9999 -9999 -9999 -9999 -9999 -9999 -9999 -9999 -9999 -9999 -9999 -9999 -9999 -9999 -9999 -9999 -9999 -9999 -9999 -9999 -9999 -9999 -9999 237 236 237 214 195 194 170 211 199 156 217 196 156 154 144 132 153 153 151 147 150 157 159 158 161 161 166 164 176 164 162 172 190 180 185 185 177 164 184
-9999 -9999 -9999 -9999 -9999 -9999 -9999 -9999 -9999 -9999 -9999 -9999 -9999 -9999 -9999 -9999 -9999 -9999 -9999 -9999 -9999 -9999 -9999 -9999 -9999 -9999 -9999 -9999 -9999 -9999 -9999 -9999 -9999 -9999 -9999 -9999 -9999 -9999 -9999 -9999 -9999 -9999 -9999 235 236 237 216 207 196 172 211 214 168 182 159 172 147 147 150 159 160 154 140 149 157 157 156 158 154 160 169 158 158 157 167 172 174 189 184 178 166 174
-9999 -9999 -9999 -9999 -9999 -9999 -9999 -9999 -9999 -9999 -9999 -9999 -9999 -9999 -9999 -9999 -9999 -9999 -9999 -9999 -9999 -9999 -9999 -9999 -9999 -9999 -9999 -9999 -9999 -9999 -9999 -9999 -9999 -9999 -9999 -9999 -9999 -9999 -9999 -9999 -9999 -9999 -9999 -9999 234 235 233 208 200 179 220 218 186 175 139 173 149 157 160 157 167 154 137 152 160 157 157 157 152 157 146 153 157 150 165 175 189 191 171 182 167 172
-9999 -9999 -9999 -9999 -9999 -9999 -9999 -9999 -9999 -9999 -9999 -9999 -9999 -9999 -9999 -9999 -9999 -9999 -9999 -9999 -9999 -9999 -9999 -9999 -9999 -9999 -9999 -9999 -9999 -9999 -9999 -9999 -9999 -9999 -9999 -9999 -9999 -9999 -9999 -9999 -9999 -9999 -9999 -9999 233 234 234 234 212 203 222 194 216 180 135 186 173 174 171 152 172 158 148 156 165 164 160 155 158 159 137 141 152 150 151 178 180 187 170 180 171 179
-9999 -9999 -9999 -9999 -9999 -9999 -9999 -9999 -9999 -9999 -9999 -9999 -9999 -9999 -9999 -9999 -9999 -9999 -9999 -9999 -9999 -9999 -9999 -9999 -9999 -9999 -9999 -9999 -9999 -9999 -9999 -9999 -9999 -9999 -9999 -9999 -9999 -9999 -9999 -9999 -9999 -9999 230 -9999 232 234 236 240 226 230 231 219 209 196 157 190 168 164 166 149 182 172 160 164 168 165 160 159 157 133 135 135 155 141 135 143 163 185 186 181 179 184
-9999 -9999 -9999 -9999 -9999 -9999 -9999 -9999 -9999 -9999 -9999 -9999 -9999 -9999 -9999 -9999 -9999 -9999 -9999 -9999 -9999 -9999 -9999 -9999 -9999 -9999 -9999 -9999 -9999 -9999 -9999 -9999 -9999 -9999 -9999 -9999 -9999 226 225 -9999 -9999 -9999 -9999 -9999 219 221 223 240 240 227 236 199 173 193 163 209 153 156 163 163 191 168 165 167 165 167 164 129 130 157 151 147 154 143 147 143 153 179 184 185 186 189
-9999 -9999 -9999 -9999 -9999 -9999 -9999 -9999 -9999 -9999 -9999 -9999 -9999 -9999 -9999 -9999 -9999 -9999 -9999 -9999 -9999 -9999 -9999 -9999 -9999 -9999 -9999 -9999 -9999 -9999 -9999 -9999 -9999 -9999 -9999 -9999 -9999 -9999 219 -9999 -9999 -9999 -9999 -9999 -9999 221 222 226 218 216 239 215 168 179 187 193 150 164 155 188 175 158 173 168 166 167 163 162 159 159 129 149 141 137 138 145 162 168 182 187 187 194
-9999 -9999 -9999 -9999 -9999 -9999 -9999 -9999 -9999 -9999 -9999 -9999 -9999 -9999 -9999 -9999 -9999 -9999 -9999 -9999 -9999 -9999 -9999 -9999 -9999 -9999 -9999 -9999 -9999 -9999 -9999 -9999 -9999 -9999 -9999 -9999 -9999 -9999 -9999 222 -9999 -9999 -9999 -9999 -9999 -9999 238 223 185 189 229 221 174 169 213 167 159 159 152 193 161 170 175 171 172 169 175 164 152 153 140 140 144 146 131 134 155 158 166 177 192 195
-9999 -9999 -9999 -9999 -9999 -9999 -9999 -9999 -9999 -9999 -9999 -9999 -9999 -9999 -9999 -9999 -9999 -9999 -9999 -9999 -9999 -9999 -9999 -9999 -9999 -9999 -9999 -9999 -9999 -9999 -9999 -9999 -9999 -9999 -9999 -9999 -9999 -9999 -9999 -9999 224 -9999 -9999 -9999 -9999 -9999 242 237 216 181 190 198 205 197 183 178 176 179 188 176 170 177 178 174 173 174 177 172 155 156 156 147 151 152 137 133 142 143 155 144 177 191
-9999 -9999 -9999 -9999 -9999 -9999 -9999 -9999 -9999 -9999 -9999 -9999 -9999 -9999 -9999 -9999 -9999 -9999 -9999 -9999 -9999 -9999 -9999 -9999 -9999 -9999 -9999 -9999 -9999 -9999 -9999 -9999 -9999 -9999 -9999 -9999 -9999 -9999 -9999 -9999 -9999 -9999 -9999 -9999 -9999 -9999 240 231 217 225 201 190 205 215 217 192 176 210 188 170 174 178 178 173 169 171 180 186 163 150 154 164 157 159 154 149 139 145 157 154 153 183
-9999 -9999 -9999 -9999 -9999 -9999 -9999 -9999 -9999 -9999 -9999 -9999 -9999 -9999 -9999 -9999 -9999 -9999 -9999 -9999 -9999 -9999 -9999 -9999 -9999 -9999 -9999 -9999 -9999 -9999 -9999 -9999 -9999 -9999 -9999 -9999 -9999 -9999 -9999 -9999 -9999 -9999 -9999 -9999 -9999 235 231 227 217 204 219 193 177 188 202 210 204 192 175 169 175 174 173 168 165 175 186 190 171 168 160 169 162 163 151 144 134 131 154 155 135 174
-9999 -9999 -9999 -9999 -9999 -9999 -9999 -9999 -9999 -9999 -9999 -9999 -9999 -9999 -9999 -9999 -9999 -9999 -9999 -9999 -9999 -9999 -9999 -9999 -9999 -9999 -9999 -9999 -9999 -9999 -9999 -9999 -9999 -9999 -9999 -9999 -9999 -9999 -9999 -9999 -9999 -9999 -9999 -9999 239 234 243 224 190 170 187 203 192 180 183 188 183 186 192 179 176 178 168 170 164 170 195 193 193 196 192 178 181 160 151 155 153 141 141 134 137 149
-9999 -9999 -9999 -9999 -9999 -9999 -9999 -9999 -9999 -9999 -9999 -9999 -9999 -9999 -9999 -9999 -9999 -9999 -9999 -9999 -9999 -9999 -9999 -9999 -9999 -9999 -9999 -9999 -9999 -9999 -9999 -9999 -9999 -9999 -9999 -9999 -9999 -9999 -9999 -9999 -9999 -9999 -9999 -9999 -9999 243 221 204 181 161 158 181 185 185 197 194 176 185 192 187 174 186 183 182 178 175 186 178 199 202 200 168 165 165 162 160 156 155 142 146 152 161
