data/studyarea/bio9.asc
NCOLS 462 
NROWS 586 
XLLCORNER -113 
YLLCORNER -53.1666666666667 
CELLSIZE 0.166666666666667 
NODATA_value -9999 
[rows 72 to 107 of 586, columns 0 to 81 of 462]
-9999 -9999 -9999 -9999 -9999 -9999 -9999 -9999 -9999 -9999 -9999 -9999 -9999 -9999 -9999 -9999 -9999 -9999 -9999 -9999 199 208 200 181 190 188 176 167 130 137 140 139 142 141 138 140 146 147 133 114 116 115 110 103 103 98 105 97 93 108 82 86 91 91 90 86 83 85 86 70 70 71 71 71 70 68 68 69 69 69 70 70 69 68 69 71 71 74 75 76 75 75
-9999 -9999 -9999 -9999 -9999 -9999 -9999 -9999 -9999 -9999 -9999 -9999 -9999 -9999 -9999 -9999 -9999 -9999 -9999 -9999 -9999 200 205 195 193 188 193 187 187 143 146 149 149 151 149 148 152 157 139 158 119 117 107 102 109 112 113 120 100 98 81 88 94 96 93 89 87 89 71 91 72 72 73 73 72 72 70 72 71 70 70 70 70 69 68 68 69 70 72 74 74 75
-9999 -9999 -9999 -9999 -9999 -9999 -9999 -9999 -9999 -9999 -9999 -9999 -9999 -9999 -9999 -9999 -9999 -9999 -9999 -9999 -9999 -9999 180 199 192 187 192 193 191 147 151 153 146 156 152 152 157 162 163 163 163 116 102 103 104 113 119 123 100 89 114 93 96 98 97 93 92 74 95 94 73 72 73 74 92 92 73 72 70 67 68 70 71 71 68 69 71 73 75 75 75 76
-9999 -9999 -9999 -9999 -9999 -9999 -9999 -9999 -9999 -9999 -9999 -9999 -9999 -9999 -9999 -9999 -9999 -9999 -9999 -9999 -9999 -9999 -9999 190 188 191 196 191 190 190 153 202 160 161 153 155 162 164 167 164 167 158 102 106 109 114 123 127 106 105 122 94 96 98 101 99 97 95 97 95 93 72 92 93 94 94 93 71 67 65 67 71 71 70 70 71 74 76 77 74 73 78
-9999 -9999 -9999 -9999 -9999 -9999 -9999 -9999 -9999 -9999 -9999 -9999 -9999 -9999 -9999 -9999 -9999 -9999 -9999 -9999 -9999 -9999 -9999 -9999 -9999 187 196 197 196 198 156 208 213 164 164 164 165 167 167 172 170 165 109 108 113 118 122 126 125 112 120 125 130 99 101 102 100 98 98 84 95 93 93 95 96 95 94 71 67 65 67 71 73 71 70 73 78 80 79 77 76 80
-9999 -9999 -9999 -9999 -9999 -9999 -9999 -9999 -9999 -9999 -9999 -9999 -9999 -9999 -9999 -9999 -9999 -9999 -9999 -9999 -9999 -9999 -9999 -9999 -9999 -9999 -9999 196 204 160 157 212 167 168 169 168 169 169 168 171 174 169 164 109 110 116 118 118 127 119 113 125 130 98 99 101 102 101 99 98 96 96 97 100 99 97 95 92 69 66 67 71 73 74 76 79 84 84 94 94 93 94
-9999 -9999 -9999 -9999 -9999 -9999 -9999 -9999 -9999 -9999 -9999 -9999 -9999 -9999 -9999 -9999 -9999 -9999 -9999 -9999 -9999 -9999 -9999 -9999 -9999 -9999 -9999 -9999 -9999 165 163 162 169 170 171 172 171 172 171 169 171 174 170 119 109 113 114 109 107 128 116 122 129 135 101 103 103 103 101 99 97 98 102 106 105 100 98 95 71 69 71 75 79 92 93 90 98 98 97 96 95 95
-9999 -9999 -9999 -9999 -9999 -9999 -9999 -9999 -9999 -9999 -9999 -9999 -9999 -9999 -9999 -9999 -9999 -9999 -9999 -9999 -9999 -9999 -9999 -9999 -9999 -9999 -9999 -9999 -9999 -9999 165 158 166 171 167 174 174 172 170 165 157 166 169 126 119 111 112 107 107 126 124 120 130 99 101 104 105 104 102 101 99 101 106 109 105 104 100 96 72 71 73 75 92 96 96 98 97 97 95 94 93 93
-9999 -9999 -9999 -9999 -9999 -9999 -9999 -9999 -9999 -9999 -9999 -9999 -9999 -9999 -9999 -9999 -9999 -9999 -9999 -9999 -9999 -9999 -9999 -9999 -9999 -9999 202 162 165 168 168 157 163 169 172 170 175 173 167 164 157 115 107 122 125 114 118 116 116 127 128 121 124 92 100 104 105 104 103 103 103 105 108 111 110 107 101 77 74 73 74 89 92 94 96 96 95 94 93 93 92 92
-9999 -9999 -9999 -9999 -9999 -9999 -9999 -9999 -9999 -9999 -9999 -9999 -9999 -9999 -9999 -9999 -9999 -9999 -9999 -9999 -9999 -9999 228 152 147 208 211 166 166 164 161 149 160 172 173 172 174 173 168 168 161 154 109 107 119 124 118 105 121 124 125 121 113 81 95 100 103 103 103 104 106 106 107 109 109 107 105 101 77 77 77 79 92 94 95 96 96 95 94 93 93 93
-9999 -9999 -9999 -9999 -9999 -9999 -9999 -9999 -9999 -9999 -9999 -9999 -9999 -9999 -9999 -9999 -9999 -9999 -9999 -9999 163 170 176 179 152 156 157 161 159 162 165 151 160 170 172 173 174 169 127 125 163 158 111 107 103 114 119 114 127 127 124 120 110 77 82 89 96 101 102 102 103 104 105 104 105 105 106 83 80 80 79 80 93 94 95 95 95 94 93 92 93 95
-9999 -9999 -9999 -9999 -9999 -9999 -9999 -9999 -9999 -9999 -9999 -9999 -9999 -9999 -9999 -9999 -9999 -9999 169 149 157 184 157 154 175 150 129 143 152 161 165 149 154 169 172 169 173 171 128 123 162 158 157 113 112 115 120 119 136 130 126 121 111 79 85 88 93 99 99 96 98 100 101 103 106 107 107 106 83 82 82 83 95 96 96 96 95 95 95 94 96 96
-9999 -9999 -9999 -9999 -9999 -9999 -9999 -9999 -9999 -9999 -9999 -9999 -9999 -9999 -9999 -9999 170 178 171 164 159 234 176 148 184 160 129 126 135 152 163 157 162 171 171 170 169 130 130 168 160 160 154 118 120 120 121 122 134 125 118 121 85 85 85 90 94 95 89 89 93 96 99 102 106 108 109 88 86 86 97 97 99 99 99 98 97 97 96 95 94 95
-9999 -9999 -9999 -9999 -9999 -9999 -9999 -9999 -9999 -9999 -9999 -9999 -9999 -9999 -9999 203 182 161 170 220 160 232 186 164 181 151 123 121 131 148 154 158 168 170 169 166 129 130 170 168 162 162 117 118 123 87 87 87 93 124 118 118 88 90 89 87 87 92 94 95 94 98 101 103 108 112 113 91 100 100 101 102 103 101 101 100 100 97 96 93 94 95
-9999 -9999 -9999 -9999 -9999 -9999 -9999 -9999 -9999 -9999 -9999 -9999 -9999 -9999 208 169 194 174 225 234 166 193 198 168 151 148 137 126 123 135 134 155 167 166 168 127 129 121 118 164 168 124 126 125 90 90 89 89 94 92 91 86 88 95 94 90 93 100 102 101 101 105 108 110 114 118 120 118 106 105 106 106 106 105 105 103 102 99 95 82 83 87
-9999 -9999 -9999 -9999 -9999 -9999 -9999 -9999 -9999 -9999 -9999 -9999 -9999 220 228 177 201 178 185 202 183 193 197 181 156 138 143 116 108 127 126 130 159 157 161 126 126 126 119 120 123 125 127 97 98 97 98 102 108 113 112 94 98 103 102 103 104 104 110 107 111 114 119 123 125 125 126 114 113 112 112 112 111 109 106 96 92 90 85 82 84 89
-9999 -9999 -9999 -9999 -9999 -9999 -9999 -9999 -9999 -9999 -9999 -9999 236 195 198 188 196 203 185 195 208 193 206 193 181 134 134 119 110 117 125 124 130 151 105 118 113 123 119 117 121 128 128 97 98 95 96 101 104 107 126 118 112 114 110 113 110 109 114 121 121 121 124 125 128 133 120 120 120 119 117 116 115 113 110 98 94 94 89 90 92 94
-9999 -9999 -9999 -9999 -9999 -9999 -9999 -9999 -9999 -9999 -9999 236 206 205 204 209 198 211 198 202 215 202 202 199 192 174 137 113 117 107 110 122 116 107 95 111 95 99 116 90 93 134 102 98 97 89 95 101 116 116 130 172 129 117 107 112 117 115 119 122 126 128 123 126 131 136 137 125 124 124 124 121 120 117 115 101 98 97 96 98 102 105
-9999 -9999 -9999 -9999 -9999 -9999 -9999 -9999 -9999 -9999 -9999 238 247 210 209 214 212 207 213 215 219 196 211 206 203 183 149 136 120 109 114 118 114 104 95 104 101 89 99 91 96 104 108 106 99 91 100 108 117 111 123 170 132 120 113 114 123 117 119 122 124 134 128 131 129 137 142 130 129 128 127 126 124 121 119 116 103 104 103 124 130 124
-9999 -9999 -9999 -9999 -9999 -9999 -9999 -9999 -9999 -9999 253 252 216 217 215 217 219 217 208 229 222 208 213 199 194 171 170 130 116 108 110 116 110 101 95 103 105 100 93 116 96 98 112 111 107 102 108 116 116 112 107 125 122 112 122 130 118 121 110 133 133 117 124 133 132 136 144 145 132 131 129 128 127 125 122 121 120 108 128 129 126 127
-9999 -9999 -9999 -9999 -9999 -9999 -9999 -9999 -9999 258 261 264 226 222 219 222 215 225 216 223 216 223 220 195 179 190 166 136 133 114 118 116 120 133 91 99 101 101 95 119 99 98 114 109 109 105 111 119 113 115 116 117 144 103 118 130 127 121 134 138 138 119 109 131 125 114 139 145 133 132 132 131 129 128 126 125 125 134 125 133 128 137
-9999 -9999 -9999 -9999 -9999 -9999 -9999 -9999 258 260 263 265 264 224 221 224 227 229 224 228 218 211 209 198 176 193 164 150 122 126 125 126 124 133 90 94 95 99 93 114 133 101 151 114 113 115 115 114 115 117 116 147 137 140 113 119 128 136 140 131 136 134 107 124 124 122 138 140 133 132 133 132 131 131 130 128 129 129 129 130 139 139
-9999 -9999 -9999 -9999 -9999 -9999 -9999 257 259 261 263 262 261 262 224 226 226 224 229 229 231 202 196 192 167 179 156 147 114 139 139 128 126 87 97 105 107 99 99 111 130 147 152 156 119 118 111 106 111 113 114 112 141 107 113 110 116 131 136 137 133 133 125 130 135 130 143 133 132 133 134 134 133 133 132 131 132 133 144 135 142 142
-9999 -9999 -9999 -9999 -9999 -9999 255 257 259 261 262 261 252 259 225 226 231 227 232 221 236 213 189 188 164 173 146 148 120 120 137 122 127 98 95 96 113 111 115 110 130 113 110 154 161 159 110 107 107 105 105 111 110 112 113 111 106 122 133 137 137 170 149 123 125 134 137 136 134 131 133 134 135 135 134 134 145 135 137 138 146 145
-9999 -9999 -9999 -9999 -9999 -9999 -9999 258 259 261 261 259 251 261 231 230 230 227 233 226 234 216 207 178 160 171 159 144 128 116 124 129 121 133 136 97 111 114 115 129 132 127 113 120 126 125 118 110 102 101 102 106 107 111 115 114 118 125 131 126 175 175 151 126 124 127 135 139 137 133 132 133 135 136 136 136 137 137 138 149 149 148
-9999 -9999 -9999 -9999 -9999 -9999 -9999 -9999 -9999 259 259 258 256 260 264 227 230 230 235 230 228 223 217 172 165 158 176 156 123 111 113 108 107 128 122 102 106 118 129 132 141 135 117 155 123 125 117 114 111 101 102 106 105 108 117 117 119 122 132 146 168 167 163 122 128 126 141 148 133 135 131 130 132 135 136 137 139 139 149 151 150 149
-9999 -9999 -9999 -9999 -9999 -9999 -9999 -9999 -9999 -9999 255 252 258 258 263 228 230 233 236 235 228 220 212 180 174 188 188 184 136 117 107 104 104 110 117 127 104 117 124 136 144 141 149 159 126 160 119 117 110 107 111 108 114 118 121 120 123 162 133 155 156 162 161 127 129 136 145 155 154 150 143 127 138 140 146 148 139 152 152 152 151 151
-9999 -9999 -9999 -9999 -9999 -9999 -9999 -9999 -9999 259 260 260 260 259 233 231 225 232 237 234 226 219 211 198 188 210 186 183 145 132 116 102 102 102 114 133 103 128 130 138 111 116 151 154 156 155 156 117 114 111 112 147 145 154 159 152 157 167 171 169 166 160 166 126 127 133 126 147 156 152 143 140 140 139 145 149 150 153 155 154 154 153
-9999 -9999 -9999 -9999 -9999 -9999 -9999 -9999 -9999 -9999 -9999 -9999 -9999 -9999 234 235 229 238 240 233 226 220 220 210 207 204 161 166 157 151 125 104 106 109 117 135 94 116 131 131 144 144 143 148 151 151 151 153 150 151 147 149 148 151 154 159 156 166 171 171 171 155 127 132 126 129 135 142 142 149 146 144 146 148 149 150 151 153 156 158 158 155
-9999 -9999 216 225 249 -9999 -9999 -9999 -9999 -9999 -9999 -9999 -9999 -9999 234 235 238 240 242 234 228 229 231 219 227 201 190 202 156 129 130 132 113 117 128 136 114 127 133 136 143 143 147 151 152 153 153 155 153 152 144 149 153 155 150 160 157 162 165 167 170 149 117 132 126 129 137 149 147 151 150 150 152 154 152 150 151 152 155 160 163 161
-9999 -9999 209 222 246 -9999 252 -9999 -9999 -9999 -9999 -9999 -9999 -9999 234 235 236 239 273 237 236 235 236 234 234 216 206 207 178 154 134 149 134 131 125 126 112 132 124 143 151 150 149 149 149 152 152 152 154 147 150 147 153 150 159 158 159 164 167 169 170 157 113 133 137 134 127 145 151 151 154 154 155 155 153 151 150 154 155 161 165 164
-9999 213 206 218 239 247 -9999 -9999 -9999 -9999 -9999 -9999 -9999 -9999 232 233 233 235 267 267 234 237 239 239 239 209 181 208 174 148 180 168 129 130 136 134 139 126 114 146 150 146 152 146 149 150 151 153 155 151 149 152 150 141 157 150 158 165 170 170 171 129 121 135 143 128 125 146 155 155 155 152 154 156 155 154 153 153 157 161 164 164
-9999 203 189 203 221 243 246 -9999 -9999 -9999 -9999 -9999 -9999 -9999 -9999 -9999 232 232 261 260 262 234 234 228 228 213 198 210 197 176 204 177 148 136 128 131 137 147 116 147 150 140 145 144 150 151 151 155 156 155 149 154 148 153 160 162 167 171 166 173 170 131 116 117 135 137 134 149 156 157 157 146 144 151 158 156 155 156 158 161 163 162
-9999 200 188 184 211 233 237 239 -9999 -9999 -9999 -9999 -9999 -9999 -9999 -9999 -9999 -9999 256 253 254 228 231 225 228 227 230 231 234 226 235 226 192 139 131 127 131 140 147 145 145 133 137 145 150 151 153 156 156 157 156 158 159 161 164 165 169 172 162 174 138 138 136 136 145 150 151 143 150 151 147 152 145 146 159 147 155 159 161 161 162 161
-9999 202 193 188 201 222 229 232 240 -9999 -9999 -9999 -9999 -9999 -9999 -9999 -9999 -9999 253 251 252 226 229 230 231 232 235 240 232 205 191 216 212 175 134 138 137 138 146 161 139 128 122 139 151 154 155 155 156 158 158 160 163 163 166 168 169 171 170 163 165 131 135 131 136 139 148 130 138 140 126 138 147 152 152 151 155 158 153 162 162 160
210 205 204 204 197 195 214 232 237 242 -9999 -9999 -9999 -9999 -9999 -9999 -9999 -9999 -9999 -9999 -9999 226 228 229 227 232 235 236 227 221 186 168 200 166 166 158 159 141 127 102 123 110 130 141 149 152 157 157 158 160 129 132 168 168 170 171 169 172 171 170 160 143 149 151 147 142 138 132 132 136 139 140 147 154 151 154 155 163 154 155 161 159
