data/studyarea/bio9.asc
NCOLS 462 
NROWS 586 
XLLCORNER -113 
YLLCORNER -53.1666666666667 
CELLSIZE 0.166666666666667 
NODATA_value -9999 
[rows 396 to 431 of 586, columns 246 to 327 of 462]
-9999 -9999 -9999 -9999 -9999 -9999 -9999 -9999 -9999 -9999 -9999 -9999 -9999 -9999 -9999 -9999 164 122 52 42 34 12 38 19 6 10 37 42 57 58 55 51 36 39 28 38 55 80 89 55 93 52 69 129 126 114 153 160 161 170 176 196 197 199 203 203 204 204 204 205 204 204 204 206 209 212 216 219 222 223 224 207 209 209 208 209 209 210 210 210 210 211
-9999 -9999 -9999 -9999 -9999 -9999 -9999 -9999 -9999 -9999 -9999 -9999 -9999 -9999 -9999 193 157 115 56 52 60 32 20 10 3 10 16 46 43 45 44 41 19 35 42 40 57 57 66 71 70 43 93 126 118 157 160 161 163 168 181 192 195 199 201 201 202 202 202 202 203 203 204 206 209 212 216 219 222 224 224 224 208 208 208 208 208 208 208 209 209 209
-9999 -9999 -9999 -9999 -9999 -9999 -9999 -9999 -9999 -9999 -9999 -9999 -9999 -9999 -9999 192 169 103 75 45 68 27 23 3 5 2 14 40 27 24 7 24 35 28 40 32 45 49 52 66 47 37 92 111 105 165 164 164 171 174 187 192 196 198 199 199 199 200 182 182 184 185 187 206 209 212 216 220 223 224 224 207 224 206 207 206 206 207 207 208 208 208
-9999 -9999 -9999 -9999 -9999 -9999 -9999 -9999 -9999 -9999 -9999 -9999 -9999 -9999 -9999 189 108 74 91 85 78 53 32 19 2 -4 12 33 19 13 16 21 30 33 27 32 40 41 45 45 26 27 80 108 138 163 171 170 176 178 186 193 195 196 198 197 198 179 180 181 182 184 186 189 192 211 198 219 222 223 223 206 206 206 205 205 220 205 205 206 207 207
-9999 -9999 -9999 -9999 -9999 -9999 -9999 -9999 -9999 -9999 -9999 -9999 -9999 -9999 -9999 184 107 78 57 73 72 63 73 36 -4 21 -3 16 13 11 18 12 23 31 15 28 36 32 38 35 13 40 77 107 156 164 164 178 174 177 188 191 193 195 196 196 177 177 178 180 181 183 185 188 190 194 197 200 219 221 221 205 205 204 204 218 204 218 204 204 205 206
-9999 -9999 -9999 -9999 -9999 -9999 -9999 -9999 -9999 -9999 -9999 -9999 -9999 -9999 184 183 112 89 84 82 79 64 63 29 -6 -3 8 8 9 1 6 14 17 27 9 34 31 35 36 28 3 30 72 121 169 168 175 179 175 184 189 191 193 194 195 175 176 176 176 178 180 182 184 187 189 192 195 198 200 218 202 203 203 202 202 202 216 216 216 216 217 204
-9999 -9999 -9999 -9999 -9999 -9999 -9999 -9999 -9999 -9999 -9999 -9999 -9999 -9999 181 122 111 96 77 77 72 70 60 33 1 -5 15 11 9 -6 11 14 -10 13 14 32 27 38 32 17 21 48 96 150 163 174 183 178 179 167 170 191 192 173 174 175 175 175 175 177 179 181 183 185 188 190 193 195 197 198 199 200 200 200 200 214 214 213 213 214 215 215
-9999 -9999 -9999 -9999 -9999 -9999 -9999 -9999 -9999 -9999 -9999 -9999 -9999 -9999 178 117 109 82 68 75 65 49 63 70 11 11 0 2 4 8 9 15 -9 3 10 28 36 39 27 16 30 70 102 154 171 179 185 178 164 170 172 172 173 173 174 174 175 175 175 176 178 180 182 185 186 188 191 192 194 195 196 197 197 198 197 212 211 211 211 211 212 213
-9999 -9999 -9999 -9999 -9999 -9999 -9999 -9999 -9999 -9999 -9999 -9999 -9999 -9999 175 117 111 93 79 67 60 75 86 78 48 4 0 15 19 10 6 19 -15 -2 2 18 41 34 25 27 16 45 102 154 169 183 180 162 169 172 173 173 174 173 174 174 175 175 175 177 178 180 181 183 185 186 188 190 191 192 193 194 194 195 210 209 209 208 208 208 209 210
-9999 -9999 -9999 -9999 -9999 -9999 -9999 -9999 -9999 -9999 -9999 -9999 -9999 -9999 177 120 107 85 64 52 56 89 93 89 63 4 3 16 23 17 19 7 12 8 16 28 43 21 22 33 18 11 73 147 170 163 166 167 172 173 174 174 173 174 174 175 175 175 176 177 179 180 181 183 184 185 186 187 188 189 190 191 192 193 207 206 206 205 205 206 207 209
-9999 -9999 -9999 -9999 -9999 -9999 -9999 -9999 -9999 -9999 -9999 -9999 -9999 -9999 174 166 100 75 69 65 82 92 95 92 63 24 2 13 26 28 25 14 18 16 25 22 41 17 28 40 32 6 78 145 148 163 169 173 174 174 173 174 173 174 175 175 175 176 177 178 179 180 181 182 182 183 184 185 185 187 188 189 190 191 191 204 203 202 201 202 205 207
-9999 -9999 -9999 -9999 -9999 -9999 -9999 -9999 -9999 -9999 -9999 -9999 -9999 -9999 172 171 159 143 80 72 91 95 95 93 61 17 22 19 16 32 28 17 17 26 28 34 41 35 10 43 26 43 98 140 151 164 169 171 171 173 173 173 174 175 175 175 176 177 178 179 179 180 180 181 181 182 182 183 183 184 185 187 188 189 190 203 202 200 199 201 204 206
-9999 -9999 -9999 -9999 -9999 -9999 -9999 -9999 -9999 -9999 -9999 -9999 -9999 -9999 178 170 165 152 93 79 92 96 96 94 60 16 16 16 20 22 9 20 11 25 29 41 41 31 15 51 27 111 111 116 150 164 167 167 165 169 172 173 174 174 175 175 176 177 178 179 179 180 180 181 181 181 181 181 181 181 183 185 186 187 189 189 201 200 199 201 203 194
-9999 -9999 -9999 -9999 -9999 -9999 -9999 -9999 -9999 -9999 -9999 -9999 -9999 -9999 178 172 159 148 93 88 90 86 94 86 66 21 -12 14 28 26 0 20 12 22 41 42 40 21 35 43 65 134 130 152 158 159 161 163 161 169 172 173 174 174 175 176 176 177 178 179 180 180 179 179 180 180 180 180 180 181 182 184 185 186 187 187 188 187 187 189 190 192
-9999 -9999 -9999 -9999 -9999 -9999 -9999 -9999 -9999 -9999 -9999 -9999 -9999 -9999 187 175 151 146 147 88 85 83 75 88 50 37 22 20 37 47 9 19 7 17 32 29 15 14 25 81 101 142 137 156 154 142 153 159 164 168 172 173 173 174 175 176 176 177 178 179 197 179 179 179 179 179 179 179 179 180 181 182 183 185 185 186 187 187 187 188 189 190
-9999 -9999 -9999 -9999 -9999 -9999 -9999 -9999 -9999 -9999 -9999 -9999 -9999 -9999 -9999 176 160 143 84 87 91 75 84 58 20 28 43 22 29 34 17 16 12 0 29 12 24 -5 35 116 125 135 157 154 141 115 136 156 165 168 171 172 173 174 175 175 176 176 177 178 178 178 178 178 177 177 178 179 178 179 180 181 182 183 184 185 185 186 186 187 188 189
-9999 -9999 -9999 -9999 -9999 -9999 -9999 -9999 -9999 -9999 -9999 -9999 -9999 -9999 -9999 169 147 125 79 88 57 77 69 7 46 30 65 36 33 21 18 -4 7 25 19 19 28 12 16 100 136 135 138 150 130 125 135 157 164 167 169 171 172 173 174 175 175 176 176 176 176 177 176 176 176 177 177 178 178 178 179 180 181 182 183 183 184 185 186 198 199 199
-9999 -9999 -9999 -9999 -9999 -9999 -9999 -9999 -9999 -9999 -9999 -9999 -9999 -9999 -9999 167 146 120 123 79 45 48 37 14 39 60 62 64 34 34 33 11 21 13 -6 5 42 21 18 90 135 127 135 145 122 106 142 158 163 165 167 169 171 172 173 173 174 174 175 175 175 175 175 175 175 176 176 177 177 177 179 179 180 181 182 182 183 184 197 197 198 198
-9999 -9999 -9999 -9999 -9999 -9999 -9999 -9999 -9999 -9999 -9999 -9999 -9999 -9999 -9999 -9999 129 120 130 89 30 16 37 24 58 61 68 62 40 53 33 25 20 -14 5 1 36 41 62 102 118 133 140 132 111 131 150 158 161 164 166 168 169 170 171 172 173 173 173 173 173 173 174 173 174 174 175 176 176 177 177 179 178 180 180 181 182 183 195 196 197 197
-9999 -9999 -9999 -9999 -9999 -9999 -9999 -9999 -9999 -9999 -9999 -9999 -9999 -9999 -9999 -9999 123 104 107 55 4 27 40 35 68 70 68 57 38 45 48 41 33 -24 29 28 46 58 93 112 115 131 125 105 129 141 151 156 159 162 165 166 167 169 169 170 171 171 172 171 172 172 171 172 173 173 175 175 176 176 176 177 178 179 179 180 180 181 194 195 196 196
-9999 -9999 -9999 -9999 -9999 -9999 -9999 -9999 -9999 -9999 -9999 -9999 -9999 -9999 -9999 -9999 -9999 90 88 48 29 23 39 42 61 69 68 56 38 42 23 39 12 -5 31 68 27 72 109 113 110 125 124 110 129 143 151 156 158 161 162 164 165 167 168 169 170 170 170 170 170 170 170 171 172 173 174 174 175 175 176 176 176 177 177 178 179 180 181 193 195 194
-9999 -9999 -9999 -9999 -9999 -9999 -9999 -9999 -9999 -9999 -9999 -9999 -9999 -9999 -9999 -9999 -9999 71 67 53 36 29 34 48 34 58 58 58 43 48 18 33 -1 36 47 72 33 64 108 117 109 128 123 127 138 146 152 155 158 159 161 162 164 165 166 167 168 169 169 169 170 169 170 170 171 172 173 173 174 174 175 175 175 176 176 177 177 178 179 180 192 193
-9999 -9999 -9999 -9999 -9999 -9999 -9999 -9999 -9999 -9999 -9999 -9999 -9999 -9999 -9999 -9999 -9999 -9999 80 56 13 13 45 47 18 34 29 48 39 38 34 27 -3 57 75 67 52 78 105 120 112 109 149 150 163 167 169 174 156 158 160 161 163 164 165 166 167 168 169 168 169 169 170 170 171 171 172 173 173 173 174 174 174 175 175 175 176 176 177 177 178 179
-9999 -9999 -9999 -9999 -9999 -9999 -9999 -9999 -9999 -9999 -9999 -9999 -9999 -9999 -9999 -9999 -9999 -9999 58 67 34 44 14 21 17 22 38 49 27 41 37 17 25 66 90 63 58 80 118 119 97 105 152 159 162 161 167 153 155 157 159 160 161 163 164 165 167 167 168 168 169 169 169 170 171 171 171 172 172 173 173 172 172 173 173 173 174 174 175 176 176 177
-9999 -9999 -9999 -9999 -9999 -9999 -9999 -9999 -9999 -9999 -9999 -9999 -9999 -9999 -9999 -9999 -9999 -9999 -9999 53 39 65 49 19 -19 29 64 15 23 19 26 22 47 72 85 84 76 83 115 98 96 107 152 157 158 155 147 152 155 156 158 159 160 162 164 165 166 166 167 168 169 169 169 169 170 170 171 171 172 172 172 171 171 171 172 172 172 172 173 174 175 176
-9999 -9999 -9999 -9999 -9999 -9999 -9999 -9999 -9999 -9999 -9999 -9999 -9999 -9999 -9999 -9999 -9999 -9999 -9999 -9999 59 47 31 48 35 71 26 21 18 5 10 20 16 58 76 95 92 92 91 102 109 123 151 156 139 141 147 151 154 155 157 158 160 162 163 164 165 166 167 167 168 168 169 169 170 170 170 171 171 171 170 170 170 170 170 170 170 170 171 172 173 174
-9999 -9999 -9999 -9999 -9999 -9999 -9999 -9999 -9999 -9999 -9999 -9999 -9999 -9999 -9999 -9999 -9999 -9999 -9999 -9999 -9999 24 36 55 66 59 34 56 27 -5 -11 13 16 60 56 68 108 97 85 109 120 129 120 152 140 142 146 149 153 155 156 157 159 160 162 163 164 165 166 168 168 168 169 169 169 170 170 170 170 169 169 169 169 168 168 168 169 169 169 170 171 173
-9999 -9999 -9999 -9999 -9999 -9999 -9999 -9999 -9999 -9999 -9999 -9999 -9999 -9999 -9999 -9999 -9999 -9999 -9999 -9999 -9999 -9999 19 43 56 28 52 66 30 6 -3 5 18 29 16 48 108 75 100 130 135 128 102 147 138 142 146 149 151 154 155 157 158 160 161 162 164 165 166 167 168 168 168 168 168 169 168 169 169 168 168 167 167 167 167 167 167 167 167 167 169 172
-9999 -9999 -9999 -9999 -9999 -9999 -9999 -9999 -9999 -9999 -9999 -9999 -9999 -9999 -9999 -9999 -9999 -9999 -9999 -9999 -9999 -9999 -9999 55 56 40 66 76 49 16 19 22 -7 3 8 38 103 70 102 132 140 117 131 133 138 143 146 148 150 153 154 156 157 159 161 162 163 164 165 167 167 168 168 168 167 168 167 167 167 167 166 166 166 166 165 165 166 166 165 166 167 171
-9999 -9999 -9999 -9999 -9999 -9999 -9999 -9999 -9999 -9999 -9999 -9999 -9999 -9999 -9999 -9999 -9999 -9999 -9999 -9999 -9999 -9999 -9999 -9999 19 42 75 83 56 2 38 42 33 0 36 57 101 54 98 127 141 134 135 152 138 142 145 148 150 152 154 155 157 159 160 161 163 164 164 166 166 166 167 166 166 166 166 166 165 165 165 164 164 164 164 165 165 165 165 166 168 170
-9999 -9999 -9999 -9999 -9999 -9999 -9999 -9999 -9999 -9999 -9999 -9999 -9999 -9999 -9999 -9999 -9999 -9999 -9999 -9999 -9999 -9999 -9999 -9999 -9999 -9999 69 75 52 -3 66 40 12 37 54 84 92 26 89 134 135 144 148 155 139 142 145 147 149 151 153 154 156 158 160 161 162 162 163 164 164 164 165 165 166 165 165 164 163 162 163 163 163 163 163 163 164 164 165 166 168 170
-9999 -9999 -9999 -9999 -9999 -9999 -9999 -9999 -9999 -9999 -9999 -9999 -9999 -9999 -9999 -9999 -9999 -9999 -9999 -9999 -9999 -9999 -9999 -9999 -9999 -9999 -9999 -9999 46 42 57 52 15 72 65 87 55 39 102 134 132 133 152 157 159 143 145 147 149 150 152 153 155 157 158 160 160 161 162 162 163 163 164 164 164 164 164 163 162 161 161 161 162 162 162 162 163 164 165 166 168 169
-9999 -9999 -9999 -9999 -9999 -9999 -9999 -9999 -9999 -9999 -9999 -9999 -9999 -9999 -9999 -9999 -9999 -9999 -9999 -9999 -9999 -9999 -9999 -9999 -9999 -9999 -9999 -9999 29 40 60 66 55 86 76 81 13 72 116 148 135 134 135 155 159 161 145 147 148 149 151 152 153 155 157 158 159 160 161 160 161 161 163 163 164 163 163 161 161 160 160 160 160 161 161 161 162 164 165 166 167 169
-9999 -9999 -9999 -9999 -9999 -9999 -9999 -9999 -9999 -9999 -9999 -9999 -9999 -9999 -9999 -9999 -9999 -9999 -9999 -9999 -9999 -9999 -9999 -9999 -9999 -9999 -9999 -9999 41 55 79 76 81 85 82 33 30 121 147 137 136 136 136 153 140 141 144 146 147 148 150 151 152 154 156 157 157 158 159 159 160 160 162 163 163 163 162 161 160 160 160 160 159 160 160 160 162 163 164 166 167 167
-9999 -9999 -9999 -9999 -9999 -9999 -9999 -9999 -9999 -9999 -9999 -9999 -9999 -9999 -9999 -9999 -9999 -9999 -9999 -9999 -9999 -9999 -9999 -9999 -9999 -9999 -9999 -9999 42 88 98 88 73 70 45 9 118 146 153 154 137 137 136 136 139 140 144 145 146 147 149 150 152 152 154 155 156 157 157 158 158 159 160 162 162 162 161 161 161 160 160 159 159 159 159 159 160 161 164 166 167 167
-9999 -9999 -9999 -9999 -9999 -9999 -9999 -9999 -9999 -9999 -9999 -9999 -9999 -9999 -9999 -9999 -9999 -9999 -9999 -9999 -9999 -9999 -9999 -9999 -9999 -9999 -9999 -9999 32 84 121 87 84 72 54 70 126 149 153 137 137 137 137 138 138 139 142 144 145 146 148 149 150 151 152 154 155 155 156 157 157 158 160 161 161 161 161 162 161 160 159 159 158 158 158 158 158 160 164 166 166 166
